,0,1
0,"### _DMFamily
Doc: Delay comparison.

    Two-alternative forced choice task in which the subject
    has to compare two stimuli separated by a delay to decide
    which one has a higher frequency.
    
Reference paper 
Missing paper name
Missing paper link

Reward structure 
abort : -0.1
correct : 1.0
fail : 0.0

Other activations: 
render.modes : []
","[configuration(episode=0, buffer=[transition(observation=array([[1., 0., 0., 0., 0., 0., 0., 0., 0., 0., 0., 0., 0., 0., 0., 0.,
        0., 0., 0., 0., 0., 0., 0., 0., 0., 0., 0., 0., 0., 0., 0., 0.,
        0., 0.]], dtype=float32), activation=array([[[21.951925  , -0.16273472, -0.09903108, -0.06986514,
         -0.08627328, -0.08463791, -0.07808341, -0.07997513,
         -0.07514796, -0.08803788, -0.13114357, -0.16107212,
         -0.12245279, -0.08242273, -0.10989129, -0.17945905,
         -0.20810315]]], dtype=float32), h_activation=array([[[ 0.65741384,  1.0077157 ,  0.8094139 ,  1.0622857 ,
          0.5178273 ,  0.82935977, -0.00975731,  0.98335665,
          0.01363628,  0.61610925]]], dtype=float32), o_activation=array([[[21.951925  , -0.16273472, -0.09903108, -0.06986514,
         -0.08627328, -0.08463791, -0.07808341, -0.07997513,
         -0.07514796, -0.08803788, -0.13114357, -0.16107212,
         -0.12245279, -0.08242273, -0.10989129, -0.17945905,
         -0.20810315]]], dtype=float32), reward=1), transition(observation=array([[1., 0., 0., 0., 0., 0., 0., 0., 0., 0., 0., 0., 0., 0., 0., 0.,
        0., 0., 0., 0., 0., 0., 0., 0., 0., 0., 0., 0., 0., 0., 0., 0.,
        0., 0.]], dtype=float32), activation=array([[[21.146324  , -0.14792708, -0.104919  , -0.07433729,
         -0.07984799, -0.09023384, -0.08298661, -0.07847466,
         -0.07545355, -0.10006521, -0.13596888, -0.15759169,
         -0.1181853 , -0.08480775, -0.10400171, -0.15609512,
         -0.1784867 ]]], dtype=float32), h_activation=array([[[ 1.211765  ,  1.7285006 ,  1.2898107 ,  1.7559597 ,
          1.0133047 ,  1.457543  , -0.00780531,  1.724515  ,
          0.25897866,  1.0671432 ]]], dtype=float32), o_activation=array([[[21.146324  , -0.14792708, -0.104919  , -0.07433729,
         -0.07984799, -0.09023384, -0.08298661, -0.07847466,
         -0.07545355, -0.10006521, -0.13596888, -0.15759169,
         -0.1181853 , -0.08480775, -0.10400171, -0.15609512,
         -0.1784867 ]]], dtype=float32), reward=1), transition(observation=array([[1., 0., 0., 0., 0., 0., 0., 0., 0., 0., 0., 0., 0., 0., 0., 0.,
        0., 0., 0., 0., 0., 0., 0., 0., 0., 0., 0., 0., 0., 0., 0., 0.,
        0., 0.]], dtype=float32), activation=array([[[20.430962  , -0.13669364, -0.10844178, -0.08017697,
         -0.07913208, -0.09574541, -0.08695398, -0.0815801 ,
         -0.079727  , -0.10858901, -0.1358045 , -0.15104309,
         -0.11423667, -0.08659025, -0.09905452, -0.14056572,
         -0.15914483]]], dtype=float32), h_activation=array([[[ 1.6570485 ,  2.2222865 ,  1.5444682 ,  2.1770654 ,
          1.4570724 ,  1.9150693 , -0.00590907,  2.2735069 ,
          0.62183607,  1.3858216 ]]], dtype=float32), o_activation=array([[[20.430962  , -0.13669364, -0.10844178, -0.08017697,
         -0.07913208, -0.09574541, -0.08695398, -0.0815801 ,
         -0.079727  , -0.10858901, -0.1358045 , -0.15104309,
         -0.11423667, -0.08659025, -0.09905452, -0.14056572,
         -0.15914483]]], dtype=float32), reward=1), transition(observation=array([[ 1.0032834 ,  0.10303354,  0.12803543,  0.16750205,  0.24840377,
         0.24344632,  0.01401091, -0.05564294,  0.11506277,  0.13355787,
         0.03026467, -0.04526713,  0.05659165,  0.14574142,  0.34449244,
         0.31866482,  0.24774116,  0.03591333,  0.06222204,  0.09607819,
         0.07583703, -0.11343185, -0.07074209, -0.12214292,  0.18044767,
         0.01804098,  0.05531643,  0.1033029 , -0.03290024, -0.11510029,
        -0.04265225, -0.01481472,  0.1501437 ,  0.        ]],
      dtype=float32), activation=array([[[28.658302  , -0.19463676, -0.16857627, -0.14346659,
         -0.15136515, -0.1522393 , -0.13411433, -0.12776522,
         -0.13848624, -0.16485317, -0.17087616, -0.17312779,
         -0.15802085, -0.15154016, -0.16152872, -0.21131314,
         -0.22523218]]], dtype=float32), h_activation=array([[[2.4163935 , 3.9221992 , 1.4635191 , 2.7904816 , 2.0384445 ,
         2.7728028 , 0.8707369 , 4.640517  , 0.08771804, 1.404422  ]]],
      dtype=float32), o_activation=array([[[28.658302  , -0.19463676, -0.16857627, -0.14346659,
         -0.15136515, -0.1522393 , -0.13411433, -0.12776522,
         -0.13848624, -0.16485317, -0.17087616, -0.17312779,
         -0.15802085, -0.15154016, -0.16152872, -0.21131314,
         -0.22523218]]], dtype=float32), reward=1), transition(observation=array([[ 1.0869598 , -0.04218087,  0.11704937,  0.27743843,  0.22986515,
         0.19294263, -0.13956775,  0.03678143, -0.0314566 , -0.13499896,
        -0.06981537,  0.02415077, -0.05014037,  0.09274825,  0.3366966 ,
         0.37995696,  0.25031587,  0.21446781,  0.01211056, -0.08468287,
         0.00604624, -0.13385889,  0.1132746 ,  0.03703048,  0.10858064,
         0.09021794,  0.03902965,  0.09755094,  0.01915736, -0.0662209 ,
        -0.1023515 , -0.04481748, -0.2505458 ,  0.        ]],
      dtype=float32), activation=array([[[27.947212  , -0.17201042, -0.16310509, -0.14796345,
         -0.12325595, -0.13844393, -0.1651143 , -0.1826709 ,
         -0.15258776, -0.16023237, -0.15724231, -0.16104493,
         -0.14878659, -0.13511379, -0.12771538, -0.17606582,
         -0.19818363]]], dtype=float32), h_activation=array([[[ 3.0297909e+00,  4.0081806e+00,  1.4344099e+00,  4.7085161e+00,
          1.7457587e+00,  3.4047086e+00,  1.5766141e+00,  7.2317457e+00,
         -8.7705404e-05,  9.0023953e-01]]], dtype=float32), o_activation=array([[[27.947212  , -0.17201042, -0.16310509, -0.14796345,
         -0.12325595, -0.13844393, -0.1651143 , -0.1826709 ,
         -0.15258776, -0.16023237, -0.15724231, -0.16104493,
         -0.14878659, -0.13511379, -0.12771538, -0.17606582,
         -0.19818363]]], dtype=float32), reward=1), transition(observation=array([[ 1.18259943e+00, -1.04878552e-01,  4.29632738e-02,
         7.21932352e-02,  1.33442372e-01,  1.95569769e-01,
         1.50059965e-02, -1.22397905e-02,  5.50073721e-02,
        -6.18362911e-02,  3.78811806e-02,  5.14807999e-02,
        -2.83298399e-02,  3.44436206e-02,  3.35272640e-01,
         4.69726354e-01,  2.97451794e-01, -2.37440273e-01,
         5.85199334e-03,  3.76545899e-02, -1.35479765e-02,
         3.35908383e-02,  1.90437585e-01,  8.53644311e-03,
         6.65334314e-02, -8.49995539e-02, -8.52341801e-02,
        -4.79985103e-02, -1.01964913e-01, -7.60113820e-04,
        -9.33830664e-02, -1.74996853e-02, -1.43714339e-01,
         0.00000000e+00]], dtype=float32), activation=array([[[32.257378  , -0.17290923, -0.14561374, -0.10918692,
         -0.09859514, -0.14635399, -0.19962122, -0.245517  ,
         -0.2270305 , -0.2443221 , -0.19232179, -0.17107923,
         -0.16666597, -0.14677002, -0.10847487, -0.14484686,
         -0.18776484]]], dtype=float32), h_activation=array([[[2.8502374 , 4.647924  , 1.3058989 , 5.892522  , 2.0980089 ,
         4.734254  , 2.472246  , 8.531864  , 1.1043931 , 0.35514092]]],
      dtype=float32), o_activation=array([[[32.257378  , -0.17290923, -0.14561374, -0.10918692,
         -0.09859514, -0.14635399, -0.19962122, -0.245517  ,
         -0.2270305 , -0.2443221 , -0.19232179, -0.17107923,
         -0.16666597, -0.14677002, -0.10847487, -0.14484686,
         -0.18776484]]], dtype=float32), reward=1), transition(observation=array([[ 0.83478   , -0.00103798, -0.05607948,  0.13865685,  0.27479225,
         0.16866806,  0.15002045,  0.14063422,  0.07264804, -0.03594619,
         0.1496969 , -0.15295546, -0.19718182,  0.08959283,  0.2812096 ,
         0.45007205,  0.2847995 , -0.16405602, -0.11566991,  0.12340347,
         0.10281849, -0.07218798,  0.1933157 , -0.10707963, -0.05713816,
         0.02924321, -0.11949999, -0.04879306, -0.01730712, -0.03953464,
         0.08708408,  0.05928068, -0.10992973,  0.        ]],
      dtype=float32), activation=array([[[22.265692  , -0.13634579, -0.12328003, -0.09723248,
         -0.07932904, -0.1305481 , -0.18913384, -0.24964418,
         -0.22628824, -0.23152313, -0.1345445 , -0.09334343,
         -0.11437135, -0.09912083, -0.03166091, -0.05100896,
         -0.12267963]]], dtype=float32), h_activation=array([[[ 1.8518705e+00,  5.1695805e+00,  2.0738518e+00,  6.7529907e+00,
          2.1939545e+00,  3.7724671e+00,  3.2232723e+00,  8.5699940e+00,
          1.5680805e+00, -6.8100030e-03]]], dtype=float32), o_activation=array([[[22.265692  , -0.13634579, -0.12328003, -0.09723248,
         -0.07932904, -0.1305481 , -0.18913384, -0.24964418,
         -0.22628824, -0.23152313, -0.1345445 , -0.09334343,
         -0.11437135, -0.09912083, -0.03166091, -0.05100896,
         -0.12267963]]], dtype=float32), reward=1), transition(observation=array([[ 0.9318469 ,  0.08453486,  0.04393413,  0.12517501,  0.3784771 ,
         0.2857828 , -0.01763922,  0.08263858, -0.16205467, -0.16104868,
         0.04999571, -0.08329587, -0.09454139,  0.03645676,  0.21369417,
         0.49670795,  0.136007  , -0.03715191,  0.3160966 ,  0.0109951 ,
        -0.19135232,  0.05998204,  0.05493845,  0.1383781 ,  0.01483492,
        -0.06535415,  0.1408834 ,  0.07120612, -0.1800716 ,  0.07475989,
        -0.0232897 ,  0.11106453, -0.03733388,  0.        ]],
      dtype=float32), activation=array([[[23.031366  , -0.14893611, -0.14316759, -0.11120783,
         -0.0864719 , -0.13770686, -0.19133237, -0.23614936,
         -0.2187875 , -0.2131775 , -0.11870719, -0.11575523,
         -0.15596391, -0.12531763, -0.03205603, -0.0380406 ,
         -0.11208661]]], dtype=float32), h_activation=array([[[ 2.0648179e+00,  5.6166058e+00,  2.1694810e+00,  7.4865746e+00,
          1.4300182e+00,  3.1381590e+00,  3.1644030e+00,  9.8456173e+00,
          1.7988142e+00, -6.1011580e-03]]], dtype=float32), o_activation=array([[[23.031366  , -0.14893611, -0.14316759, -0.11120783,
         -0.0864719 , -0.13770686, -0.19133237, -0.23614936,
         -0.2187875 , -0.2131775 , -0.11870719, -0.11575523,
         -0.15596391, -0.12531763, -0.03205603, -0.0380406 ,
         -0.11208661]]], dtype=float32), reward=1), transition(observation=array([[0., 0., 0., 0., 0., 0., 0., 0., 0., 0., 0., 0., 0., 0., 0., 0.,
        0., 0., 0., 0., 0., 0., 0., 0., 0., 0., 0., 0., 0., 0., 0., 0.,
        0., 0.]], dtype=float32), activation=array([[[-9.2759714e-02,  1.9281340e+00,  1.8346270e+00,  7.2995834e+00,
          1.2281677e+01,  5.3493495e+00, -3.0083004e-02, -1.2449579e-01,
         -1.3131586e-01, -1.3969824e-01, -2.5226720e-02, -4.1351509e-03,
         -4.4057447e-02,  7.2847939e-01,  1.2646497e+01,  1.7029205e+01,
          9.9745750e+00]]], dtype=float32), h_activation=array([[[1.45924   , 4.310732  , 1.7123737 , 5.779348  , 1.2436818 ,
         2.4604473 , 3.1107101 , 7.3399677 , 2.2430627 , 0.04364347]]],
      dtype=float32), o_activation=array([[[-9.2759714e-02,  1.9281340e+00,  1.8346270e+00,  7.2995834e+00,
          1.2281677e+01,  5.3493495e+00, -3.0083004e-02, -1.2449579e-01,
         -1.3131586e-01, -1.3969824e-01, -2.5226720e-02, -4.1351509e-03,
         -4.4057447e-02,  7.2847939e-01,  1.2646497e+01,  1.7029205e+01,
          9.9745750e+00]]], dtype=float32), reward=1), transition(observation=array([[0., 0., 0., 0., 0., 0., 0., 0., 0., 0., 0., 0., 0., 0., 0., 0.,
        0., 0., 0., 0., 0., 0., 0., 0., 0., 0., 0., 0., 0., 0., 0., 0.,
        0., 0.]], dtype=float32), activation=array([[[-8.7836891e-02,  9.5086479e-01,  1.6244967e+00,  5.8525562e+00,
          9.0567503e+00,  3.9511547e+00, -2.6937015e-02, -1.0218080e-01,
         -1.0079715e-01, -9.7510621e-02, -1.1899831e-02, -1.2451506e-03,
         -3.4456074e-02,  3.1813908e-01,  9.3899784e+00,  1.2706083e+01,
          6.9805551e+00]]], dtype=float32), h_activation=array([[[0.95183766, 3.3800325 , 1.5385869 , 4.6218753 , 0.97359705,
         1.9649377 , 2.764462  , 5.4972525 , 2.230878  , 0.11062652]]],
      dtype=float32), o_activation=array([[[-8.7836891e-02,  9.5086479e-01,  1.6244967e+00,  5.8525562e+00,
          9.0567503e+00,  3.9511547e+00, -2.6937015e-02, -1.0218080e-01,
         -1.0079715e-01, -9.7510621e-02, -1.1899831e-02, -1.2451506e-03,
         -3.4456074e-02,  3.1813908e-01,  9.3899784e+00,  1.2706083e+01,
          6.9805551e+00]]], dtype=float32), reward=1)], success=True), configuration(episode=1, buffer=[transition(observation=array([[1., 0., 0., 0., 0., 0., 0., 0., 0., 0., 0., 0., 0., 0., 0., 0.,
        0., 0., 0., 0., 0., 0., 0., 0., 0., 0., 0., 0., 0., 0., 0., 0.,
        0., 0.]], dtype=float32), activation=array([[[21.951925  , -0.16273472, -0.09903108, -0.06986514,
         -0.08627328, -0.08463791, -0.07808341, -0.07997513,
         -0.07514796, -0.08803788, -0.13114357, -0.16107212,
         -0.12245279, -0.08242273, -0.10989129, -0.17945905,
         -0.20810315]]], dtype=float32), h_activation=array([[[ 0.65741384,  1.0077157 ,  0.8094139 ,  1.0622857 ,
          0.5178273 ,  0.82935977, -0.00975731,  0.98335665,
          0.01363628,  0.61610925]]], dtype=float32), o_activation=array([[[21.951925  , -0.16273472, -0.09903108, -0.06986514,
         -0.08627328, -0.08463791, -0.07808341, -0.07997513,
         -0.07514796, -0.08803788, -0.13114357, -0.16107212,
         -0.12245279, -0.08242273, -0.10989129, -0.17945905,
         -0.20810315]]], dtype=float32), reward=1), transition(observation=array([[1., 0., 0., 0., 0., 0., 0., 0., 0., 0., 0., 0., 0., 0., 0., 0.,
        0., 0., 0., 0., 0., 0., 0., 0., 0., 0., 0., 0., 0., 0., 0., 0.,
        0., 0.]], dtype=float32), activation=array([[[21.146324  , -0.14792708, -0.104919  , -0.07433729,
         -0.07984799, -0.09023384, -0.08298661, -0.07847466,
         -0.07545355, -0.10006521, -0.13596888, -0.15759169,
         -0.1181853 , -0.08480775, -0.10400171, -0.15609512,
         -0.1784867 ]]], dtype=float32), h_activation=array([[[ 1.211765  ,  1.7285006 ,  1.2898107 ,  1.7559597 ,
          1.0133047 ,  1.457543  , -0.00780531,  1.724515  ,
          0.25897866,  1.0671432 ]]], dtype=float32), o_activation=array([[[21.146324  , -0.14792708, -0.104919  , -0.07433729,
         -0.07984799, -0.09023384, -0.08298661, -0.07847466,
         -0.07545355, -0.10006521, -0.13596888, -0.15759169,
         -0.1181853 , -0.08480775, -0.10400171, -0.15609512,
         -0.1784867 ]]], dtype=float32), reward=1), transition(observation=array([[1., 0., 0., 0., 0., 0., 0., 0., 0., 0., 0., 0., 0., 0., 0., 0.,
        0., 0., 0., 0., 0., 0., 0., 0., 0., 0., 0., 0., 0., 0., 0., 0.,
        0., 0.]], dtype=float32), activation=array([[[20.430962  , -0.13669364, -0.10844178, -0.08017697,
         -0.07913208, -0.09574541, -0.08695398, -0.0815801 ,
         -0.079727  , -0.10858901, -0.1358045 , -0.15104309,
         -0.11423667, -0.08659025, -0.09905452, -0.14056572,
         -0.15914483]]], dtype=float32), h_activation=array([[[ 1.6570485 ,  2.2222865 ,  1.5444682 ,  2.1770654 ,
          1.4570724 ,  1.9150693 , -0.00590907,  2.2735069 ,
          0.62183607,  1.3858216 ]]], dtype=float32), o_activation=array([[[20.430962  , -0.13669364, -0.10844178, -0.08017697,
         -0.07913208, -0.09574541, -0.08695398, -0.0815801 ,
         -0.079727  , -0.10858901, -0.1358045 , -0.15104309,
         -0.11423667, -0.08659025, -0.09905452, -0.14056572,
         -0.15914483]]], dtype=float32), reward=1), transition(observation=array([[ 1.0089052 ,  0.07271688,  0.0943414 ,  0.19515498,  0.00323151,
         0.09306291,  0.02580846,  0.14091398,  0.45277074,  0.6611531 ,
         0.53658926,  0.3382987 ,  0.01332374, -0.05901591, -0.07275285,
         0.13514799,  0.06774594,  0.18502805,  0.02293975, -0.143098  ,
        -0.20886154, -0.03090348, -0.04821967,  0.01787008, -0.10282453,
        -0.19854437, -0.10476604,  0.03830305, -0.1991464 , -0.10038535,
        -0.0074179 ,  0.06923822,  0.04021112,  0.        ]],
      dtype=float32), activation=array([[[32.581387  , -0.16904384, -0.15308397, -0.12824988,
         -0.14057033, -0.13958271, -0.13315107, -0.15073328,
         -0.19629182, -0.24583676, -0.2603924 , -0.2411421 ,
         -0.17546833, -0.1252131 , -0.12704729, -0.16483302,
         -0.19186044]]], dtype=float32), h_activation=array([[[ 1.6459792 ,  3.6277232 , -0.00476052,  3.3213654 ,
          3.8045158 ,  3.0893607 ,  0.8774925 ,  0.18740872,
          2.574462  ,  3.4155116 ]]], dtype=float32), o_activation=array([[[32.581387  , -0.16904384, -0.15308397, -0.12824988,
         -0.14057033, -0.13958271, -0.13315107, -0.15073328,
         -0.19629182, -0.24583676, -0.2603924 , -0.2411421 ,
         -0.17546833, -0.1252131 , -0.12704729, -0.16483302,
         -0.19186044]]], dtype=float32), reward=1), transition(observation=array([[ 1.0929549 ,  0.1002842 , -0.08521152, -0.11959105,  0.18538639,
         0.03380593,  0.09202568,  0.10109887,  0.46783635,  0.72288203,
         0.5264096 ,  0.12086178, -0.12020874,  0.10506909,  0.17252329,
         0.2307258 ,  0.1057336 ,  0.09752179,  0.07521347,  0.18395755,
        -0.04713054, -0.05395401, -0.01350355, -0.11763961,  0.14329891,
        -0.1674552 ,  0.03786587, -0.06513132, -0.09463891, -0.00589768,
         0.03294694, -0.06001653,  0.04939257,  0.        ]],
      dtype=float32), activation=array([[[32.49565   , -0.16431381, -0.16321045, -0.15585314,
         -0.18644677, -0.2127897 , -0.20324782, -0.15276809,
         -0.14408447, -0.14570135, -0.17226608, -0.19871606,
         -0.1904742 , -0.20058554, -0.1860454 , -0.20285733,
         -0.20711575]]], dtype=float32), h_activation=array([[[ 0.9077408 ,  6.215453  , -0.00790951,  3.5191188 ,
          6.4310226 ,  4.137682  ,  1.4920619 , -0.01034082,
          2.9924698 ,  3.5856905 ]]], dtype=float32), o_activation=array([[[32.49565   , -0.16431381, -0.16321045, -0.15585314,
         -0.18644677, -0.2127897 , -0.20324782, -0.15276809,
         -0.14408447, -0.14570135, -0.17226608, -0.19871606,
         -0.1904742 , -0.20058554, -0.1860454 , -0.20285733,
         -0.20711575]]], dtype=float32), reward=1), transition(observation=array([[ 9.51467693e-01,  1.75890535e-01,  4.84210327e-02,
         1.88200504e-01,  6.20698072e-02,  1.34273857e-01,
        -3.38933356e-02,  9.63899679e-03,  3.52366954e-01,
         8.33411634e-01,  3.22253227e-01,  1.15564065e-02,
         1.10445179e-01,  1.35074049e-01, -4.04663235e-02,
        -5.60792424e-02,  2.03120103e-03, -3.35345604e-02,
        -9.46326628e-02, -8.74030776e-03, -1.84331208e-01,
        -2.26034652e-02, -1.07322805e-01, -7.95827359e-02,
        -1.18572693e-02,  5.24374731e-02, -1.61134434e-04,
        -1.68835279e-02,  9.12011936e-02,  5.79130724e-02,
         8.21152553e-02,  1.02921896e-01, -5.58503158e-02,
         0.00000000e+00]], dtype=float32), activation=array([[[24.740215  , -0.13883625, -0.19094536, -0.21665828,
         -0.20341693, -0.22104824, -0.2027298 , -0.12396622,
         -0.07648382, -0.03672428, -0.09712385, -0.18006927,
         -0.18782881, -0.16255088, -0.12144057, -0.13411804,
         -0.14821067]]], dtype=float32), h_activation=array([[[ 1.3748603 ,  6.878466  , -0.01254054,  1.8773689 ,
          7.5120125 ,  3.71836   ,  2.5803573 , -0.01634026,
          2.4092975 ,  4.5251455 ]]], dtype=float32), o_activation=array([[[24.740215  , -0.13883625, -0.19094536, -0.21665828,
         -0.20341693, -0.22104824, -0.2027298 , -0.12396622,
         -0.07648382, -0.03672428, -0.09712385, -0.18006927,
         -0.18782881, -0.16255088, -0.12144057, -0.13411804,
         -0.14821067]]], dtype=float32), reward=1), transition(observation=array([[ 0.88751125, -0.09187506,  0.0749083 ,  0.05371846,  0.07089046,
         0.00926095, -0.11858916,  0.14693618,  0.41441977,  0.5635032 ,
         0.34170446,  0.05105218,  0.07939944, -0.07285651, -0.04643785,
        -0.15179618, -0.02968139, -0.13888817, -0.11783619, -0.09094383,
         0.2091752 , -0.11810342,  0.10553078,  0.07744151, -0.07710701,
         0.09957554,  0.1344282 , -0.03117568,  0.01835927, -0.12027771,
         0.22881715, -0.20521046, -0.04822586,  0.        ]],
      dtype=float32), activation=array([[[20.815847  , -0.06219526, -0.13329372, -0.1915383 ,
         -0.18151632, -0.21594791, -0.23335232, -0.15385507,
         -0.04948861,  2.4156594 , -0.06456126, -0.16763987,
         -0.14846864, -0.11439075, -0.09220002, -0.10922454,
         -0.10277324]]], dtype=float32), h_activation=array([[[ 0.7975656 ,  6.326517  , -0.01636397,  1.7726537 ,
          7.468553  ,  3.6957574 ,  2.4286537 , -0.02267185,
          2.1991603 ,  5.005297  ]]], dtype=float32), o_activation=array([[[20.815847  , -0.06219526, -0.13329372, -0.1915383 ,
         -0.18151632, -0.21594791, -0.23335232, -0.15385507,
         -0.04948861,  2.4156594 , -0.06456126, -0.16763987,
         -0.14846864, -0.11439075, -0.09220002, -0.10922454,
         -0.10277324]]], dtype=float32), reward=1), transition(observation=array([[ 1.1758962 ,  0.09663222,  0.2182593 , -0.03698719,  0.02640489,
        -0.07964934,  0.04482752, -0.0030631 ,  0.31491435,  0.47291702,
         0.3442483 ,  0.07445703,  0.03732973,  0.05249988,  0.06782962,
        -0.02988712, -0.09656287, -0.00924996,  0.03483233, -0.05347718,
        -0.14044467,  0.03905391,  0.15695192,  0.2506475 , -0.01453854,
        -0.09801004,  0.04844943, -0.12220284,  0.14600243, -0.02920471,
        -0.01453677, -0.03703381, -0.10064231,  0.        ]],
      dtype=float32), activation=array([[[ 2.96198578e+01, -1.19725384e-01, -1.69275656e-01,
         -2.28934243e-01, -2.30314270e-01, -2.59179503e-01,
         -2.60239393e-01, -1.68074429e-01, -6.73007593e-02,
         -9.70623363e-03, -1.00959525e-01, -2.06656814e-01,
         -2.00759038e-01, -1.77778125e-01, -1.42331257e-01,
         -1.70088261e-01, -1.70795605e-01]]], dtype=float32), h_activation=array([[[ 6.9915056e-01,  5.8999133e+00, -1.0879252e-02,  1.2212250e+00,
          8.4126215e+00,  3.5970082e+00,  2.1559131e+00, -5.9001874e-03,
          2.6321549e+00,  5.5927658e+00]]], dtype=float32), o_activation=array([[[ 2.96198578e+01, -1.19725384e-01, -1.69275656e-01,
         -2.28934243e-01, -2.30314270e-01, -2.59179503e-01,
         -2.60239393e-01, -1.68074429e-01, -6.73007593e-02,
         -9.70623363e-03, -1.00959525e-01, -2.06656814e-01,
         -2.00759038e-01, -1.77778125e-01, -1.42331257e-01,
         -1.70088261e-01, -1.70795605e-01]]], dtype=float32), reward=1), transition(observation=array([[0., 0., 0., 0., 0., 0., 0., 0., 0., 0., 0., 0., 0., 0., 0., 0.,
        0., 0., 0., 0., 0., 0., 0., 0., 0., 0., 0., 0., 0., 0., 0., 0.,
        0., 0.]], dtype=float32), activation=array([[[-1.05889358e-01,  5.69566154e+00,  3.91434669e-01,
         -8.35085213e-02, -1.03676870e-01, -1.42228529e-01,
         -1.11127228e-01,  8.04683685e-01,  1.30578375e+01,
          1.95439930e+01,  1.07135525e+01, -5.48129063e-03,
         -2.64228005e-02, -1.35740563e-02,  2.28702211e+00,
          1.85766697e-01,  9.16377544e-01]]], dtype=float32), h_activation=array([[[ 3.2641536e-01,  4.4235501e+00, -7.7646435e-04,  9.7929573e-01,
          6.3297296e+00,  2.8861921e+00,  2.1189833e+00,  2.2847602e-01,
          2.4991338e+00,  4.2642632e+00]]], dtype=float32), o_activation=array([[[-1.05889358e-01,  5.69566154e+00,  3.91434669e-01,
         -8.35085213e-02, -1.03676870e-01, -1.42228529e-01,
         -1.11127228e-01,  8.04683685e-01,  1.30578375e+01,
          1.95439930e+01,  1.07135525e+01, -5.48129063e-03,
         -2.64228005e-02, -1.35740563e-02,  2.28702211e+00,
          1.85766697e-01,  9.16377544e-01]]], dtype=float32), reward=1), transition(observation=array([[0., 0., 0., 0., 0., 0., 0., 0., 0., 0., 0., 0., 0., 0., 0., 0.,
        0., 0., 0., 0., 0., 0., 0., 0., 0., 0., 0., 0., 0., 0., 0., 0.,
        0., 0.]], dtype=float32), activation=array([[[-9.72806513e-02,  3.66814756e+00,  8.82740617e-01,
         -5.73440269e-02, -7.78082609e-02, -1.03237055e-01,
         -8.22369680e-02,  9.04064178e-02,  9.77152538e+00,
          1.45651903e+01,  7.74675703e+00, -6.53799530e-03,
         -2.20765006e-02, -1.01995897e-02,  2.18501997e+00,
          2.29154587e-01, -2.75452598e-03]]], dtype=float32), h_activation=array([[[0.0468385 , 3.4048388 , 0.11307207, 0.93710405, 4.6991386 ,
         2.3560011 , 1.8543591 , 0.38687906, 2.1864123 , 3.2967951 ]]],
      dtype=float32), o_activation=array([[[-9.72806513e-02,  3.66814756e+00,  8.82740617e-01,
         -5.73440269e-02, -7.78082609e-02, -1.03237055e-01,
         -8.22369680e-02,  9.04064178e-02,  9.77152538e+00,
          1.45651903e+01,  7.74675703e+00, -6.53799530e-03,
         -2.20765006e-02, -1.01995897e-02,  2.18501997e+00,
          2.29154587e-01, -2.75452598e-03]]], dtype=float32), reward=1)], success=True), configuration(episode=2, buffer=[transition(observation=array([[1., 0., 0., 0., 0., 0., 0., 0., 0., 0., 0., 0., 0., 0., 0., 0.,
        0., 0., 0., 0., 0., 0., 0., 0., 0., 0., 0., 0., 0., 0., 0., 0.,
        0., 0.]], dtype=float32), activation=array([[[21.951925  , -0.16273472, -0.09903108, -0.06986514,
         -0.08627328, -0.08463791, -0.07808341, -0.07997513,
         -0.07514796, -0.08803788, -0.13114357, -0.16107212,
         -0.12245279, -0.08242273, -0.10989129, -0.17945905,
         -0.20810315]]], dtype=float32), h_activation=array([[[ 0.65741384,  1.0077157 ,  0.8094139 ,  1.0622857 ,
          0.5178273 ,  0.82935977, -0.00975731,  0.98335665,
          0.01363628,  0.61610925]]], dtype=float32), o_activation=array([[[21.951925  , -0.16273472, -0.09903108, -0.06986514,
         -0.08627328, -0.08463791, -0.07808341, -0.07997513,
         -0.07514796, -0.08803788, -0.13114357, -0.16107212,
         -0.12245279, -0.08242273, -0.10989129, -0.17945905,
         -0.20810315]]], dtype=float32), reward=1), transition(observation=array([[1., 0., 0., 0., 0., 0., 0., 0., 0., 0., 0., 0., 0., 0., 0., 0.,
        0., 0., 0., 0., 0., 0., 0., 0., 0., 0., 0., 0., 0., 0., 0., 0.,
        0., 0.]], dtype=float32), activation=array([[[21.146324  , -0.14792708, -0.104919  , -0.07433729,
         -0.07984799, -0.09023384, -0.08298661, -0.07847466,
         -0.07545355, -0.10006521, -0.13596888, -0.15759169,
         -0.1181853 , -0.08480775, -0.10400171, -0.15609512,
         -0.1784867 ]]], dtype=float32), h_activation=array([[[ 1.211765  ,  1.7285006 ,  1.2898107 ,  1.7559597 ,
          1.0133047 ,  1.457543  , -0.00780531,  1.724515  ,
          0.25897866,  1.0671432 ]]], dtype=float32), o_activation=array([[[21.146324  , -0.14792708, -0.104919  , -0.07433729,
         -0.07984799, -0.09023384, -0.08298661, -0.07847466,
         -0.07545355, -0.10006521, -0.13596888, -0.15759169,
         -0.1181853 , -0.08480775, -0.10400171, -0.15609512,
         -0.1784867 ]]], dtype=float32), reward=1), transition(observation=array([[1., 0., 0., 0., 0., 0., 0., 0., 0., 0., 0., 0., 0., 0., 0., 0.,
        0., 0., 0., 0., 0., 0., 0., 0., 0., 0., 0., 0., 0., 0., 0., 0.,
        0., 0.]], dtype=float32), activation=array([[[20.430962  , -0.13669364, -0.10844178, -0.08017697,
         -0.07913208, -0.09574541, -0.08695398, -0.0815801 ,
         -0.079727  , -0.10858901, -0.1358045 , -0.15104309,
         -0.11423667, -0.08659025, -0.09905452, -0.14056572,
         -0.15914483]]], dtype=float32), h_activation=array([[[ 1.6570485 ,  2.2222865 ,  1.5444682 ,  2.1770654 ,
          1.4570724 ,  1.9150693 , -0.00590907,  2.2735069 ,
          0.62183607,  1.3858216 ]]], dtype=float32), o_activation=array([[[20.430962  , -0.13669364, -0.10844178, -0.08017697,
         -0.07913208, -0.09574541, -0.08695398, -0.0815801 ,
         -0.079727  , -0.10858901, -0.1358045 , -0.15104309,
         -0.11423667, -0.08659025, -0.09905452, -0.14056572,
         -0.15914483]]], dtype=float32), reward=1), transition(observation=array([[ 9.9212623e-01,  2.2002405e-01,  6.0592139e-01,  2.8911626e-01,
         1.4594086e-02, -3.7598707e-02, -1.1331798e-01,  1.6362873e-01,
        -2.4921400e-04, -6.9872640e-02,  7.6789930e-02,  1.8974154e-01,
        -6.2907368e-02,  1.8121099e-01, -2.0540652e-01,  6.3557990e-02,
         3.0572869e-02, -7.4002976e-03, -9.8649636e-02, -5.9472252e-02,
        -3.1481184e-02, -3.4694053e-02,  4.1144352e-02,  2.3263909e-01,
        -6.3405313e-02, -1.5440996e-02, -1.7492887e-01, -2.5195792e-01,
         1.3911624e-01, -1.3293464e-01, -7.4559644e-02,  2.1260849e-03,
         9.1091752e-02,  0.0000000e+00]], dtype=float32), activation=array([[[24.778309  , -0.20147651, -0.18318377, -0.14865558,
         -0.11457552, -0.1150349 , -0.10337032, -0.11243759,
         -0.12155987, -0.13615404, -0.15339442, -0.16406538,
         -0.13870613, -0.10771146, -0.1070958 , -0.1482773 ,
         -0.18964365]]], dtype=float32), h_activation=array([[[ 3.1410766e+00,  8.4546965e-01,  1.7827480e+00,  3.1394510e+00,
          2.2139156e+00,  8.2354105e-01, -1.5118747e-03,  3.8412941e+00,
          1.4411631e+00,  4.1490254e+00]]], dtype=float32), o_activation=array([[[24.778309  , -0.20147651, -0.18318377, -0.14865558,
         -0.11457552, -0.1150349 , -0.10337032, -0.11243759,
         -0.12155987, -0.13615404, -0.15339442, -0.16406538,
         -0.13870613, -0.10771146, -0.1070958 , -0.1482773 ,
         -0.18964365]]], dtype=float32), reward=1), transition(observation=array([[ 1.0315276 ,  0.5845049 ,  0.63775074,  0.21510579,  0.10427521,
         0.0387208 ,  0.00567056,  0.11073852,  0.02870163,  0.1929399 ,
        -0.05967546, -0.13929589,  0.02794392, -0.18222068,  0.04292181,
         0.04798628,  0.00434912, -0.05598201, -0.06005204,  0.16148733,
         0.03949532, -0.12038135, -0.12474725, -0.00775462, -0.00133398,
        -0.07683232,  0.0291234 , -0.0197331 ,  0.10768297,  0.04374103,
        -0.00931979,  0.01356314, -0.08827088,  0.        ]],
      dtype=float32), activation=array([[[27.165894  , -0.20618804, -0.13665296, -0.10552736,
         -0.13961706, -0.17853886, -0.14158244, -0.14416656,
         -0.18398704, -0.19350396, -0.14453499, -0.12803534,
         -0.12686306, -0.13793992, -0.12174573, -0.16956085,
         -0.22069314]]], dtype=float32), h_activation=array([[[ 3.2544942e+00,  1.5364581e+00,  1.8136625e+00,  1.7766292e+00,
          2.9151998e+00, -6.8878066e-03,  6.6927320e-01,  5.3716335e+00,
          1.5662779e+00,  7.1912031e+00]]], dtype=float32), o_activation=array([[[27.165894  , -0.20618804, -0.13665296, -0.10552736,
         -0.13961706, -0.17853886, -0.14158244, -0.14416656,
         -0.18398704, -0.19350396, -0.14453499, -0.12803534,
         -0.12686306, -0.13793992, -0.12174573, -0.16956085,
         -0.22069314]]], dtype=float32), reward=1), transition(observation=array([[ 1.0884744e+00,  4.3620455e-01,  6.1430115e-01,  4.0971208e-01,
         3.6711108e-02,  2.7549422e-01,  4.2424373e-02,  1.9588606e-01,
         1.2378523e-01, -6.0346588e-02,  2.1654752e-03, -3.2045163e-02,
         2.4951901e-02,  2.5633285e-02,  7.6982565e-02,  8.5589513e-02,
         4.8073642e-02, -5.2489165e-02, -5.8980867e-02, -8.6253107e-02,
        -1.7428729e-01,  6.0367145e-02, -7.9613449e-03, -2.1127269e-02,
        -1.6577348e-01, -1.5010402e-01, -2.5154394e-01, -1.0296104e-02,
         6.6922903e-02,  5.9430916e-02, -7.8107337e-03, -1.0787395e-01,
        -8.9816295e-04,  0.0000000e+00]], dtype=float32), activation=array([[[31.05791   , -0.15912011, -0.08708195, -0.11676837,
         -0.18388581, -0.2155568 , -0.1971679 , -0.2067909 ,
         -0.20360397, -0.21643792, -0.17844261, -0.15506692,
         -0.16502127, -0.19981997, -0.15332744, -0.18962255,
         -0.22698364]]], dtype=float32), h_activation=array([[[ 3.3265734 ,  1.0398643 ,  1.877769  ,  1.2340276 ,
          2.8144977 , -0.01355387,  0.81465584,  6.887582  ,
          2.0062168 ,  8.596493  ]]], dtype=float32), o_activation=array([[[31.05791   , -0.15912011, -0.08708195, -0.11676837,
         -0.18388581, -0.2155568 , -0.1971679 , -0.2067909 ,
         -0.20360397, -0.21643792, -0.17844261, -0.15506692,
         -0.16502127, -0.19981997, -0.15332744, -0.18962255,
         -0.22698364]]], dtype=float32), reward=1), transition(observation=array([[ 1.0002359 ,  0.46845937,  0.7325873 ,  0.37130874,  0.0869111 ,
         0.09639516,  0.13327934,  0.1269323 , -0.12952141, -0.04702973,
         0.08547099,  0.0150311 ,  0.09531829, -0.03452175,  0.00824712,
         0.08663996,  0.15756236,  0.03916829,  0.10888585,  0.13353117,
         0.1390346 , -0.16516796, -0.04863186, -0.03285685, -0.0364615 ,
        -0.16376144,  0.13011204, -0.10013051,  0.00994993, -0.2404226 ,
        -0.05070738, -0.02580494, -0.09358689,  0.        ]],
      dtype=float32), activation=array([[[27.832825  , -0.13844298, -0.04952991, -0.1065899 ,
         -0.19150034, -0.20294441, -0.18135068, -0.2128899 ,
         -0.21205972, -0.24809083, -0.19950669, -0.14558639,
         -0.16093856, -0.2121488 , -0.13574514, -0.16749553,
         -0.22408985]]], dtype=float32), h_activation=array([[[ 4.1793466 ,  0.50392216,  2.3361247 ,  1.1359885 ,
          3.140536  , -0.01828785,  1.699481  ,  8.458624  ,
          3.4473145 ,  9.58563   ]]], dtype=float32), o_activation=array([[[27.832825  , -0.13844298, -0.04952991, -0.1065899 ,
         -0.19150034, -0.20294441, -0.18135068, -0.2128899 ,
         -0.21205972, -0.24809083, -0.19950669, -0.14558639,
         -0.16093856, -0.2121488 , -0.13574514, -0.16749553,
         -0.22408985]]], dtype=float32), reward=1), transition(observation=array([[ 1.073541  ,  0.63593256,  0.5684424 ,  0.3114114 ,  0.26556146,
         0.0829799 ,  0.05595108,  0.01604675,  0.16060543,  0.04080415,
         0.15685104, -0.0870469 , -0.01735559, -0.03079109, -0.02146306,
         0.11305096,  0.17301688, -0.06404189, -0.00923233, -0.0230813 ,
         0.08891223, -0.01762461, -0.11179619, -0.03453083, -0.00477771,
         0.09172205,  0.12758268,  0.1290768 ,  0.03641086, -0.05179343,
         0.05812863, -0.01909246, -0.06252535,  0.        ]],
      dtype=float32), activation=array([[[ 3.0448200e+01, -1.2249716e-01, -2.5971774e-02, -1.0793528e-01,
         -2.2387987e-01, -2.2683342e-01, -2.0499229e-01, -2.7683857e-01,
         -2.9252547e-01, -3.2372874e-01, -2.2100961e-01, -1.2670076e-01,
         -1.4845440e-01, -2.2765559e-01, -1.4147078e-01, -1.6951524e-01,
         -2.3142001e-01]]], dtype=float32), h_activation=array([[[ 4.657625  ,  1.6380992 ,  2.5331838 ,  0.6934857 ,
          3.713785  , -0.01767065,  2.846162  ,  8.821653  ,
          3.5540035 , 10.768826  ]]], dtype=float32), o_activation=array([[[ 3.0448200e+01, -1.2249716e-01, -2.5971774e-02, -1.0793528e-01,
         -2.2387987e-01, -2.2683342e-01, -2.0499229e-01, -2.7683857e-01,
         -2.9252547e-01, -3.2372874e-01, -2.2100961e-01, -1.2670076e-01,
         -1.4845440e-01, -2.2765559e-01, -1.4147078e-01, -1.6951524e-01,
         -2.3142001e-01]]], dtype=float32), reward=1), transition(observation=array([[0., 0., 0., 0., 0., 0., 0., 0., 0., 0., 0., 0., 0., 0., 0., 0.,
        0., 0., 0., 0., 0., 0., 0., 0., 0., 0., 0., 0., 0., 0., 0., 0.,
        0., 0.]], dtype=float32), activation=array([[[-9.2610583e-02,  1.6584038e+01,  2.2220772e+01,  1.0861193e+01,
         -1.9392895e-02, -6.2366851e-02, -8.2150154e-02, -1.4831477e-01,
         -1.0673759e-01, -1.4340490e-01, -6.7828976e-02,  2.3276920e+00,
          1.1028290e+00, -8.4040411e-02,  2.2480667e-01,  4.1884351e+00,
          5.0392032e+00]]], dtype=float32), h_activation=array([[[ 3.2571666e+00,  1.3814633e+00,  1.8386872e+00,  8.0804110e-02,
          3.1191220e+00, -4.8580495e-04,  3.2948625e+00,  6.5884485e+00,
          3.5272448e+00,  7.8118625e+00]]], dtype=float32), o_activation=array([[[-9.2610583e-02,  1.6584038e+01,  2.2220772e+01,  1.0861193e+01,
         -1.9392895e-02, -6.2366851e-02, -8.2150154e-02, -1.4831477e-01,
         -1.0673759e-01, -1.4340490e-01, -6.7828976e-02,  2.3276920e+00,
          1.1028290e+00, -8.4040411e-02,  2.2480667e-01,  4.1884351e+00,
          5.0392032e+00]]], dtype=float32), reward=1), transition(observation=array([[0., 0., 0., 0., 0., 0., 0., 0., 0., 0., 0., 0., 0., 0., 0., 0.,
        0., 0., 0., 0., 0., 0., 0., 0., 0., 0., 0., 0., 0., 0., 0., 0.,
        0., 0.]], dtype=float32), activation=array([[[-0.08170366, 12.27407   , 17.07      ,  7.8252907 ,
         -0.02279007, -0.04922238, -0.07772372, -0.140502  ,
         -0.09131279, -0.09559506, -0.04155925,  1.6868505 ,
          0.8190146 , -0.05607438,  0.6763991 ,  2.7850838 ,
          2.9213777 ]]], dtype=float32), h_activation=array([[[ 2.1163061e+00,  1.2115641e+00,  1.5729845e+00, -8.9039322e-04,
          2.4472988e+00, -2.7255327e-04,  3.2049150e+00,  4.9117527e+00,
          3.0840805e+00,  5.6690850e+00]]], dtype=float32), o_activation=array([[[-0.08170366, 12.27407   , 17.07      ,  7.8252907 ,
         -0.02279007, -0.04922238, -0.07772372, -0.140502  ,
         -0.09131279, -0.09559506, -0.04155925,  1.6868505 ,
          0.8190146 , -0.05607438,  0.6763991 ,  2.7850838 ,
          2.9213777 ]]], dtype=float32), reward=1)], success=True), configuration(episode=3, buffer=[transition(observation=array([[1., 0., 0., 0., 0., 0., 0., 0., 0., 0., 0., 0., 0., 0., 0., 0.,
        0., 0., 0., 0., 0., 0., 0., 0., 0., 0., 0., 0., 0., 0., 0., 0.,
        0., 0.]], dtype=float32), activation=array([[[21.951925  , -0.16273472, -0.09903108, -0.06986514,
         -0.08627328, -0.08463791, -0.07808341, -0.07997513,
         -0.07514796, -0.08803788, -0.13114357, -0.16107212,
         -0.12245279, -0.08242273, -0.10989129, -0.17945905,
         -0.20810315]]], dtype=float32), h_activation=array([[[ 0.65741384,  1.0077157 ,  0.8094139 ,  1.0622857 ,
          0.5178273 ,  0.82935977, -0.00975731,  0.98335665,
          0.01363628,  0.61610925]]], dtype=float32), o_activation=array([[[21.951925  , -0.16273472, -0.09903108, -0.06986514,
         -0.08627328, -0.08463791, -0.07808341, -0.07997513,
         -0.07514796, -0.08803788, -0.13114357, -0.16107212,
         -0.12245279, -0.08242273, -0.10989129, -0.17945905,
         -0.20810315]]], dtype=float32), reward=1), transition(observation=array([[1., 0., 0., 0., 0., 0., 0., 0., 0., 0., 0., 0., 0., 0., 0., 0.,
        0., 0., 0., 0., 0., 0., 0., 0., 0., 0., 0., 0., 0., 0., 0., 0.,
        0., 0.]], dtype=float32), activation=array([[[21.146324  , -0.14792708, -0.104919  , -0.07433729,
         -0.07984799, -0.09023384, -0.08298661, -0.07847466,
         -0.07545355, -0.10006521, -0.13596888, -0.15759169,
         -0.1181853 , -0.08480775, -0.10400171, -0.15609512,
         -0.1784867 ]]], dtype=float32), h_activation=array([[[ 1.211765  ,  1.7285006 ,  1.2898107 ,  1.7559597 ,
          1.0133047 ,  1.457543  , -0.00780531,  1.724515  ,
          0.25897866,  1.0671432 ]]], dtype=float32), o_activation=array([[[21.146324  , -0.14792708, -0.104919  , -0.07433729,
         -0.07984799, -0.09023384, -0.08298661, -0.07847466,
         -0.07545355, -0.10006521, -0.13596888, -0.15759169,
         -0.1181853 , -0.08480775, -0.10400171, -0.15609512,
         -0.1784867 ]]], dtype=float32), reward=1), transition(observation=array([[1., 0., 0., 0., 0., 0., 0., 0., 0., 0., 0., 0., 0., 0., 0., 0.,
        0., 0., 0., 0., 0., 0., 0., 0., 0., 0., 0., 0., 0., 0., 0., 0.,
        0., 0.]], dtype=float32), activation=array([[[20.430962  , -0.13669364, -0.10844178, -0.08017697,
         -0.07913208, -0.09574541, -0.08695398, -0.0815801 ,
         -0.079727  , -0.10858901, -0.1358045 , -0.15104309,
         -0.11423667, -0.08659025, -0.09905452, -0.14056572,
         -0.15914483]]], dtype=float32), h_activation=array([[[ 1.6570485 ,  2.2222865 ,  1.5444682 ,  2.1770654 ,
          1.4570724 ,  1.9150693 , -0.00590907,  2.2735069 ,
          0.62183607,  1.3858216 ]]], dtype=float32), o_activation=array([[[20.430962  , -0.13669364, -0.10844178, -0.08017697,
         -0.07913208, -0.09574541, -0.08695398, -0.0815801 ,
         -0.079727  , -0.10858901, -0.1358045 , -0.15104309,
         -0.11423667, -0.08659025, -0.09905452, -0.14056572,
         -0.15914483]]], dtype=float32), reward=1), transition(observation=array([[ 1.0466765 ,  0.1634589 ,  0.09581321, -0.09705427, -0.09321716,
        -0.12735498,  0.02715993, -0.13360758,  0.2755317 ,  0.24530448,
         0.6657088 ,  0.606601  ,  0.27595988, -0.03450084, -0.21158442,
        -0.01197697, -0.09763644, -0.15942313, -0.11655831,  0.04514072,
        -0.17245227,  0.20975086,  0.10783433, -0.03941247, -0.0726083 ,
         0.04908272, -0.05594433, -0.03958756, -0.09270911, -0.04177757,
        -0.07086795, -0.15578546, -0.17425035,  0.        ]],
      dtype=float32), activation=array([[[29.498917  , -0.14444368, -0.13705416, -0.1046077 ,
         -0.10550241, -0.10557093, -0.10288092, -0.11825699,
         -0.15076181, -0.21239346, -0.2633284 , -0.26296565,
         -0.1947119 , -0.13133875, -0.11789292, -0.13748454,
         -0.16056539]]], dtype=float32), h_activation=array([[[ 3.4354854e+00,  2.9153261e+00, -1.5211325e-03,  3.0206685e+00,
          4.1593008e+00,  4.1303005e+00, -5.7723508e-03,  7.1982217e-01,
          4.3610454e+00,  3.6744576e+00]]], dtype=float32), o_activation=array([[[29.498917  , -0.14444368, -0.13705416, -0.1046077 ,
         -0.10550241, -0.10557093, -0.10288092, -0.11825699,
         -0.15076181, -0.21239346, -0.2633284 , -0.26296565,
         -0.1947119 , -0.13133875, -0.11789292, -0.13748454,
         -0.16056539]]], dtype=float32), reward=1), transition(observation=array([[ 0.9798502 ,  0.00703816, -0.07496826,  0.14343178,  0.12267991,
        -0.07064749,  0.03006831, -0.00292644, -0.00697616,  0.46982324,
         0.5562743 ,  0.52041507,  0.14731981,  0.05275289, -0.01666806,
        -0.06656282,  0.21227865, -0.01081413,  0.07748561, -0.06503121,
         0.03932525, -0.19163662,  0.02789947,  0.03886811,  0.01222267,
        -0.12586759,  0.10454502,  0.03184857,  0.06029256, -0.12964016,
         0.00390762, -0.24650091, -0.04986794,  0.        ]],
      dtype=float32), activation=array([[[25.122776  , -0.13842322, -0.15833674, -0.17120415,
         -0.19432178, -0.18947954, -0.14704664, -0.1180812 ,
         -0.1157503 , -0.13003618, -0.16531478, -0.1673666 ,
         -0.15905121, -0.17540798, -0.15919894, -0.16175048,
         -0.16797876]]], dtype=float32), h_activation=array([[[ 5.0861683e+00,  3.7740681e+00, -6.4710146e-03,  4.4643044e+00,
          5.9932270e+00,  4.6506648e+00,  9.1283697e-01,  3.6117405e-02,
          6.4753480e+00,  3.5437655e+00]]], dtype=float32), o_activation=array([[[25.122776  , -0.13842322, -0.15833674, -0.17120415,
         -0.19432178, -0.18947954, -0.14704664, -0.1180812 ,
         -0.1157503 , -0.13003618, -0.16531478, -0.1673666 ,
         -0.15905121, -0.17540798, -0.15919894, -0.16175048,
         -0.16797876]]], dtype=float32), reward=1), transition(observation=array([[ 1.057185  , -0.1230793 , -0.1763619 ,  0.02037326,  0.01786252,
         0.13935772, -0.09560797, -0.03966852, -0.05480793,  0.32671264,
         0.66674346,  0.7034168 ,  0.24071197,  0.10992306,  0.15075189,
        -0.27308705, -0.07672257, -0.01871356,  0.16679637, -0.09823368,
         0.22310975,  0.08590079,  0.01293222, -0.07983547, -0.02127473,
         0.08290666, -0.05794009, -0.03854733, -0.12476333,  0.05406243,
        -0.13576822, -0.16726895,  0.04634054,  0.        ]],
      dtype=float32), activation=array([[[24.985516  , -0.10019913, -0.16099045, -0.17089473,
         -0.20210178, -0.23071443, -0.18912221, -0.13588735,
         -0.11427733, -0.08205877, -0.11523971, -0.15823467,
         -0.17019616, -0.18698992, -0.17654163, -0.14369534,
         -0.10907119]]], dtype=float32), h_activation=array([[[ 6.2263961e+00,  4.0655780e+00, -1.9567076e-02,  4.7643957e+00,
          7.5179901e+00,  5.3404703e+00, -1.5086621e-03, -5.9885201e-03,
          8.6179590e+00,  2.5266612e+00]]], dtype=float32), o_activation=array([[[24.985516  , -0.10019913, -0.16099045, -0.17089473,
         -0.20210178, -0.23071443, -0.18912221, -0.13588735,
         -0.11427733, -0.08205877, -0.11523971, -0.15823467,
         -0.17019616, -0.18698992, -0.17654163, -0.14369534,
         -0.10907119]]], dtype=float32), reward=1), transition(observation=array([[ 1.0126673 ,  0.09048924, -0.09674476, -0.11110108,  0.09212883,
        -0.00162667, -0.14212795,  0.01076064, -0.02323642,  0.19916293,
         0.69561857,  0.54867923,  0.2647018 ,  0.00482134, -0.04492357,
         0.12344307, -0.24142894,  0.14278813, -0.13010938, -0.16936642,
         0.11825489,  0.08573211,  0.04378638,  0.05183209,  0.12457583,
        -0.11573818,  0.02185247,  0.1122241 ,  0.18407178, -0.04589464,
        -0.0722161 , -0.11386234, -0.05151388,  0.        ]],
      dtype=float32), activation=array([[[21.159864  , -0.11903454, -0.18778351, -0.1983281 ,
         -0.22013523, -0.23366687, -0.1516093 , -0.12810254,
         -0.1442148 , -0.07061944, -0.05655903, -0.10104648,
         -0.14023747, -0.15258475, -0.15729146, -0.15884367,
         -0.1300848 ]]], dtype=float32), h_activation=array([[[ 6.7784829e+00,  4.1685910e+00, -1.9858152e-02,  5.2251663e+00,
          8.4321909e+00,  6.3128915e+00,  1.0183650e-01, -1.5349817e-03,
          1.0456390e+01,  2.5704794e+00]]], dtype=float32), o_activation=array([[[21.159864  , -0.11903454, -0.18778351, -0.1983281 ,
         -0.22013523, -0.23366687, -0.1516093 , -0.12810254,
         -0.1442148 , -0.07061944, -0.05655903, -0.10104648,
         -0.14023747, -0.15258475, -0.15729146, -0.15884367,
         -0.1300848 ]]], dtype=float32), reward=1), transition(observation=array([[ 0.9001164 , -0.03600896, -0.11333905, -0.03525695, -0.13085915,
         0.01555085,  0.01335433, -0.04678356,  0.21912201,  0.22793661,
         0.8966568 ,  0.657782  ,  0.3457499 , -0.1241088 ,  0.26163197,
        -0.01471615, -0.00605372, -0.00378895,  0.10379849, -0.11038515,
         0.0952541 , -0.04969774,  0.05424646, -0.05912622, -0.06550787,
         0.03982445,  0.09927968,  0.07893302,  0.05701013, -0.10324766,
        -0.07171617, -0.01586988, -0.1417338 ,  0.        ]],
      dtype=float32), activation=array([[[20.054226  , -0.11397053, -0.19185215, -0.21142158,
         -0.2470505 , -0.24841167, -0.1530326 , -0.13900381,
         -0.17278998, -0.09528927, -0.05316009, -0.08452424,
         -0.14442827, -0.16576543, -0.16235937, -0.15710826,
         -0.12333981]]], dtype=float32), h_activation=array([[[ 6.4873242e+00,  3.7946100e+00, -2.5579335e-02,  5.6003294e+00,
          9.8794060e+00,  7.6245027e+00,  8.1212467e-01, -7.6954640e-03,
          1.3018019e+01,  2.5258620e+00]]], dtype=float32), o_activation=array([[[20.054226  , -0.11397053, -0.19185215, -0.21142158,
         -0.2470505 , -0.24841167, -0.1530326 , -0.13900381,
         -0.17278998, -0.09528927, -0.05316009, -0.08452424,
         -0.14442827, -0.16576543, -0.16235937, -0.15710826,
         -0.12333981]]], dtype=float32), reward=1), transition(observation=array([[0., 0., 0., 0., 0., 0., 0., 0., 0., 0., 0., 0., 0., 0., 0., 0.,
        0., 0., 0., 0., 0., 0., 0., 0., 0., 0., 0., 0., 0., 0., 0., 0.,
        0., 0.]], dtype=float32), activation=array([[[-1.7827260e-01, -4.5670699e-03, -9.0963483e-02, -1.4519878e-01,
         -1.7182721e-01, -1.8072778e-01, -3.9492358e-02, -1.3856132e-02,
         -2.4297407e-02,  1.1698833e+01,  2.3354950e+01,  2.0632538e+01,
          7.1774926e+00, -5.1833820e-03,  6.8706983e-01,  1.4832745e+00,
          2.5128999e+00]]], dtype=float32), h_activation=array([[[ 4.6845508e+00,  2.1847987e+00, -5.3429333e-03,  3.6061497e+00,
          7.4421425e+00,  5.4547210e+00,  2.4000411e+00,  5.4011226e-02,
          1.0831354e+01,  1.8935472e+00]]], dtype=float32), o_activation=array([[[-1.7827260e-01, -4.5670699e-03, -9.0963483e-02, -1.4519878e-01,
         -1.7182721e-01, -1.8072778e-01, -3.9492358e-02, -1.3856132e-02,
         -2.4297407e-02,  1.1698833e+01,  2.3354950e+01,  2.0632538e+01,
          7.1774926e+00, -5.1833820e-03,  6.8706983e-01,  1.4832745e+00,
          2.5128999e+00]]], dtype=float32), reward=1), transition(observation=array([[0., 0., 0., 0., 0., 0., 0., 0., 0., 0., 0., 0., 0., 0., 0., 0.,
        0., 0., 0., 0., 0., 0., 0., 0., 0., 0., 0., 0., 0., 0., 0., 0.,
        0., 0.]], dtype=float32), activation=array([[[-1.3834149e-01, -8.0324645e-04, -4.8555810e-02, -9.8890767e-02,
         -1.4135370e-01, -1.4796481e-01, -6.0963277e-02, -5.7316083e-02,
         -4.3794155e-02,  8.6965837e+00,  1.7986328e+01,  1.5976713e+01,
          5.9938698e+00, -3.3058547e-03,  4.6510991e-01,  1.0137429e+00,
          1.2383237e+00]]], dtype=float32), h_activation=array([[[ 3.1551323e+00,  1.2013264e+00, -3.8627326e-04,  2.4769635e+00,
          5.4046502e+00,  3.8493574e+00,  2.9384184e+00,  2.5785536e-02,
          8.5878181e+00,  1.4088674e+00]]], dtype=float32), o_activation=array([[[-1.3834149e-01, -8.0324645e-04, -4.8555810e-02, -9.8890767e-02,
         -1.4135370e-01, -1.4796481e-01, -6.0963277e-02, -5.7316083e-02,
         -4.3794155e-02,  8.6965837e+00,  1.7986328e+01,  1.5976713e+01,
          5.9938698e+00, -3.3058547e-03,  4.6510991e-01,  1.0137429e+00,
          1.2383237e+00]]], dtype=float32), reward=1)], success=True), configuration(episode=4, buffer=[transition(observation=array([[1., 0., 0., 0., 0., 0., 0., 0., 0., 0., 0., 0., 0., 0., 0., 0.,
        0., 0., 0., 0., 0., 0., 0., 0., 0., 0., 0., 0., 0., 0., 0., 0.,
        0., 0.]], dtype=float32), activation=array([[[21.951925  , -0.16273472, -0.09903108, -0.06986514,
         -0.08627328, -0.08463791, -0.07808341, -0.07997513,
         -0.07514796, -0.08803788, -0.13114357, -0.16107212,
         -0.12245279, -0.08242273, -0.10989129, -0.17945905,
         -0.20810315]]], dtype=float32), h_activation=array([[[ 0.65741384,  1.0077157 ,  0.8094139 ,  1.0622857 ,
          0.5178273 ,  0.82935977, -0.00975731,  0.98335665,
          0.01363628,  0.61610925]]], dtype=float32), o_activation=array([[[21.951925  , -0.16273472, -0.09903108, -0.06986514,
         -0.08627328, -0.08463791, -0.07808341, -0.07997513,
         -0.07514796, -0.08803788, -0.13114357, -0.16107212,
         -0.12245279, -0.08242273, -0.10989129, -0.17945905,
         -0.20810315]]], dtype=float32), reward=1), transition(observation=array([[1., 0., 0., 0., 0., 0., 0., 0., 0., 0., 0., 0., 0., 0., 0., 0.,
        0., 0., 0., 0., 0., 0., 0., 0., 0., 0., 0., 0., 0., 0., 0., 0.,
        0., 0.]], dtype=float32), activation=array([[[21.146324  , -0.14792708, -0.104919  , -0.07433729,
         -0.07984799, -0.09023384, -0.08298661, -0.07847466,
         -0.07545355, -0.10006521, -0.13596888, -0.15759169,
         -0.1181853 , -0.08480775, -0.10400171, -0.15609512,
         -0.1784867 ]]], dtype=float32), h_activation=array([[[ 1.211765  ,  1.7285006 ,  1.2898107 ,  1.7559597 ,
          1.0133047 ,  1.457543  , -0.00780531,  1.724515  ,
          0.25897866,  1.0671432 ]]], dtype=float32), o_activation=array([[[21.146324  , -0.14792708, -0.104919  , -0.07433729,
         -0.07984799, -0.09023384, -0.08298661, -0.07847466,
         -0.07545355, -0.10006521, -0.13596888, -0.15759169,
         -0.1181853 , -0.08480775, -0.10400171, -0.15609512,
         -0.1784867 ]]], dtype=float32), reward=1), transition(observation=array([[1., 0., 0., 0., 0., 0., 0., 0., 0., 0., 0., 0., 0., 0., 0., 0.,
        0., 0., 0., 0., 0., 0., 0., 0., 0., 0., 0., 0., 0., 0., 0., 0.,
        0., 0.]], dtype=float32), activation=array([[[20.430962  , -0.13669364, -0.10844178, -0.08017697,
         -0.07913208, -0.09574541, -0.08695398, -0.0815801 ,
         -0.079727  , -0.10858901, -0.1358045 , -0.15104309,
         -0.11423667, -0.08659025, -0.09905452, -0.14056572,
         -0.15914483]]], dtype=float32), h_activation=array([[[ 1.6570485 ,  2.2222865 ,  1.5444682 ,  2.1770654 ,
          1.4570724 ,  1.9150693 , -0.00590907,  2.2735069 ,
          0.62183607,  1.3858216 ]]], dtype=float32), o_activation=array([[[20.430962  , -0.13669364, -0.10844178, -0.08017697,
         -0.07913208, -0.09574541, -0.08695398, -0.0815801 ,
         -0.079727  , -0.10858901, -0.1358045 , -0.15104309,
         -0.11423667, -0.08659025, -0.09905452, -0.14056572,
         -0.15914483]]], dtype=float32), reward=1), transition(observation=array([[ 1.3328347e+00,  1.7692098e-01, -3.5326872e-02, -1.8160656e-01,
         1.3355877e-02,  1.0861361e-01,  2.2414289e-01,  2.2359124e-01,
         5.4974884e-02,  1.8690357e-01,  5.9629315e-01,  3.6561838e-01,
         3.3340566e-02,  4.6660386e-02,  8.1814494e-04, -1.1501979e-01,
         6.8562798e-02, -5.0476838e-02, -9.4968885e-02, -2.3632338e-02,
         1.5680049e-01,  1.9623697e-01,  1.4001368e-01, -4.9500242e-02,
        -1.0271691e-01,  3.4394272e-02, -1.6200336e-02,  1.3903253e-02,
        -1.1304041e-01, -8.8621914e-02, -1.0758923e-01,  7.7270374e-02,
         1.0623193e-01,  0.0000000e+00]], dtype=float32), activation=array([[[38.409122  , -0.18236177, -0.16368099, -0.13663371,
         -0.15981023, -0.17603691, -0.16888967, -0.16795969,
         -0.1828929 , -0.22795288, -0.26078394, -0.2650538 ,
         -0.20790839, -0.15538128, -0.15312044, -0.19122468,
         -0.21634042]]], dtype=float32), h_activation=array([[[ 2.3548136 ,  3.8782604 ,  2.1309292 ,  2.991054  ,
          3.9697702 ,  2.0775433 , -0.01883118,  1.33588   ,
          4.0863214 ,  2.1559196 ]]], dtype=float32), o_activation=array([[[38.409122  , -0.18236177, -0.16368099, -0.13663371,
         -0.15981023, -0.17603691, -0.16888967, -0.16795969,
         -0.1828929 , -0.22795288, -0.26078394, -0.2650538 ,
         -0.20790839, -0.15538128, -0.15312044, -0.19122468,
         -0.21634042]]], dtype=float32), reward=1), transition(observation=array([[ 0.93173766,  0.05835263,  0.06717565, -0.03718199,  0.16596395,
         0.35334533,  0.06368719,  0.16730492,  0.05386165,  0.3262762 ,
         0.5035661 ,  0.17207102,  0.10536078,  0.0051828 , -0.04083655,
        -0.02199225,  0.04173194, -0.01474171, -0.05302428,  0.00804304,
         0.0754161 ,  0.00359253, -0.07961814,  0.08308785, -0.02964086,
         0.05853601, -0.01459644, -0.09442983, -0.12751125, -0.09005003,
        -0.0234141 , -0.22526853,  0.03830086,  0.        ]],
      dtype=float32), activation=array([[[23.810408  , -0.12329613, -0.15419711, -0.16002318,
         -0.18078947, -0.17895605, -0.12225914, -0.10701925,
         -0.14320196, -0.13676098, -0.13979088, -0.17169642,
         -0.1660856 , -0.12968536, -0.12257662, -0.14718314,
         -0.14218116]]], dtype=float32), h_activation=array([[[ 2.7264876e+00,  5.2622271e+00,  1.0229967e+00,  2.8772421e+00,
          4.5914736e+00,  1.7654387e+00, -5.0489842e-03,  6.8917274e-01,
          5.4341617e+00,  2.4177694e+00]]], dtype=float32), o_activation=array([[[23.810408  , -0.12329613, -0.15419711, -0.16002318,
         -0.18078947, -0.17895605, -0.12225914, -0.10701925,
         -0.14320196, -0.13676098, -0.13979088, -0.17169642,
         -0.1660856 , -0.12968536, -0.12257662, -0.14718314,
         -0.14218116]]], dtype=float32), reward=1), transition(observation=array([[ 1.1099609 , -0.02412496, -0.10792915, -0.12988651,  0.18750812,
         0.31319955,  0.17091203,  0.11231286,  0.00723664,  0.29508486,
         0.55557615,  0.29764503,  0.12017705,  0.05542439, -0.02700499,
        -0.09639455, -0.07243672,  0.10955422, -0.1204168 ,  0.0059731 ,
        -0.09963252,  0.23071153, -0.06345411,  0.06337108, -0.09684998,
         0.3191901 , -0.13362269,  0.03564358, -0.12530647,  0.08192068,
        -0.12558122, -0.04435115, -0.15951344,  0.        ]],
      dtype=float32), activation=array([[[26.364368  , -0.11119746, -0.15852375, -0.17592624,
         -0.18747425, -0.17948978, -0.1418411 , -0.13669272,
         -0.14716458, -0.106863  , -0.1240744 , -0.187381  ,
         -0.20039792, -0.16701454, -0.1551557 , -0.17360465,
         -0.14889377]]], dtype=float32), h_activation=array([[[ 3.0553164e+00,  6.2469769e+00,  2.7817726e-02,  2.7297716e+00,
          5.2014914e+00,  1.8361982e+00, -1.2082453e-02, -2.3010266e-03,
          7.1169667e+00,  1.6144913e+00]]], dtype=float32), o_activation=array([[[26.364368  , -0.11119746, -0.15852375, -0.17592624,
         -0.18747425, -0.17948978, -0.1418411 , -0.13669272,
         -0.14716458, -0.106863  , -0.1240744 , -0.187381  ,
         -0.20039792, -0.16701454, -0.1551557 , -0.17360465,
         -0.14889377]]], dtype=float32), reward=1), transition(observation=array([[ 9.60229397e-01,  1.54114270e-04,  1.77144095e-01,
        -1.93492085e-01,  2.19467521e-01,  2.76195049e-01,
         1.04262039e-01,  2.14573331e-02,  1.13548532e-01,
         3.16587418e-01,  5.23595870e-01,  2.42186546e-01,
         3.13543379e-02,  5.42637967e-02, -9.20672417e-02,
        -5.18954992e-02,  7.34384963e-03,  3.25968564e-02,
         3.85998078e-02, -2.01988742e-02, -2.03445122e-01,
         7.61485100e-02,  1.00147136e-01,  1.19451016e-01,
         3.39459777e-02,  8.43392983e-02, -2.97174789e-02,
        -1.11431144e-01, -1.75330788e-02, -2.49692593e-02,
         9.91660282e-02,  7.92990699e-02, -5.22655100e-02,
         0.00000000e+00]], dtype=float32), activation=array([[[20.983501  , -0.12422717, -0.18279815, -0.1974136 ,
         -0.17494614, -0.14378345, -0.11618543, -0.14436863,
         -0.1539703 , -0.06117411, -0.05480691, -0.13557859,
         -0.17897683, -0.14633472, -0.14048335, -0.17543411,
         -0.15176694]]], dtype=float32), h_activation=array([[[ 3.0992484e+00,  6.9700394e+00, -1.1278691e-02,  2.1473560e+00,
          5.6788940e+00,  1.5960244e+00, -2.5552332e-03, -4.1107330e-03,
          7.9100204e+00,  2.1679802e+00]]], dtype=float32), o_activation=array([[[20.983501  , -0.12422717, -0.18279815, -0.1974136 ,
         -0.17494614, -0.14378345, -0.11618543, -0.14436863,
         -0.1539703 , -0.06117411, -0.05480691, -0.13557859,
         -0.17897683, -0.14633472, -0.14048335, -0.17543411,
         -0.15176694]]], dtype=float32), reward=1), transition(observation=array([[ 0.9570988 , -0.00519523,  0.00932091,  0.17726418,  0.1148251 ,
         0.39922643,  0.02496816, -0.02664581,  0.23926619,  0.35766214,
         0.5361942 ,  0.37712073,  0.04800876,  0.00937657,  0.01985565,
         0.01977696,  0.03368463, -0.05976573,  0.03379366, -0.07300282,
         0.05600221, -0.01881454,  0.02259611,  0.0255542 , -0.07585115,
        -0.05537965, -0.0164129 ,  0.0424801 ,  0.09135055, -0.0074241 ,
        -0.06988224,  0.02181958, -0.00419304,  0.        ]],
      dtype=float32), activation=array([[[21.998953  , -0.11793475, -0.189578  , -0.22779132,
         -0.20381586, -0.14591604, -0.11694824, -0.15930149,
         -0.16975343, -0.07127272, -0.0680839 , -0.14794917,
         -0.1994877 , -0.1717939 , -0.16184767, -0.19653861,
         -0.16262142]]], dtype=float32), h_activation=array([[[ 3.2418702e+00,  7.1969161e+00, -2.1537289e-02,  2.4572945e+00,
          5.7965584e+00,  2.0495000e+00,  5.1520592e-01, -2.8100251e-03,
          8.5391989e+00,  2.5192733e+00]]], dtype=float32), o_activation=array([[[21.998953  , -0.11793475, -0.189578  , -0.22779132,
         -0.20381586, -0.14591604, -0.11694824, -0.15930149,
         -0.16975343, -0.07127272, -0.0680839 , -0.14794917,
         -0.1994877 , -0.1717939 , -0.16184767, -0.19653861,
         -0.16262142]]], dtype=float32), reward=1), transition(observation=array([[0., 0., 0., 0., 0., 0., 0., 0., 0., 0., 0., 0., 0., 0., 0., 0.,
        0., 0., 0., 0., 0., 0., 0., 0., 0., 0., 0., 0., 0., 0., 0., 0.,
        0., 0.]], dtype=float32), activation=array([[[-0.1601053 ,  2.7810707 , -0.0490992 , -0.07873661,
         -0.02367757,  0.72057104,  2.0924637 , -0.02141273,
          0.01710725, 12.810965  , 15.414803  ,  7.2549777 ,
         -0.01770222, -0.03583842, -0.0264372 , -0.0304494 ,
          1.4534073 ]]], dtype=float32), h_activation=array([[[ 2.3094044e+00,  5.2797132e+00, -2.6430755e-03,  1.6415704e+00,
          4.4023366e+00,  1.6654485e+00,  1.3622265e+00,  1.9861118e-01,
          7.0649476e+00,  1.9118445e+00]]], dtype=float32), o_activation=array([[[-0.1601053 ,  2.7810707 , -0.0490992 , -0.07873661,
         -0.02367757,  0.72057104,  2.0924637 , -0.02141273,
          0.01710725, 12.810965  , 15.414803  ,  7.2549777 ,
         -0.01770222, -0.03583842, -0.0264372 , -0.0304494 ,
          1.4534073 ]]], dtype=float32), reward=1), transition(observation=array([[0., 0., 0., 0., 0., 0., 0., 0., 0., 0., 0., 0., 0., 0., 0., 0.,
        0., 0., 0., 0., 0., 0., 0., 0., 0., 0., 0., 0., 0., 0., 0., 0.,
        0., 0.]], dtype=float32), activation=array([[[-1.3284303e-01,  1.8864069e+00, -2.7877964e-02, -5.4293461e-02,
         -2.1462163e-02,  3.9647102e-01,  3.3960748e-01, -3.8557354e-02,
         -8.7939901e-03,  9.6516056e+00,  1.1514923e+01,  5.4610991e+00,
         -1.0568206e-02, -2.4504332e-02, -1.6391087e-02, -2.2255806e-02,
          3.6597967e-01]]], dtype=float32), h_activation=array([[[1.5299115 , 3.9494612 , 0.03904119, 1.2535323 , 3.2336764 ,
         1.3615638 , 1.6247604 , 0.30791327, 5.630322  , 1.4752691 ]]],
      dtype=float32), o_activation=array([[[-1.3284303e-01,  1.8864069e+00, -2.7877964e-02, -5.4293461e-02,
         -2.1462163e-02,  3.9647102e-01,  3.3960748e-01, -3.8557354e-02,
         -8.7939901e-03,  9.6516056e+00,  1.1514923e+01,  5.4610991e+00,
         -1.0568206e-02, -2.4504332e-02, -1.6391087e-02, -2.2255806e-02,
          3.6597967e-01]]], dtype=float32), reward=1)], success=True), configuration(episode=5, buffer=[transition(observation=array([[1., 0., 0., 0., 0., 0., 0., 0., 0., 0., 0., 0., 0., 0., 0., 0.,
        0., 0., 0., 0., 0., 0., 0., 0., 0., 0., 0., 0., 0., 0., 0., 0.,
        0., 0.]], dtype=float32), activation=array([[[21.951925  , -0.16273472, -0.09903108, -0.06986514,
         -0.08627328, -0.08463791, -0.07808341, -0.07997513,
         -0.07514796, -0.08803788, -0.13114357, -0.16107212,
         -0.12245279, -0.08242273, -0.10989129, -0.17945905,
         -0.20810315]]], dtype=float32), h_activation=array([[[ 0.65741384,  1.0077157 ,  0.8094139 ,  1.0622857 ,
          0.5178273 ,  0.82935977, -0.00975731,  0.98335665,
          0.01363628,  0.61610925]]], dtype=float32), o_activation=array([[[21.951925  , -0.16273472, -0.09903108, -0.06986514,
         -0.08627328, -0.08463791, -0.07808341, -0.07997513,
         -0.07514796, -0.08803788, -0.13114357, -0.16107212,
         -0.12245279, -0.08242273, -0.10989129, -0.17945905,
         -0.20810315]]], dtype=float32), reward=1), transition(observation=array([[1., 0., 0., 0., 0., 0., 0., 0., 0., 0., 0., 0., 0., 0., 0., 0.,
        0., 0., 0., 0., 0., 0., 0., 0., 0., 0., 0., 0., 0., 0., 0., 0.,
        0., 0.]], dtype=float32), activation=array([[[21.146324  , -0.14792708, -0.104919  , -0.07433729,
         -0.07984799, -0.09023384, -0.08298661, -0.07847466,
         -0.07545355, -0.10006521, -0.13596888, -0.15759169,
         -0.1181853 , -0.08480775, -0.10400171, -0.15609512,
         -0.1784867 ]]], dtype=float32), h_activation=array([[[ 1.211765  ,  1.7285006 ,  1.2898107 ,  1.7559597 ,
          1.0133047 ,  1.457543  , -0.00780531,  1.724515  ,
          0.25897866,  1.0671432 ]]], dtype=float32), o_activation=array([[[21.146324  , -0.14792708, -0.104919  , -0.07433729,
         -0.07984799, -0.09023384, -0.08298661, -0.07847466,
         -0.07545355, -0.10006521, -0.13596888, -0.15759169,
         -0.1181853 , -0.08480775, -0.10400171, -0.15609512,
         -0.1784867 ]]], dtype=float32), reward=1), transition(observation=array([[1., 0., 0., 0., 0., 0., 0., 0., 0., 0., 0., 0., 0., 0., 0., 0.,
        0., 0., 0., 0., 0., 0., 0., 0., 0., 0., 0., 0., 0., 0., 0., 0.,
        0., 0.]], dtype=float32), activation=array([[[20.430962  , -0.13669364, -0.10844178, -0.08017697,
         -0.07913208, -0.09574541, -0.08695398, -0.0815801 ,
         -0.079727  , -0.10858901, -0.1358045 , -0.15104309,
         -0.11423667, -0.08659025, -0.09905452, -0.14056572,
         -0.15914483]]], dtype=float32), h_activation=array([[[ 1.6570485 ,  2.2222865 ,  1.5444682 ,  2.1770654 ,
          1.4570724 ,  1.9150693 , -0.00590907,  2.2735069 ,
          0.62183607,  1.3858216 ]]], dtype=float32), o_activation=array([[[20.430962  , -0.13669364, -0.10844178, -0.08017697,
         -0.07913208, -0.09574541, -0.08695398, -0.0815801 ,
         -0.079727  , -0.10858901, -0.1358045 , -0.15104309,
         -0.11423667, -0.08659025, -0.09905452, -0.14056572,
         -0.15914483]]], dtype=float32), reward=1), transition(observation=array([[ 0.9234106 ,  0.18995397, -0.17808194,  0.22666727,  0.24512984,
         0.53468025,  0.3459618 ,  0.2554536 ,  0.1057219 ,  0.30881542,
        -0.0108981 ,  0.02684559, -0.02573621, -0.06846426,  0.0285994 ,
         0.11202135,  0.04044189, -0.04578527, -0.00739894, -0.07458938,
         0.01616908, -0.30437112,  0.20496963,  0.17916614, -0.05058424,
        -0.05383492,  0.07985265,  0.04755195, -0.08389574,  0.01110074,
        -0.1037271 ,  0.09640761, -0.1138446 ,  0.        ]],
      dtype=float32), activation=array([[[26.995926  , -0.15104458, -0.1349217 , -0.12683654,
         -0.15637678, -0.18150254, -0.15957841, -0.14114712,
         -0.13742892, -0.154986  , -0.16039443, -0.15853332,
         -0.12078771, -0.09132471, -0.09993694, -0.1480801 ,
         -0.17610218]]], dtype=float32), h_activation=array([[[ 0.9306256 ,  4.299416  ,  1.7269628 ,  2.0571275 ,
          0.35414484,  1.1228043 , -0.00758389,  1.9841297 ,
          1.3263272 ,  1.324247  ]]], dtype=float32), o_activation=array([[[26.995926  , -0.15104458, -0.1349217 , -0.12683654,
         -0.15637678, -0.18150254, -0.15957841, -0.14114712,
         -0.13742892, -0.154986  , -0.16039443, -0.15853332,
         -0.12078771, -0.09132471, -0.09993694, -0.1480801 ,
         -0.17610218]]], dtype=float32), reward=1), transition(observation=array([[ 0.9748622 , -0.06420053, -0.1253265 ,  0.09769858,  0.32657024,
         0.49228933,  0.28720826,  0.24028818,  0.3381151 ,  0.09388274,
        -0.02626704,  0.15653272,  0.09635977, -0.03321484,  0.0525253 ,
         0.15807706,  0.19322771, -0.02274808,  0.05458535, -0.03006824,
        -0.01499174,  0.07018288, -0.17312558,  0.20286597, -0.07549468,
         0.1619954 ,  0.01517981,  0.15105842, -0.02617317,  0.17619841,
        -0.02035343,  0.05207496,  0.04041418,  0.        ]],
      dtype=float32), activation=array([[[27.491497  , -0.14320649, -0.15103891, -0.13712405,
         -0.1218095 , -0.11456741, -0.13327545, -0.14920332,
         -0.139814  , -0.15184842, -0.17508923, -0.18651912,
         -0.16383706, -0.14578907, -0.14358746, -0.1648545 ,
         -0.17116989]]], dtype=float32), h_activation=array([[[ 0.6146268 ,  5.4701686 ,  1.6331677 ,  2.8496137 ,
         -0.01036052,  2.3237438 , -0.00992944,  1.6714225 ,
          1.695518  ,  1.2433465 ]]], dtype=float32), o_activation=array([[[27.491497  , -0.14320649, -0.15103891, -0.13712405,
         -0.1218095 , -0.11456741, -0.13327545, -0.14920332,
         -0.139814  , -0.15184842, -0.17508923, -0.18651912,
         -0.16383706, -0.14578907, -0.14358746, -0.1648545 ,
         -0.17116989]]], dtype=float32), reward=1), transition(observation=array([[ 1.0502551e+00, -7.6096714e-02,  4.2149238e-03,  6.3391753e-02,
         2.7551791e-01,  5.3727186e-01,  4.9306235e-01,  1.3814311e-01,
         2.3632582e-01,  4.1292045e-02,  8.7719755e-03,  6.7104705e-02,
         4.6916071e-02,  1.4534815e-01, -3.1290077e-02, -7.7047452e-02,
         1.4558549e-02,  4.0750731e-02, -3.5984617e-02, -3.0870695e-02,
        -3.7451589e-03,  3.4924276e-02, -6.3949183e-02,  4.0136810e-02,
        -9.1526620e-02,  1.5308114e-03, -2.8149368e-02, -2.2177152e-04,
         2.5716743e-02,  3.6756527e-02, -1.2609522e-01,  1.1164761e-02,
        -8.3507501e-02,  0.0000000e+00]], dtype=float32), activation=array([[[26.144596  , -0.14426126, -0.18488593, -0.17153239,
         -0.1175665 , -0.1070339 , -0.1340715 , -0.13459283,
         -0.10131783, -0.12087823, -0.16307376, -0.17784058,
         -0.16381979, -0.15684173, -0.1385517 , -0.12859255,
         -0.13821353]]], dtype=float32), h_activation=array([[[ 0.38653752,  5.7052116 ,  1.7773628 ,  1.8517576 ,
         -0.01183523,  1.4114856 , -0.0193531 ,  1.3824993 ,
          2.2177978 ,  0.8484312 ]]], dtype=float32), o_activation=array([[[26.144596  , -0.14426126, -0.18488593, -0.17153239,
         -0.1175665 , -0.1070339 , -0.1340715 , -0.13459283,
         -0.10131783, -0.12087823, -0.16307376, -0.17784058,
         -0.16381979, -0.15684173, -0.1385517 , -0.12859255,
         -0.13821353]]], dtype=float32), reward=1), transition(observation=array([[ 1.0695767 , -0.01581613, -0.03248509,  0.23741983,  0.49380362,
         0.4937475 ,  0.4713303 ,  0.2470837 ,  0.24221751,  0.03391074,
         0.010168  ,  0.09528629,  0.16909671,  0.01959178, -0.0517709 ,
         0.16905798,  0.05441963,  0.08991658,  0.01770812, -0.05367334,
        -0.05333926, -0.01964887, -0.01595906,  0.04050426,  0.12578662,
         0.06510862, -0.03283785,  0.0398442 ,  0.10370167,  0.08454604,
         0.02545829,  0.09844455, -0.06967469,  0.        ]],
      dtype=float32), activation=array([[[29.58807   , -0.16349016, -0.20752849, -0.20500293,
         -0.15072958, -0.11232099, -0.13662998, -0.16192807,
         -0.13572107, -0.13524461, -0.1759671 , -0.1965433 ,
         -0.1851103 , -0.16916615, -0.1597306 , -0.1704646 ,
         -0.1751934 ]]], dtype=float32), h_activation=array([[[ 0.5850619 ,  5.8701124 ,  1.813236  ,  2.6413264 ,
         -0.02005818,  1.3927501 , -0.01377866,  1.5422201 ,
          2.4100294 ,  0.61087596]]], dtype=float32), o_activation=array([[[29.58807   , -0.16349016, -0.20752849, -0.20500293,
         -0.15072958, -0.11232099, -0.13662998, -0.16192807,
         -0.13572107, -0.13524461, -0.1759671 , -0.1965433 ,
         -0.1851103 , -0.16916615, -0.1597306 , -0.1704646 ,
         -0.1751934 ]]], dtype=float32), reward=1), transition(observation=array([[ 1.1081045 , -0.04992583,  0.0229554 , -0.04747102,  0.23926786,
         0.5024919 ,  0.27449018,  0.42048672,  0.17107676,  0.02220966,
        -0.01310566,  0.14665349,  0.09735607, -0.02977957,  0.15507148,
         0.06701507,  0.00907987,  0.12318853, -0.03639596, -0.07757092,
        -0.07033847, -0.04794855, -0.13192767,  0.04857564, -0.01385364,
         0.11158142,  0.04356725,  0.03805454,  0.10376287,  0.0521256 ,
         0.03773677,  0.13780443, -0.08817951,  0.        ]],
      dtype=float32), activation=array([[[28.094318  , -0.1562727 , -0.19157359, -0.16721173,
         -0.10670917, -0.08679214, -0.1235716 , -0.15382127,
         -0.13839824, -0.13445258, -0.16242082, -0.1897184 ,
         -0.1887956 , -0.17259   , -0.1608995 , -0.16358861,
         -0.16141586]]], dtype=float32), h_activation=array([[[-1.8276637e-03,  5.9197316e+00,  1.8909848e+00,  2.7448187e+00,
         -8.7639969e-03,  1.8905554e+00, -2.2394752e-02,  1.6952878e+00,
          2.9548798e+00,  6.5691108e-01]]], dtype=float32), o_activation=array([[[28.094318  , -0.1562727 , -0.19157359, -0.16721173,
         -0.10670917, -0.08679214, -0.1235716 , -0.15382127,
         -0.13839824, -0.13445258, -0.16242082, -0.1897184 ,
         -0.1887956 , -0.17259   , -0.1608995 , -0.16358861,
         -0.16141586]]], dtype=float32), reward=1), transition(observation=array([[0., 0., 0., 0., 0., 0., 0., 0., 0., 0., 0., 0., 0., 0., 0., 0.,
        0., 0., 0., 0., 0., 0., 0., 0., 0., 0., 0., 0., 0., 0., 0., 0.,
        0., 0.]], dtype=float32), activation=array([[[-1.3275971e-01, -1.8168997e-03, -5.1503036e-02, -2.5821848e-02,
          7.5995469e+00,  1.1906748e+01,  9.1905365e+00,  4.3003359e+00,
          3.6218460e+00,  1.1150819e+00, -8.9114103e-03, -1.7870214e-02,
         -3.2986246e-02, -3.0461725e-02, -1.9675088e-03,  2.9811754e+00,
          3.2216840e+00]]], dtype=float32), h_activation=array([[[ 1.5431599e-01,  4.7900071e+00,  1.5748243e+00,  2.4090419e+00,
          1.1297826e-01,  1.8521287e+00, -6.8628193e-05,  1.6199751e+00,
          2.5947311e+00,  7.3409504e-01]]], dtype=float32), o_activation=array([[[-1.3275971e-01, -1.8168997e-03, -5.1503036e-02, -2.5821848e-02,
          7.5995469e+00,  1.1906748e+01,  9.1905365e+00,  4.3003359e+00,
          3.6218460e+00,  1.1150819e+00, -8.9114103e-03, -1.7870214e-02,
         -3.2986246e-02, -3.0461725e-02, -1.9675088e-03,  2.9811754e+00,
          3.2216840e+00]]], dtype=float32), reward=1), transition(observation=array([[0., 0., 0., 0., 0., 0., 0., 0., 0., 0., 0., 0., 0., 0., 0., 0.,
        0., 0., 0., 0., 0., 0., 0., 0., 0., 0., 0., 0., 0., 0., 0., 0.,
        0., 0.]], dtype=float32), activation=array([[[-1.22199304e-01, -6.44275174e-03, -3.82054895e-02,
         -1.53674074e-02,  6.30100441e+00,  9.69176865e+00,
          7.90359402e+00,  3.92041016e+00,  3.38598490e+00,
          6.89219832e-01, -1.17658544e-02, -1.59796569e-02,
         -2.44812332e-02, -2.09426247e-02,  1.86322927e-01,
          2.26309681e+00,  1.81049061e+00]]], dtype=float32), h_activation=array([[[ 2.5849113e-01,  3.9592354e+00,  1.3792100e+00,  2.1792393e+00,
          1.8093163e-01,  1.7994995e+00, -2.4091481e-04,  1.5606118e+00,
          2.2718194e+00,  7.9358220e-01]]], dtype=float32), o_activation=array([[[-1.22199304e-01, -6.44275174e-03, -3.82054895e-02,
         -1.53674074e-02,  6.30100441e+00,  9.69176865e+00,
          7.90359402e+00,  3.92041016e+00,  3.38598490e+00,
          6.89219832e-01, -1.17658544e-02, -1.59796569e-02,
         -2.44812332e-02, -2.09426247e-02,  1.86322927e-01,
          2.26309681e+00,  1.81049061e+00]]], dtype=float32), reward=1)], success=True), configuration(episode=6, buffer=[transition(observation=array([[1., 0., 0., 0., 0., 0., 0., 0., 0., 0., 0., 0., 0., 0., 0., 0.,
        0., 0., 0., 0., 0., 0., 0., 0., 0., 0., 0., 0., 0., 0., 0., 0.,
        0., 0.]], dtype=float32), activation=array([[[21.951925  , -0.16273472, -0.09903108, -0.06986514,
         -0.08627328, -0.08463791, -0.07808341, -0.07997513,
         -0.07514796, -0.08803788, -0.13114357, -0.16107212,
         -0.12245279, -0.08242273, -0.10989129, -0.17945905,
         -0.20810315]]], dtype=float32), h_activation=array([[[ 0.65741384,  1.0077157 ,  0.8094139 ,  1.0622857 ,
          0.5178273 ,  0.82935977, -0.00975731,  0.98335665,
          0.01363628,  0.61610925]]], dtype=float32), o_activation=array([[[21.951925  , -0.16273472, -0.09903108, -0.06986514,
         -0.08627328, -0.08463791, -0.07808341, -0.07997513,
         -0.07514796, -0.08803788, -0.13114357, -0.16107212,
         -0.12245279, -0.08242273, -0.10989129, -0.17945905,
         -0.20810315]]], dtype=float32), reward=1), transition(observation=array([[1., 0., 0., 0., 0., 0., 0., 0., 0., 0., 0., 0., 0., 0., 0., 0.,
        0., 0., 0., 0., 0., 0., 0., 0., 0., 0., 0., 0., 0., 0., 0., 0.,
        0., 0.]], dtype=float32), activation=array([[[21.146324  , -0.14792708, -0.104919  , -0.07433729,
         -0.07984799, -0.09023384, -0.08298661, -0.07847466,
         -0.07545355, -0.10006521, -0.13596888, -0.15759169,
         -0.1181853 , -0.08480775, -0.10400171, -0.15609512,
         -0.1784867 ]]], dtype=float32), h_activation=array([[[ 1.211765  ,  1.7285006 ,  1.2898107 ,  1.7559597 ,
          1.0133047 ,  1.457543  , -0.00780531,  1.724515  ,
          0.25897866,  1.0671432 ]]], dtype=float32), o_activation=array([[[21.146324  , -0.14792708, -0.104919  , -0.07433729,
         -0.07984799, -0.09023384, -0.08298661, -0.07847466,
         -0.07545355, -0.10006521, -0.13596888, -0.15759169,
         -0.1181853 , -0.08480775, -0.10400171, -0.15609512,
         -0.1784867 ]]], dtype=float32), reward=1), transition(observation=array([[1., 0., 0., 0., 0., 0., 0., 0., 0., 0., 0., 0., 0., 0., 0., 0.,
        0., 0., 0., 0., 0., 0., 0., 0., 0., 0., 0., 0., 0., 0., 0., 0.,
        0., 0.]], dtype=float32), activation=array([[[20.430962  , -0.13669364, -0.10844178, -0.08017697,
         -0.07913208, -0.09574541, -0.08695398, -0.0815801 ,
         -0.079727  , -0.10858901, -0.1358045 , -0.15104309,
         -0.11423667, -0.08659025, -0.09905452, -0.14056572,
         -0.15914483]]], dtype=float32), h_activation=array([[[ 1.6570485 ,  2.2222865 ,  1.5444682 ,  2.1770654 ,
          1.4570724 ,  1.9150693 , -0.00590907,  2.2735069 ,
          0.62183607,  1.3858216 ]]], dtype=float32), o_activation=array([[[20.430962  , -0.13669364, -0.10844178, -0.08017697,
         -0.07913208, -0.09574541, -0.08695398, -0.0815801 ,
         -0.079727  , -0.10858901, -0.1358045 , -0.15104309,
         -0.11423667, -0.08659025, -0.09905452, -0.14056572,
         -0.15914483]]], dtype=float32), reward=1), transition(observation=array([[ 0.8263737 ,  0.58078665,  0.36543232, -0.01767112, -0.01829528,
        -0.08116252, -0.02822665,  0.072872  , -0.22399426,  0.00542539,
         0.06273164, -0.01954064,  0.03450756,  0.15180497,  0.03568837,
         0.02324756,  0.46144944,  0.02644836, -0.13720743, -0.04577466,
        -0.01346206, -0.00767284,  0.0251829 , -0.00815142, -0.00398935,
        -0.06186938, -0.04545375, -0.06041319,  0.04201629, -0.02025114,
        -0.06675082,  0.06648573,  0.2335438 ,  0.        ]],
      dtype=float32), activation=array([[[21.103743  , -0.20796737, -0.16741522, -0.11281513,
         -0.08895723, -0.09504705, -0.08689503, -0.09637681,
         -0.11253579, -0.1224554 , -0.12607671, -0.13412897,
         -0.12189467, -0.10579941, -0.1129889 , -0.17069736,
         -0.20898294]]], dtype=float32), h_activation=array([[[3.8313932 , 3.3263133 , 4.5782347 , 2.130405  , 3.52023   ,
         1.1200341 , 0.80999416, 4.741871  , 1.5565627 , 3.7772713 ]]],
      dtype=float32), o_activation=array([[[21.103743  , -0.20796737, -0.16741522, -0.11281513,
         -0.08895723, -0.09504705, -0.08689503, -0.09637681,
         -0.11253579, -0.1224554 , -0.12607671, -0.13412897,
         -0.12189467, -0.10579941, -0.1129889 , -0.17069736,
         -0.20898294]]], dtype=float32), reward=1), transition(observation=array([[ 0.97788197,  0.7747036 ,  0.3378743 ,  0.10399562,  0.09240589,
         0.1071523 ,  0.20794064, -0.05120105,  0.00698408,  0.15253003,
         0.21527247,  0.05797832,  0.08592471,  0.11954419,  0.13070723,
        -0.0057886 ,  0.43335173, -0.22166683,  0.10132929,  0.17577308,
        -0.10926663, -0.02182567, -0.14145787, -0.04584282,  0.05429693,
         0.0585076 ,  0.04052895, -0.13881685, -0.0841291 ,  0.18655954,
         0.02313171, -0.04242508,  0.02529241,  0.        ]],
      dtype=float32), activation=array([[[31.404194  , -0.17065065, -0.1660858 , -0.14787993,
         -0.17126575, -0.18992074, -0.16539638, -0.1901686 ,
         -0.23050691, -0.23353982, -0.1970553 , -0.18899204,
         -0.15671906, -0.13459446, -0.14720947, -0.20323317,
         -0.19495536]]], dtype=float32), h_activation=array([[[5.4087243 , 5.276821  , 6.0131474 , 1.0580616 , 5.401883  ,
         0.11960837, 1.6002464 , 6.2103243 , 3.0550811 , 5.922296  ]]],
      dtype=float32), o_activation=array([[[31.404194  , -0.17065065, -0.1660858 , -0.14787993,
         -0.17126575, -0.18992074, -0.16539638, -0.1901686 ,
         -0.23050691, -0.23353982, -0.1970553 , -0.18899204,
         -0.15671906, -0.13459446, -0.14720947, -0.20323317,
         -0.19495536]]], dtype=float32), reward=1), transition(observation=array([[ 0.94213134,  0.67254484,  0.32162824,  0.02153353, -0.14897525,
         0.17536974,  0.07193645,  0.06250372,  0.08854179,  0.0071409 ,
        -0.02061798,  0.19530652,  0.15641707,  0.07354771, -0.03002468,
        -0.06187933,  0.4772856 ,  0.04121461, -0.00567465, -0.0231419 ,
        -0.01262245, -0.05583164, -0.14675814, -0.0103649 , -0.04285946,
         0.03215059, -0.03067098,  0.02873169, -0.12013658,  0.04539146,
         0.20687109, -0.00959583,  0.06309716,  0.        ]],
      dtype=float32), activation=array([[[27.056381  , -0.08045951, -0.10369085, -0.12545556,
         -0.15247035, -0.17664848, -0.17516443, -0.24010052,
         -0.26051664, -0.21692966, -0.16536182, -0.16878238,
         -0.13848451, -0.12111829, -0.1396712 , -0.1875674 ,
         -0.1364168 ]]], dtype=float32), h_activation=array([[[ 6.1597271e+00,  5.7915854e+00,  7.1503506e+00, -2.8966665e-03,
          5.9458599e+00,  4.2724356e-01,  2.3650532e+00,  6.5587025e+00,
          4.4778051e+00,  7.9742312e+00]]], dtype=float32), o_activation=array([[[27.056381  , -0.08045951, -0.10369085, -0.12545556,
         -0.15247035, -0.17664848, -0.17516443, -0.24010052,
         -0.26051664, -0.21692966, -0.16536182, -0.16878238,
         -0.13848451, -0.12111829, -0.1396712 , -0.1875674 ,
         -0.1364168 ]]], dtype=float32), reward=1), transition(observation=array([[ 1.0877512 ,  0.6917747 ,  0.4223983 , -0.06661489, -0.07391415,
         0.15485393,  0.02080328,  0.02152427,  0.19589527, -0.15111583,
         0.19290957,  0.20950322, -0.10662012, -0.04305588,  0.05180496,
         0.01911342,  0.32196212,  0.06104378, -0.01833573,  0.01943359,
        -0.01570686,  0.0138419 ,  0.03072206,  0.22131495,  0.04092617,
        -0.06961142,  0.03859793,  0.02639193,  0.331068  , -0.14168674,
         0.06966167,  0.02646115,  0.15343554,  0.        ]],
      dtype=float32), activation=array([[[29.149757  , -0.04535868, -0.09731875, -0.16658416,
         -0.19999154, -0.20036761, -0.19729614, -0.27834982,
         -0.2857649 , -0.24689531, -0.18746652, -0.15820797,
         -0.11955217, -0.14791504, -0.17201602, -0.20288314,
         -0.12660088]]], dtype=float32), h_activation=array([[[ 5.8428116e+00,  6.4025846e+00,  7.0006475e+00, -4.7183321e-03,
          6.8366380e+00,  9.6203953e-02,  2.4319644e+00,  7.3592587e+00,
          6.0733395e+00,  9.8934479e+00]]], dtype=float32), o_activation=array([[[29.149757  , -0.04535868, -0.09731875, -0.16658416,
         -0.19999154, -0.20036761, -0.19729614, -0.27834982,
         -0.2857649 , -0.24689531, -0.18746652, -0.15820797,
         -0.11955217, -0.14791504, -0.17201602, -0.20288314,
         -0.12660088]]], dtype=float32), reward=1), transition(observation=array([[ 0.8984307 ,  0.5333397 ,  0.4335143 ,  0.17294139,  0.05171606,
         0.06389128, -0.00412487,  0.10077188,  0.01486573, -0.0304976 ,
         0.23446365,  0.05814641, -0.07254763, -0.01945004, -0.0045601 ,
         0.08264526,  0.36821744,  0.03777592, -0.03367716, -0.08661256,
         0.14005224, -0.01717263,  0.10954278,  0.01762185,  0.04875778,
         0.15438765, -0.18527593,  0.11283267,  0.00669971,  0.08743282,
        -0.04466667,  0.00101766, -0.01513901,  0.        ]],
      dtype=float32), activation=array([[[21.242931  ,  0.28717995, -0.05339097, -0.16789351,
         -0.21639036, -0.19172499, -0.16833273, -0.2553206 ,
         -0.2675642 , -0.23375148, -0.15761968, -0.12069469,
         -0.11791857, -0.17081895, -0.15544528, -0.16934069,
         -0.09800455]]], dtype=float32), h_activation=array([[[ 5.896199  ,  6.0003085 ,  6.6504626 ,  0.29088473,
          7.240704  , -0.01035982,  3.6977963 ,  7.7865143 ,
          6.870225  , 10.166512  ]]], dtype=float32), o_activation=array([[[21.242931  ,  0.28717995, -0.05339097, -0.16789351,
         -0.21639036, -0.19172499, -0.16833273, -0.2553206 ,
         -0.2675642 , -0.23375148, -0.15761968, -0.12069469,
         -0.11791857, -0.17081895, -0.15544528, -0.16934069,
         -0.09800455]]], dtype=float32), reward=1), transition(observation=array([[0., 0., 0., 0., 0., 0., 0., 0., 0., 0., 0., 0., 0., 0., 0., 0.,
        0., 0., 0., 0., 0., 0., 0., 0., 0., 0., 0., 0., 0., 0., 0., 0.,
        0., 0.]], dtype=float32), activation=array([[[-1.2171551e-01,  2.2744938e+01,  1.5571614e+01,  1.4399107e+00,
         -6.6679403e-02, -8.1114501e-02, -7.1875885e-02, -1.5211959e-01,
         -1.3116540e-01, -9.2211857e-02, -8.9656496e-03,  2.6041827e+00,
          1.5435839e+00, -4.9007028e-02, -1.5962034e-02,  2.7726803e+00,
          1.3355476e+01]]], dtype=float32), h_activation=array([[[ 4.1204662e+00,  4.5328226e+00,  4.7558308e+00, -4.4480762e-03,
          5.8029127e+00, -1.2120345e-03,  4.1692719e+00,  5.7136440e+00,
          6.0926085e+00,  7.1714997e+00]]], dtype=float32), o_activation=array([[[-1.2171551e-01,  2.2744938e+01,  1.5571614e+01,  1.4399107e+00,
         -6.6679403e-02, -8.1114501e-02, -7.1875885e-02, -1.5211959e-01,
         -1.3116540e-01, -9.2211857e-02, -8.9656496e-03,  2.6041827e+00,
          1.5435839e+00, -4.9007028e-02, -1.5962034e-02,  2.7726803e+00,
          1.3355476e+01]]], dtype=float32), reward=1), transition(observation=array([[0., 0., 0., 0., 0., 0., 0., 0., 0., 0., 0., 0., 0., 0., 0., 0.,
        0., 0., 0., 0., 0., 0., 0., 0., 0., 0., 0., 0., 0., 0., 0., 0.,
        0., 0.]], dtype=float32), activation=array([[[-1.01165570e-01,  1.64400177e+01,  1.19403915e+01,
          1.04114532e+00, -5.78153133e-02, -6.84021339e-02,
         -7.76707530e-02, -1.47743359e-01, -1.11622415e-01,
         -5.26114218e-02,  9.69690800e-01,  2.12767124e+00,
          9.92397368e-01, -3.02866921e-02, -5.30933263e-03,
          2.01163197e+00,  9.14393997e+00]]], dtype=float32), h_activation=array([[[ 2.6870944e+00,  3.4697428e+00,  3.6664922e+00, -2.9138029e-03,
          4.4574928e+00, -9.8014681e-04,  4.0109558e+00,  4.1642051e+00,
          5.0269485e+00,  5.0530977e+00]]], dtype=float32), o_activation=array([[[-1.01165570e-01,  1.64400177e+01,  1.19403915e+01,
          1.04114532e+00, -5.78153133e-02, -6.84021339e-02,
         -7.76707530e-02, -1.47743359e-01, -1.11622415e-01,
         -5.26114218e-02,  9.69690800e-01,  2.12767124e+00,
          9.92397368e-01, -3.02866921e-02, -5.30933263e-03,
          2.01163197e+00,  9.14393997e+00]]], dtype=float32), reward=1)], success=True), configuration(episode=7, buffer=[transition(observation=array([[1., 0., 0., 0., 0., 0., 0., 0., 0., 0., 0., 0., 0., 0., 0., 0.,
        0., 0., 0., 0., 0., 0., 0., 0., 0., 0., 0., 0., 0., 0., 0., 0.,
        0., 0.]], dtype=float32), activation=array([[[21.951925  , -0.16273472, -0.09903108, -0.06986514,
         -0.08627328, -0.08463791, -0.07808341, -0.07997513,
         -0.07514796, -0.08803788, -0.13114357, -0.16107212,
         -0.12245279, -0.08242273, -0.10989129, -0.17945905,
         -0.20810315]]], dtype=float32), h_activation=array([[[ 0.65741384,  1.0077157 ,  0.8094139 ,  1.0622857 ,
          0.5178273 ,  0.82935977, -0.00975731,  0.98335665,
          0.01363628,  0.61610925]]], dtype=float32), o_activation=array([[[21.951925  , -0.16273472, -0.09903108, -0.06986514,
         -0.08627328, -0.08463791, -0.07808341, -0.07997513,
         -0.07514796, -0.08803788, -0.13114357, -0.16107212,
         -0.12245279, -0.08242273, -0.10989129, -0.17945905,
         -0.20810315]]], dtype=float32), reward=1), transition(observation=array([[1., 0., 0., 0., 0., 0., 0., 0., 0., 0., 0., 0., 0., 0., 0., 0.,
        0., 0., 0., 0., 0., 0., 0., 0., 0., 0., 0., 0., 0., 0., 0., 0.,
        0., 0.]], dtype=float32), activation=array([[[21.146324  , -0.14792708, -0.104919  , -0.07433729,
         -0.07984799, -0.09023384, -0.08298661, -0.07847466,
         -0.07545355, -0.10006521, -0.13596888, -0.15759169,
         -0.1181853 , -0.08480775, -0.10400171, -0.15609512,
         -0.1784867 ]]], dtype=float32), h_activation=array([[[ 1.211765  ,  1.7285006 ,  1.2898107 ,  1.7559597 ,
          1.0133047 ,  1.457543  , -0.00780531,  1.724515  ,
          0.25897866,  1.0671432 ]]], dtype=float32), o_activation=array([[[21.146324  , -0.14792708, -0.104919  , -0.07433729,
         -0.07984799, -0.09023384, -0.08298661, -0.07847466,
         -0.07545355, -0.10006521, -0.13596888, -0.15759169,
         -0.1181853 , -0.08480775, -0.10400171, -0.15609512,
         -0.1784867 ]]], dtype=float32), reward=1), transition(observation=array([[1., 0., 0., 0., 0., 0., 0., 0., 0., 0., 0., 0., 0., 0., 0., 0.,
        0., 0., 0., 0., 0., 0., 0., 0., 0., 0., 0., 0., 0., 0., 0., 0.,
        0., 0.]], dtype=float32), activation=array([[[20.430962  , -0.13669364, -0.10844178, -0.08017697,
         -0.07913208, -0.09574541, -0.08695398, -0.0815801 ,
         -0.079727  , -0.10858901, -0.1358045 , -0.15104309,
         -0.11423667, -0.08659025, -0.09905452, -0.14056572,
         -0.15914483]]], dtype=float32), h_activation=array([[[ 1.6570485 ,  2.2222865 ,  1.5444682 ,  2.1770654 ,
          1.4570724 ,  1.9150693 , -0.00590907,  2.2735069 ,
          0.62183607,  1.3858216 ]]], dtype=float32), o_activation=array([[[20.430962  , -0.13669364, -0.10844178, -0.08017697,
         -0.07913208, -0.09574541, -0.08695398, -0.0815801 ,
         -0.079727  , -0.10858901, -0.1358045 , -0.15104309,
         -0.11423667, -0.08659025, -0.09905452, -0.14056572,
         -0.15914483]]], dtype=float32), reward=1), transition(observation=array([[ 1.0236065 ,  0.12035984,  0.2827777 ,  0.43975922,  0.02653474,
        -0.19981392, -0.07824511, -0.03528029,  0.02742187, -0.03844009,
         0.09105296, -0.06446041,  0.21458204,  0.51099974,  0.29240662,
        -0.06676275, -0.00120509,  0.11340897,  0.07617447,  0.02975786,
        -0.02278384, -0.07682846,  0.04066727,  0.06474587, -0.02049169,
        -0.03074304,  0.11176821, -0.14863548, -0.01175885,  0.16701137,
        -0.01923837,  0.05970845,  0.00978193,  0.        ]],
      dtype=float32), activation=array([[[24.958084  , -0.18865593, -0.1743489 , -0.14046918,
         -0.1116013 , -0.10882326, -0.09852239, -0.10565388,
         -0.11236025, -0.14219941, -0.16378166, -0.18302394,
         -0.17852946, -0.16172199, -0.15731235, -0.18144363,
         -0.18730898]]], dtype=float32), h_activation=array([[[ 3.886323  ,  0.54355395,  2.1985548 ,  2.360011  ,
          3.3305466 ,  1.5424703 ,  0.01156169,  4.178096  ,
         -0.00668625,  1.4227462 ]]], dtype=float32), o_activation=array([[[24.958084  , -0.18865593, -0.1743489 , -0.14046918,
         -0.1116013 , -0.10882326, -0.09852239, -0.10565388,
         -0.11236025, -0.14219941, -0.16378166, -0.18302394,
         -0.17852946, -0.16172199, -0.15731235, -0.18144363,
         -0.18730898]]], dtype=float32), reward=1), transition(observation=array([[ 1.1376144e+00,  2.9797846e-01,  3.6396870e-01,  2.2152960e-01,
         3.9768428e-02, -1.4863144e-02, -1.5751743e-01, -1.3806242e-01,
        -1.4223817e-02, -1.8793693e-01,  1.3656233e-01,  1.9624805e-01,
         1.9852635e-01,  2.8479367e-01,  4.0288398e-01,  9.3261220e-02,
         3.7355509e-02,  5.5017389e-02, -5.9012420e-02, -7.6321363e-02,
         6.6503108e-02, -8.7383322e-02, -2.0966350e-01,  2.5351962e-01,
         1.2901482e-04,  1.1099273e-01, -1.6937093e-01,  6.1189722e-02,
        -8.4531317e-03,  2.1174520e-02,  1.9377698e-01, -9.5245108e-02,
         1.5355896e-02,  0.0000000e+00]], dtype=float32), activation=array([[[33.160065  , -0.20607162, -0.15738958, -0.11935504,
         -0.15725654, -0.19753923, -0.1560918 , -0.15895279,
         -0.1916107 , -0.20581071, -0.18903558, -0.20631653,
         -0.17963037, -0.12599458, -0.14695254, -0.22094522,
         -0.23218653]]], dtype=float32), h_activation=array([[[ 5.6984963e+00,  6.4797235e-01,  2.0084906e+00,  2.7173033e+00,
          4.8590441e+00,  2.2793927e+00, -3.9599836e-04,  7.1634369e+00,
          6.3789451e-01,  2.4460955e+00]]], dtype=float32), o_activation=array([[[33.160065  , -0.20607162, -0.15738958, -0.11935504,
         -0.15725654, -0.19753923, -0.1560918 , -0.15895279,
         -0.1916107 , -0.20581071, -0.18903558, -0.20631653,
         -0.17963037, -0.12599458, -0.14695254, -0.22094522,
         -0.23218653]]], dtype=float32), reward=1), transition(observation=array([[ 1.0951605 ,  0.11954373,  0.41152936,  0.21896657,  0.06064428,
         0.13385564,  0.04277591, -0.05103228, -0.09265672, -0.10767514,
        -0.08474337, -0.20562075,  0.30005053,  0.3794585 ,  0.35345265,
        -0.04045008,  0.1779286 ,  0.01196456,  0.05333969, -0.09549805,
        -0.04075115,  0.0374712 , -0.06210269,  0.01064777,  0.04880323,
        -0.10513687, -0.17588258, -0.02352611,  0.00909721,  0.06638145,
        -0.02683004, -0.1172639 , -0.03724002,  0.        ]],
      dtype=float32), activation=array([[[30.51561   , -0.16862045, -0.1094702 , -0.10279983,
         -0.17451496, -0.24193141, -0.19301043, -0.22042438,
         -0.24197996, -0.23048486, -0.14899357, -0.14388122,
         -0.13955356, -0.09324852, -0.09572281, -0.19213392,
         -0.21574764]]], dtype=float32), h_activation=array([[[6.5366716 , 0.39622355, 2.808903  , 1.113789  , 5.0089064 ,
         1.4297386 , 0.9296065 , 8.851492  , 0.21120712, 2.0445366 ]]],
      dtype=float32), o_activation=array([[[30.51561   , -0.16862045, -0.1094702 , -0.10279983,
         -0.17451496, -0.24193141, -0.19301043, -0.22042438,
         -0.24197996, -0.23048486, -0.14899357, -0.14388122,
         -0.13955356, -0.09324852, -0.09572281, -0.19213392,
         -0.21574764]]], dtype=float32), reward=1), transition(observation=array([[ 1.18150270e+00,  2.53346533e-01,  2.06490412e-01,
         1.83927506e-01,  2.73670852e-01, -5.80385961e-02,
        -1.14114322e-01, -3.64170186e-02,  5.23817167e-02,
        -1.12641826e-01,  1.60982624e-01,  1.67989552e-01,
         1.83664575e-01,  4.23961908e-01,  2.29154795e-01,
         7.44990036e-02,  8.55526850e-02,  1.71959922e-02,
        -1.55125875e-02, -5.98585382e-02,  1.46022767e-01,
        -5.56588732e-02, -3.92571837e-02,  8.87664035e-03,
        -1.40336737e-01,  5.74817462e-03, -2.07057800e-02,
         1.65440813e-01,  1.22115046e-01, -6.74800831e-04,
         5.36583848e-02, -1.25407636e-01, -1.00756828e-02,
         0.00000000e+00]], dtype=float32), activation=array([[[37.170662  , -0.1410869 , -0.08844581, -0.10001763,
         -0.18769617, -0.24170232, -0.21907203, -0.3063467 ,
         -0.33431408, -0.31964213, -0.2290862 , -0.2056485 ,
         -0.15640225, -0.0739315 , -0.09315489, -0.207452  ,
         -0.22105426]]], dtype=float32), h_activation=array([[[7.921493  , 1.0362017 , 2.9904532 , 1.7965328 , 5.909256  ,
         1.7893442 , 1.1044493 , 9.294494  , 0.50740933, 2.117406  ]]],
      dtype=float32), o_activation=array([[[37.170662  , -0.1410869 , -0.08844581, -0.10001763,
         -0.18769617, -0.24170232, -0.21907203, -0.3063467 ,
         -0.33431408, -0.31964213, -0.2290862 , -0.2056485 ,
         -0.15640225, -0.0739315 , -0.09315489, -0.207452  ,
         -0.22105426]]], dtype=float32), reward=1), transition(observation=array([[ 1.0847892 ,  0.25953165,  0.34564516,  0.17338909, -0.09223639,
         0.04491482, -0.11241779,  0.0112638 , -0.13156761, -0.13559078,
         0.04143819,  0.0509143 ,  0.22095442,  0.3660513 ,  0.14897999,
         0.19990309,  0.03409841,  0.06817699,  0.20230618, -0.24039397,
        -0.19012375,  0.1390304 , -0.15758112,  0.02326532, -0.02346585,
        -0.01364188, -0.08264345,  0.3030605 , -0.10984299,  0.0989584 ,
         0.07169922, -0.10395539,  0.05960077,  0.        ]],
      dtype=float32), activation=array([[[32.722935  , -0.12288785, -0.07532036, -0.07254475,
         -0.15048116, -0.2333268 , -0.22600898, -0.31148878,
         -0.32971302, -0.28088588, -0.17226288, -0.16022807,
         -0.11547226, -0.03878361, -0.07206866, -0.19016574,
         -0.19198515]]], dtype=float32), h_activation=array([[[ 8.255619 ,  0.5368988,  3.1398146,  1.3155048,  6.480009 ,
          1.9336419,  2.177466 , 10.18385  ,  1.5088842,  2.3833022]]],
      dtype=float32), o_activation=array([[[32.722935  , -0.12288785, -0.07532036, -0.07254475,
         -0.15048116, -0.2333268 , -0.22600898, -0.31148878,
         -0.32971302, -0.28088588, -0.17226288, -0.16022807,
         -0.11547226, -0.03878361, -0.07206866, -0.19016574,
         -0.19198515]]], dtype=float32), reward=1), transition(observation=array([[0., 0., 0., 0., 0., 0., 0., 0., 0., 0., 0., 0., 0., 0., 0., 0.,
        0., 0., 0., 0., 0., 0., 0., 0., 0., 0., 0., 0., 0., 0., 0., 0.,
        0., 0.]], dtype=float32), activation=array([[[-0.02894565,  9.613827  , 12.750262  ,  9.178728  ,
         -0.02204605, -0.12364709, -0.1153206 , -0.21999049,
         -0.22908165, -0.17217413, -0.02666959,  2.199624  ,
          7.852947  , 15.644453  , 12.469334  ,  2.7652636 ,
          3.259832  ]]], dtype=float32), h_activation=array([[[6.0858274 , 0.65302193, 2.2215102 , 0.64445317, 5.177735  ,
         1.26256   , 3.0662947 , 7.6031656 , 2.1412976 , 1.4992234 ]]],
      dtype=float32), o_activation=array([[[-0.02894565,  9.613827  , 12.750262  ,  9.178728  ,
         -0.02204605, -0.12364709, -0.1153206 , -0.21999049,
         -0.22908165, -0.17217413, -0.02666959,  2.199624  ,
          7.852947  , 15.644453  , 12.469334  ,  2.7652636 ,
          3.259832  ]]], dtype=float32), reward=1), transition(observation=array([[0., 0., 0., 0., 0., 0., 0., 0., 0., 0., 0., 0., 0., 0., 0., 0.,
        0., 0., 0., 0., 0., 0., 0., 0., 0., 0., 0., 0., 0., 0., 0., 0.,
        0., 0.]], dtype=float32), activation=array([[[-3.1913090e-02,  7.1924763e+00,  1.0130821e+01,  7.1009102e+00,
         -1.8875603e-02, -9.3969516e-02, -1.1032919e-01, -2.0530735e-01,
         -1.9009934e-01, -1.1414387e-01, -4.5819236e-03,  1.7775664e+00,
          5.8148460e+00,  1.2218170e+01,  9.5582027e+00,  1.7162910e+00,
          1.9137459e+00]]], dtype=float32), h_activation=array([[[4.3051887 , 0.7344423 , 1.8349726 , 0.41883135, 3.9580152 ,
         0.796719  , 3.2374134 , 5.6495514 , 2.1217937 , 0.9095145 ]]],
      dtype=float32), o_activation=array([[[-3.1913090e-02,  7.1924763e+00,  1.0130821e+01,  7.1009102e+00,
         -1.8875603e-02, -9.3969516e-02, -1.1032919e-01, -2.0530735e-01,
         -1.9009934e-01, -1.1414387e-01, -4.5819236e-03,  1.7775664e+00,
          5.8148460e+00,  1.2218170e+01,  9.5582027e+00,  1.7162910e+00,
          1.9137459e+00]]], dtype=float32), reward=1)], success=True), configuration(episode=8, buffer=[transition(observation=array([[1., 0., 0., 0., 0., 0., 0., 0., 0., 0., 0., 0., 0., 0., 0., 0.,
        0., 0., 0., 0., 0., 0., 0., 0., 0., 0., 0., 0., 0., 0., 0., 0.,
        0., 0.]], dtype=float32), activation=array([[[21.951925  , -0.16273472, -0.09903108, -0.06986514,
         -0.08627328, -0.08463791, -0.07808341, -0.07997513,
         -0.07514796, -0.08803788, -0.13114357, -0.16107212,
         -0.12245279, -0.08242273, -0.10989129, -0.17945905,
         -0.20810315]]], dtype=float32), h_activation=array([[[ 0.65741384,  1.0077157 ,  0.8094139 ,  1.0622857 ,
          0.5178273 ,  0.82935977, -0.00975731,  0.98335665,
          0.01363628,  0.61610925]]], dtype=float32), o_activation=array([[[21.951925  , -0.16273472, -0.09903108, -0.06986514,
         -0.08627328, -0.08463791, -0.07808341, -0.07997513,
         -0.07514796, -0.08803788, -0.13114357, -0.16107212,
         -0.12245279, -0.08242273, -0.10989129, -0.17945905,
         -0.20810315]]], dtype=float32), reward=1), transition(observation=array([[1., 0., 0., 0., 0., 0., 0., 0., 0., 0., 0., 0., 0., 0., 0., 0.,
        0., 0., 0., 0., 0., 0., 0., 0., 0., 0., 0., 0., 0., 0., 0., 0.,
        0., 0.]], dtype=float32), activation=array([[[21.146324  , -0.14792708, -0.104919  , -0.07433729,
         -0.07984799, -0.09023384, -0.08298661, -0.07847466,
         -0.07545355, -0.10006521, -0.13596888, -0.15759169,
         -0.1181853 , -0.08480775, -0.10400171, -0.15609512,
         -0.1784867 ]]], dtype=float32), h_activation=array([[[ 1.211765  ,  1.7285006 ,  1.2898107 ,  1.7559597 ,
          1.0133047 ,  1.457543  , -0.00780531,  1.724515  ,
          0.25897866,  1.0671432 ]]], dtype=float32), o_activation=array([[[21.146324  , -0.14792708, -0.104919  , -0.07433729,
         -0.07984799, -0.09023384, -0.08298661, -0.07847466,
         -0.07545355, -0.10006521, -0.13596888, -0.15759169,
         -0.1181853 , -0.08480775, -0.10400171, -0.15609512,
         -0.1784867 ]]], dtype=float32), reward=1), transition(observation=array([[1., 0., 0., 0., 0., 0., 0., 0., 0., 0., 0., 0., 0., 0., 0., 0.,
        0., 0., 0., 0., 0., 0., 0., 0., 0., 0., 0., 0., 0., 0., 0., 0.,
        0., 0.]], dtype=float32), activation=array([[[20.430962  , -0.13669364, -0.10844178, -0.08017697,
         -0.07913208, -0.09574541, -0.08695398, -0.0815801 ,
         -0.079727  , -0.10858901, -0.1358045 , -0.15104309,
         -0.11423667, -0.08659025, -0.09905452, -0.14056572,
         -0.15914483]]], dtype=float32), h_activation=array([[[ 1.6570485 ,  2.2222865 ,  1.5444682 ,  2.1770654 ,
          1.4570724 ,  1.9150693 , -0.00590907,  2.2735069 ,
          0.62183607,  1.3858216 ]]], dtype=float32), o_activation=array([[[20.430962  , -0.13669364, -0.10844178, -0.08017697,
         -0.07913208, -0.09574541, -0.08695398, -0.0815801 ,
         -0.079727  , -0.10858901, -0.1358045 , -0.15104309,
         -0.11423667, -0.08659025, -0.09905452, -0.14056572,
         -0.15914483]]], dtype=float32), reward=1), transition(observation=array([[ 0.80392265,  0.25195703,  0.43093786,  0.21406119, -0.09773592,
         0.11778393, -0.01163094,  0.01318493, -0.08595581,  0.12092344,
        -0.09424914, -0.05467982, -0.05045826,  0.100927  ,  0.43273923,
         0.16970935, -0.00687654, -0.02842616, -0.04123553, -0.00872364,
        -0.06980669,  0.01150662, -0.17690966, -0.10290721,  0.05879296,
         0.07154576, -0.18926352,  0.02523082, -0.01573092,  0.10249961,
        -0.11642602,  0.02645227,  0.07258623,  0.        ]],
      dtype=float32), activation=array([[[19.664259  , -0.17430381, -0.14785746, -0.1143081 ,
         -0.0960954 , -0.10069336, -0.08863796, -0.0887652 ,
         -0.09925459, -0.11782071, -0.12044912, -0.12495445,
         -0.11765587, -0.11216524, -0.12015241, -0.16348125,
         -0.18126123]]], dtype=float32), h_activation=array([[[1.5565963 , 2.0058563 , 1.2810841 , 1.5004683 , 2.8220515 ,
         1.293306  , 0.4190942 , 5.276743  , 0.55234337, 2.4149404 ]]],
      dtype=float32), o_activation=array([[[19.664259  , -0.17430381, -0.14785746, -0.1143081 ,
         -0.0960954 , -0.10069336, -0.08863796, -0.0887652 ,
         -0.09925459, -0.11782071, -0.12044912, -0.12495445,
         -0.11765587, -0.11216524, -0.12015241, -0.16348125,
         -0.18126123]]], dtype=float32), reward=1), transition(observation=array([[ 8.5254365e-01,  1.8899903e-01,  5.1417947e-01,  2.2823724e-01,
         1.3625136e-01,  1.0369365e-02, -1.4767143e-01, -2.0950608e-04,
         2.8104829e-02, -6.5900266e-02,  9.1835842e-02, -1.3730796e-01,
         3.4148164e-02,  1.8098707e-01,  2.7699295e-01,  7.2998755e-02,
        -1.0380911e-01, -1.3216120e-01, -2.7888536e-02, -6.7584850e-02,
        -2.5266821e-02, -3.2842461e-02, -5.6231081e-02,  1.1791359e-02,
         7.3863782e-02, -1.5872955e-01,  1.5320011e-02, -1.7336693e-01,
         2.0830593e-01, -1.0191331e-01, -4.8413035e-02,  7.6539695e-02,
         3.1832073e-02,  0.0000000e+00]], dtype=float32), activation=array([[[20.098719  , -0.1408492 , -0.09600857, -0.11243732,
         -0.12776463, -0.12479196, -0.10286065, -0.14001212,
         -0.14966631, -0.16941193, -0.14192794, -0.14439477,
         -0.14950442, -0.10758527, -0.06596691, -0.13336618,
         -0.18200469]]], dtype=float32), h_activation=array([[[ 2.3134947e+00,  1.2990801e+00,  6.7998773e-01,  1.3552307e+00,
          3.6293800e+00,  2.8435495e-01,  4.6914130e-01,  6.9299393e+00,
         -8.2819560e-04,  3.2251878e+00]]], dtype=float32), o_activation=array([[[20.098719  , -0.1408492 , -0.09600857, -0.11243732,
         -0.12776463, -0.12479196, -0.10286065, -0.14001212,
         -0.14966631, -0.16941193, -0.14192794, -0.14439477,
         -0.14950442, -0.10758527, -0.06596691, -0.13336618,
         -0.18200469]]], dtype=float32), reward=1), transition(observation=array([[ 1.0832443 ,  0.39755684,  0.3930236 ,  0.44900247, -0.01447342,
        -0.032543  ,  0.0787108 , -0.24131222, -0.07127044, -0.02987121,
         0.07392516, -0.07409181,  0.12670614,  0.11194598,  0.45789093,
         0.29673597,  0.05083697, -0.0351201 , -0.02582671, -0.04496732,
        -0.06388248,  0.12823652,  0.03491576,  0.03805489, -0.16023143,
        -0.00972529,  0.10200117,  0.00578806, -0.05867679, -0.01620195,
         0.07345189, -0.02349302, -0.21698503,  0.        ]],
      dtype=float32), activation=array([[[31.191917  , -0.1908609 , -0.09499714, -0.1130335 ,
         -0.17202482, -0.18439935, -0.16241424, -0.21066445,
         -0.22781801, -0.23556219, -0.18423653, -0.19126098,
         -0.20751622, -0.15540874, -0.10530216, -0.21092553,
         -0.2733176 ]]], dtype=float32), h_activation=array([[[3.4043038 , 1.0445952 , 0.5971449 , 1.4519746 , 4.809164  ,
         0.20785508, 2.1765249 , 9.731487  , 0.7832284 , 3.598258  ]]],
      dtype=float32), o_activation=array([[[31.191917  , -0.1908609 , -0.09499714, -0.1130335 ,
         -0.17202482, -0.18439935, -0.16241424, -0.21066445,
         -0.22781801, -0.23556219, -0.18423653, -0.19126098,
         -0.20751622, -0.15540874, -0.10530216, -0.21092553,
         -0.2733176 ]]], dtype=float32), reward=1), transition(observation=array([[ 0.91738987,  0.2740518 ,  0.27050588,  0.25554043,  0.09839148,
         0.21948811,  0.13880259,  0.03207915, -0.18283553,  0.02262861,
        -0.15064979, -0.10690518,  0.1540839 ,  0.13899443,  0.42882892,
         0.24130987,  0.19477397, -0.024398  , -0.02093757,  0.14733437,
         0.06432563,  0.03144437, -0.00315474,  0.0521807 , -0.01463946,
         0.05733429, -0.01247497, -0.17299502, -0.16893877, -0.0693947 ,
         0.19713566,  0.1358822 , -0.04124187,  0.        ]],
      dtype=float32), activation=array([[[ 2.8692959e+01, -1.2849492e-01, -1.5077333e-02, -6.2748633e-02,
         -1.7604262e-01, -2.2635256e-01, -2.2760269e-01, -3.0619511e-01,
         -2.9338399e-01, -2.5449538e-01, -1.4432487e-01, -1.4038917e-01,
         -1.7425336e-01, -1.1682081e-01, -4.4645309e-02, -1.5792553e-01,
         -2.3020296e-01]]], dtype=float32), h_activation=array([[[ 3.3507893e+00,  1.5016859e+00,  1.6367991e+00,  8.7571478e-01,
          4.3848128e+00, -1.3614735e-03,  3.1347122e+00,  1.0982359e+01,
          1.0134823e+00,  2.7085614e+00]]], dtype=float32), o_activation=array([[[ 2.8692959e+01, -1.2849492e-01, -1.5077333e-02, -6.2748633e-02,
         -1.7604262e-01, -2.2635256e-01, -2.2760269e-01, -3.0619511e-01,
         -2.9338399e-01, -2.5449538e-01, -1.4432487e-01, -1.4038917e-01,
         -1.7425336e-01, -1.1682081e-01, -4.4645309e-02, -1.5792553e-01,
         -2.3020296e-01]]], dtype=float32), reward=1), transition(observation=array([[ 9.17950153e-01,  2.14547172e-01,  4.08367008e-01,
         3.81459683e-01, -3.10915988e-04, -1.45684317e-01,
        -5.25016710e-02, -1.22707009e-01,  1.48818061e-01,
        -1.66960135e-02,  8.03275965e-03, -2.47912761e-03,
        -1.46245643e-01,  2.45641604e-01,  4.15370911e-01,
         1.85382351e-01,  1.42203033e-01, -3.63224521e-02,
        -1.20838275e-02,  7.81890750e-02, -4.18840870e-02,
         4.92485501e-02,  7.12798722e-03, -9.27148503e-04,
        -5.16628399e-02, -7.25013763e-02, -6.17196027e-04,
         1.18338659e-01,  3.74756567e-02,  1.19990870e-01,
         1.99509552e-03, -1.57614753e-01,  1.18048817e-01,
         0.00000000e+00]], dtype=float32), activation=array([[[ 2.71238823e+01, -1.07870735e-01, -1.48955910e-02,
         -6.32437021e-02, -1.41889587e-01, -1.63249984e-01,
         -1.93799838e-01, -3.37213457e-01, -3.47560525e-01,
         -3.12500536e-01, -1.73686028e-01, -1.47494897e-01,
         -1.64950922e-01, -9.39158574e-02, -2.31772605e-02,
         -1.33609504e-01, -1.99397460e-01]]], dtype=float32), h_activation=array([[[ 3.1685896e+00,  7.0079547e-01,  1.4041120e+00,  1.3766056e+00,
          5.4555311e+00, -3.0599262e-03,  4.2761450e+00,  1.1334281e+01,
          6.3025439e-01,  3.1044831e+00]]], dtype=float32), o_activation=array([[[ 2.71238823e+01, -1.07870735e-01, -1.48955910e-02,
         -6.32437021e-02, -1.41889587e-01, -1.63249984e-01,
         -1.93799838e-01, -3.37213457e-01, -3.47560525e-01,
         -3.12500536e-01, -1.73686028e-01, -1.47494897e-01,
         -1.64950922e-01, -9.39158574e-02, -2.31772605e-02,
         -1.33609504e-01, -1.99397460e-01]]], dtype=float32), reward=1), transition(observation=array([[0., 0., 0., 0., 0., 0., 0., 0., 0., 0., 0., 0., 0., 0., 0., 0.,
        0., 0., 0., 0., 0., 0., 0., 0., 0., 0., 0., 0., 0., 0., 0., 0.,
        0., 0.]], dtype=float32), activation=array([[[-2.8312091e-02,  9.2284508e+00,  1.8461643e+01,  1.1790687e+01,
         -1.8441495e-02, -1.0487049e-01, -1.3348787e-01, -2.3254411e-01,
         -2.0934507e-01, -1.6978437e-01, -3.9506428e-02, -2.6128957e-02,
         -2.5289359e-02,  7.4615445e+00,  1.6333794e+01,  8.2596645e+00,
          1.2231727e+00]]], dtype=float32), h_activation=array([[[ 1.9277186e+00,  6.4741087e-01,  1.1851847e+00,  9.2919010e-01,
          4.1528821e+00, -2.3070732e-03,  4.1419797e+00,  8.2442608e+00,
          1.1227396e+00,  2.0112972e+00]]], dtype=float32), o_activation=array([[[-2.8312091e-02,  9.2284508e+00,  1.8461643e+01,  1.1790687e+01,
         -1.8441495e-02, -1.0487049e-01, -1.3348787e-01, -2.3254411e-01,
         -2.0934507e-01, -1.6978437e-01, -3.9506428e-02, -2.6128957e-02,
         -2.5289359e-02,  7.4615445e+00,  1.6333794e+01,  8.2596645e+00,
          1.2231727e+00]]], dtype=float32), reward=1), transition(observation=array([[0., 0., 0., 0., 0., 0., 0., 0., 0., 0., 0., 0., 0., 0., 0., 0.,
        0., 0., 0., 0., 0., 0., 0., 0., 0., 0., 0., 0., 0., 0., 0., 0.,
        0., 0.]], dtype=float32), activation=array([[[-0.03546761,  6.2168407 , 13.6966915 ,  8.838825  ,
         -0.01576202, -0.07688048, -0.10647663, -0.18473831,
         -0.15677974, -0.1150242 , -0.02438779, -0.02473276,
         -0.02264754,  5.8886228 , 12.396598  ,  6.0556703 ,
          0.3109479 ]]], dtype=float32), h_activation=array([[[ 1.0096998e+00,  6.6876602e-01,  1.2350391e+00,  8.4004635e-01,
          3.0363631e+00, -1.3008097e-03,  3.5899186e+00,  6.0097122e+00,
          1.1235691e+00,  1.3149759e+00]]], dtype=float32), o_activation=array([[[-0.03546761,  6.2168407 , 13.6966915 ,  8.838825  ,
         -0.01576202, -0.07688048, -0.10647663, -0.18473831,
         -0.15677974, -0.1150242 , -0.02438779, -0.02473276,
         -0.02264754,  5.8886228 , 12.396598  ,  6.0556703 ,
          0.3109479 ]]], dtype=float32), reward=1)], success=True), configuration(episode=9, buffer=[transition(observation=array([[1., 0., 0., 0., 0., 0., 0., 0., 0., 0., 0., 0., 0., 0., 0., 0.,
        0., 0., 0., 0., 0., 0., 0., 0., 0., 0., 0., 0., 0., 0., 0., 0.,
        0., 0.]], dtype=float32), activation=array([[[21.951925  , -0.16273472, -0.09903108, -0.06986514,
         -0.08627328, -0.08463791, -0.07808341, -0.07997513,
         -0.07514796, -0.08803788, -0.13114357, -0.16107212,
         -0.12245279, -0.08242273, -0.10989129, -0.17945905,
         -0.20810315]]], dtype=float32), h_activation=array([[[ 0.65741384,  1.0077157 ,  0.8094139 ,  1.0622857 ,
          0.5178273 ,  0.82935977, -0.00975731,  0.98335665,
          0.01363628,  0.61610925]]], dtype=float32), o_activation=array([[[21.951925  , -0.16273472, -0.09903108, -0.06986514,
         -0.08627328, -0.08463791, -0.07808341, -0.07997513,
         -0.07514796, -0.08803788, -0.13114357, -0.16107212,
         -0.12245279, -0.08242273, -0.10989129, -0.17945905,
         -0.20810315]]], dtype=float32), reward=1), transition(observation=array([[1., 0., 0., 0., 0., 0., 0., 0., 0., 0., 0., 0., 0., 0., 0., 0.,
        0., 0., 0., 0., 0., 0., 0., 0., 0., 0., 0., 0., 0., 0., 0., 0.,
        0., 0.]], dtype=float32), activation=array([[[21.146324  , -0.14792708, -0.104919  , -0.07433729,
         -0.07984799, -0.09023384, -0.08298661, -0.07847466,
         -0.07545355, -0.10006521, -0.13596888, -0.15759169,
         -0.1181853 , -0.08480775, -0.10400171, -0.15609512,
         -0.1784867 ]]], dtype=float32), h_activation=array([[[ 1.211765  ,  1.7285006 ,  1.2898107 ,  1.7559597 ,
          1.0133047 ,  1.457543  , -0.00780531,  1.724515  ,
          0.25897866,  1.0671432 ]]], dtype=float32), o_activation=array([[[21.146324  , -0.14792708, -0.104919  , -0.07433729,
         -0.07984799, -0.09023384, -0.08298661, -0.07847466,
         -0.07545355, -0.10006521, -0.13596888, -0.15759169,
         -0.1181853 , -0.08480775, -0.10400171, -0.15609512,
         -0.1784867 ]]], dtype=float32), reward=1), transition(observation=array([[1., 0., 0., 0., 0., 0., 0., 0., 0., 0., 0., 0., 0., 0., 0., 0.,
        0., 0., 0., 0., 0., 0., 0., 0., 0., 0., 0., 0., 0., 0., 0., 0.,
        0., 0.]], dtype=float32), activation=array([[[20.430962  , -0.13669364, -0.10844178, -0.08017697,
         -0.07913208, -0.09574541, -0.08695398, -0.0815801 ,
         -0.079727  , -0.10858901, -0.1358045 , -0.15104309,
         -0.11423667, -0.08659025, -0.09905452, -0.14056572,
         -0.15914483]]], dtype=float32), h_activation=array([[[ 1.6570485 ,  2.2222865 ,  1.5444682 ,  2.1770654 ,
          1.4570724 ,  1.9150693 , -0.00590907,  2.2735069 ,
          0.62183607,  1.3858216 ]]], dtype=float32), o_activation=array([[[20.430962  , -0.13669364, -0.10844178, -0.08017697,
         -0.07913208, -0.09574541, -0.08695398, -0.0815801 ,
         -0.079727  , -0.10858901, -0.1358045 , -0.15104309,
         -0.11423667, -0.08659025, -0.09905452, -0.14056572,
         -0.15914483]]], dtype=float32), reward=1), transition(observation=array([[ 0.96386343,  0.21406905,  0.23262072,  0.01401587,  0.05459236,
        -0.06465991,  0.05528414,  0.03228793,  0.02194572,  0.1969406 ,
         0.12272671,  0.19107285,  0.37400332,  0.42379212,  0.39297435,
         0.1305505 ,  0.18260284,  0.00355399, -0.08096418, -0.1271491 ,
        -0.08191146,  0.08827212,  0.11573166,  0.08183804, -0.0516387 ,
         0.12586136,  0.06761932,  0.06654283,  0.05151269, -0.2157022 ,
        -0.02321252,  0.05492911,  0.10255299,  0.        ]],
      dtype=float32), activation=array([[[29.472015  , -0.19392337, -0.16747467, -0.12459514,
         -0.12226363, -0.12646103, -0.12081065, -0.12988725,
         -0.14620115, -0.17982203, -0.20562187, -0.2174708 ,
         -0.20588578, -0.18725361, -0.18261391, -0.20780382,
         -0.21342205]]], dtype=float32), h_activation=array([[[3.6176789 , 2.5140035 , 2.510457  , 2.0530982 , 3.935022  ,
         3.6376686 , 0.1572839 , 4.0031385 , 0.94109595, 1.7093068 ]]],
      dtype=float32), o_activation=array([[[29.472015  , -0.19392337, -0.16747467, -0.12459514,
         -0.12226363, -0.12646103, -0.12081065, -0.12988725,
         -0.14620115, -0.17982203, -0.20562187, -0.2174708 ,
         -0.20588578, -0.18725361, -0.18261391, -0.20780382,
         -0.21342205]]], dtype=float32), reward=1), transition(observation=array([[ 1.1127542 ,  0.12339322, -0.01246487,  0.03570092, -0.10172892,
         0.13028416,  0.00156262, -0.046487  , -0.18941814,  0.01078603,
        -0.01248116,  0.37292677,  0.4979722 ,  0.30727252,  0.22628772,
         0.2260261 ,  0.20670648, -0.03482723,  0.05406067,  0.06143432,
         0.01805392,  0.03750261,  0.02362032,  0.10858074,  0.13029374,
         0.16497298,  0.03786303, -0.01230523, -0.01840072, -0.05021313,
        -0.01407768,  0.04979216, -0.07556958,  0.        ]],
      dtype=float32), activation=array([[[31.321827  , -0.15907224, -0.15811409, -0.15314345,
         -0.17744882, -0.19766763, -0.16564743, -0.16413018,
         -0.15979375, -0.182917  , -0.20370151, -0.21081549,
         -0.1795076 , -0.14431098, -0.15132844, -0.20060714,
         -0.19639398]]], dtype=float32), h_activation=array([[[5.738967  , 2.7127497 , 3.0290635 , 2.2139225 , 4.6260834 ,
         6.0788755 , 0.73664063, 5.740594  , 2.6390533 , 1.2108781 ]]],
      dtype=float32), o_activation=array([[[31.321827  , -0.15907224, -0.15811409, -0.15314345,
         -0.17744882, -0.19766763, -0.16564743, -0.16413018,
         -0.15979375, -0.182917  , -0.20370151, -0.21081549,
         -0.1795076 , -0.14431098, -0.15132844, -0.20060714,
         -0.19639398]]], dtype=float32), reward=1), transition(observation=array([[ 0.8515805 , -0.0974491 , -0.05819305,  0.16353478, -0.02272179,
         0.04009956,  0.08737485,  0.10186983, -0.01164889,  0.04399677,
         0.07055833,  0.13239205,  0.44686785,  0.36689618,  0.44007367,
         0.5468908 ,  0.12532273,  0.09930554,  0.06965587,  0.04312303,
        -0.10856745,  0.00795007,  0.09234953,  0.10577555, -0.0564018 ,
         0.02493258, -0.08265971, -0.18209098,  0.00770331, -0.13682173,
        -0.15715201,  0.12860107,  0.06270856,  0.        ]],
      dtype=float32), activation=array([[[25.195871  , -0.11007711, -0.14215064, -0.16376393,
         -0.18460342, -0.19773129, -0.17062262, -0.21663472,
         -0.21235646, -0.2228669 , -0.17875512, -0.12284008,
         -0.09835653, -0.10311155, -0.12782145, -0.166293  ,
         -0.1455256 ]]], dtype=float32), h_activation=array([[[ 5.678444  ,  1.7945771 ,  2.6867223 ,  3.1361818 ,
          5.092226  ,  7.946959  ,  2.4999056 ,  6.8074427 ,
          3.0372221 , -0.00824797]]], dtype=float32), o_activation=array([[[25.195871  , -0.11007711, -0.14215064, -0.16376393,
         -0.18460342, -0.19773129, -0.17062262, -0.21663472,
         -0.21235646, -0.2228669 , -0.17875512, -0.12284008,
         -0.09835653, -0.10311155, -0.12782145, -0.166293  ,
         -0.1455256 ]]], dtype=float32), reward=1), transition(observation=array([[ 1.0135386 ,  0.07532668, -0.06020056,  0.05542668, -0.06714403,
         0.15135607,  0.1816827 , -0.05586997, -0.00650902,  0.08954012,
         0.1676721 ,  0.46341425,  0.3116178 ,  0.27202407,  0.29767534,
         0.38366008,  0.15040159, -0.08320684,  0.02770542, -0.02655947,
        -0.25027436,  0.1262748 ,  0.11540272, -0.08357655, -0.15913704,
        -0.10839212, -0.07209357,  0.00337213,  0.10719132,  0.09389448,
         0.07875711,  0.04546428,  0.01621923,  0.        ]],
      dtype=float32), activation=array([[[32.57499   , -0.14192796, -0.17313835, -0.19945069,
         -0.23802923, -0.2660119 , -0.24749817, -0.28841844,
         -0.26465783, -0.26925835, -0.20924994, -0.13480264,
         -0.09884453, -0.08604633, -0.0871068 , -0.12292268,
         -0.1494236 ]]], dtype=float32), h_activation=array([[[ 5.8117666e+00,  2.0766215e+00,  2.3444450e+00,  3.4101267e+00,
          5.6289239e+00,  8.8979187e+00,  3.1996164e+00,  7.1718931e+00,
          5.1123271e+00, -4.5739249e-03]]], dtype=float32), o_activation=array([[[32.57499   , -0.14192796, -0.17313835, -0.19945069,
         -0.23802923, -0.2660119 , -0.24749817, -0.28841844,
         -0.26465783, -0.26925835, -0.20924994, -0.13480264,
         -0.09884453, -0.08604633, -0.0871068 , -0.12292268,
         -0.1494236 ]]], dtype=float32), reward=1), transition(observation=array([[ 1.1254252 ,  0.25662914, -0.1040603 , -0.01433613,  0.05380874,
         0.08840854,  0.0271497 , -0.05513231, -0.01852523, -0.02493335,
        -0.07572423,  0.20742321,  0.51369476,  0.19302785,  0.2746249 ,
         0.2675087 ,  0.1836355 , -0.152098  , -0.13360824, -0.00438608,
        -0.03434365,  0.05750415, -0.09204033,  0.15429154, -0.06975003,
        -0.01682742,  0.09052084,  0.17264956,  0.03494821, -0.08376294,
        -0.19113076,  0.09590482, -0.05731081,  0.        ]],
      dtype=float32), activation=array([[[30.858315  , -0.16111097, -0.19670917, -0.23834532,
         -0.26126534, -0.27296677, -0.25498104, -0.31869644,
         -0.28423205, -0.25103804, -0.15962186, -0.08074535,
         -0.0840835 , -0.10559621, -0.0847964 , -0.11409277,
         -0.16307798]]], dtype=float32), h_activation=array([[[6.595004  , 2.447188  , 3.1025264 , 2.7286205 , 5.2173734 ,
         9.622458  , 3.8769817 , 7.648203  , 4.963948  , 0.05964474]]],
      dtype=float32), o_activation=array([[[30.858315  , -0.16111097, -0.19670917, -0.23834532,
         -0.26126534, -0.27296677, -0.25498104, -0.31869644,
         -0.28423205, -0.25103804, -0.15962186, -0.08074535,
         -0.0840835 , -0.10559621, -0.0847964 , -0.11409277,
         -0.16307798]]], dtype=float32), reward=1), transition(observation=array([[0., 0., 0., 0., 0., 0., 0., 0., 0., 0., 0., 0., 0., 0., 0., 0.,
        0., 0., 0., 0., 0., 0., 0., 0., 0., 0., 0., 0., 0., 0., 0., 0.,
        0., 0.]], dtype=float32), activation=array([[[-7.79789165e-02,  4.92939091e+00, -3.56128253e-02,
         -9.86892954e-02, -8.99733081e-02, -1.09408684e-01,
         -1.17054842e-01, -1.99247301e-01, -1.44032538e-01,
         -1.15619533e-01, -8.38892441e-03,  1.15978241e+01,
          1.54040585e+01,  1.25372601e+01,  1.18876400e+01,
          1.21021385e+01,  8.68616104e+00]]], dtype=float32), h_activation=array([[[ 4.6430039e+00,  1.6147778e+00,  2.3764257e+00,  1.7898700e+00,
          3.9439442e+00,  6.8437724e+00,  4.4031744e+00,  5.6695070e+00,
          4.5130339e+00, -1.0263949e-03]]], dtype=float32), o_activation=array([[[-7.79789165e-02,  4.92939091e+00, -3.56128253e-02,
         -9.86892954e-02, -8.99733081e-02, -1.09408684e-01,
         -1.17054842e-01, -1.99247301e-01, -1.44032538e-01,
         -1.15619533e-01, -8.38892441e-03,  1.15978241e+01,
          1.54040585e+01,  1.25372601e+01,  1.18876400e+01,
          1.21021385e+01,  8.68616104e+00]]], dtype=float32), reward=1), transition(observation=array([[0., 0., 0., 0., 0., 0., 0., 0., 0., 0., 0., 0., 0., 0., 0., 0.,
        0., 0., 0., 0., 0., 0., 0., 0., 0., 0., 0., 0., 0., 0., 0., 0.,
        0., 0.]], dtype=float32), activation=array([[[-0.06608192,  3.6575603 , -0.01339351, -0.06189343,
         -0.06930206, -0.08714054, -0.11130599, -0.18179093,
         -0.12242062, -0.07926007,  0.05199194,  8.462692  ,
         11.341488  ,  9.278961  ,  8.767946  ,  8.958237  ,
          6.0762753 ]]], dtype=float32), h_activation=array([[[ 3.0843291e+00,  1.1305964e+00,  2.1346440e+00,  1.3826216e+00,
          2.8140724e+00,  4.8586345e+00,  4.1951370e+00,  4.1752529e+00,
          3.6916323e+00, -9.5622148e-04]]], dtype=float32), o_activation=array([[[-0.06608192,  3.6575603 , -0.01339351, -0.06189343,
         -0.06930206, -0.08714054, -0.11130599, -0.18179093,
         -0.12242062, -0.07926007,  0.05199194,  8.462692  ,
         11.341488  ,  9.278961  ,  8.767946  ,  8.958237  ,
          6.0762753 ]]], dtype=float32), reward=1)], success=True), configuration(episode=10, buffer=[transition(observation=array([[1., 0., 0., 0., 0., 0., 0., 0., 0., 0., 0., 0., 0., 0., 0., 0.,
        0., 0., 0., 0., 0., 0., 0., 0., 0., 0., 0., 0., 0., 0., 0., 0.,
        0., 0.]], dtype=float32), activation=array([[[21.951925  , -0.16273472, -0.09903108, -0.06986514,
         -0.08627328, -0.08463791, -0.07808341, -0.07997513,
         -0.07514796, -0.08803788, -0.13114357, -0.16107212,
         -0.12245279, -0.08242273, -0.10989129, -0.17945905,
         -0.20810315]]], dtype=float32), h_activation=array([[[ 0.65741384,  1.0077157 ,  0.8094139 ,  1.0622857 ,
          0.5178273 ,  0.82935977, -0.00975731,  0.98335665,
          0.01363628,  0.61610925]]], dtype=float32), o_activation=array([[[21.951925  , -0.16273472, -0.09903108, -0.06986514,
         -0.08627328, -0.08463791, -0.07808341, -0.07997513,
         -0.07514796, -0.08803788, -0.13114357, -0.16107212,
         -0.12245279, -0.08242273, -0.10989129, -0.17945905,
         -0.20810315]]], dtype=float32), reward=1), transition(observation=array([[1., 0., 0., 0., 0., 0., 0., 0., 0., 0., 0., 0., 0., 0., 0., 0.,
        0., 0., 0., 0., 0., 0., 0., 0., 0., 0., 0., 0., 0., 0., 0., 0.,
        0., 0.]], dtype=float32), activation=array([[[21.146324  , -0.14792708, -0.104919  , -0.07433729,
         -0.07984799, -0.09023384, -0.08298661, -0.07847466,
         -0.07545355, -0.10006521, -0.13596888, -0.15759169,
         -0.1181853 , -0.08480775, -0.10400171, -0.15609512,
         -0.1784867 ]]], dtype=float32), h_activation=array([[[ 1.211765  ,  1.7285006 ,  1.2898107 ,  1.7559597 ,
          1.0133047 ,  1.457543  , -0.00780531,  1.724515  ,
          0.25897866,  1.0671432 ]]], dtype=float32), o_activation=array([[[21.146324  , -0.14792708, -0.104919  , -0.07433729,
         -0.07984799, -0.09023384, -0.08298661, -0.07847466,
         -0.07545355, -0.10006521, -0.13596888, -0.15759169,
         -0.1181853 , -0.08480775, -0.10400171, -0.15609512,
         -0.1784867 ]]], dtype=float32), reward=1), transition(observation=array([[1., 0., 0., 0., 0., 0., 0., 0., 0., 0., 0., 0., 0., 0., 0., 0.,
        0., 0., 0., 0., 0., 0., 0., 0., 0., 0., 0., 0., 0., 0., 0., 0.,
        0., 0.]], dtype=float32), activation=array([[[20.430962  , -0.13669364, -0.10844178, -0.08017697,
         -0.07913208, -0.09574541, -0.08695398, -0.0815801 ,
         -0.079727  , -0.10858901, -0.1358045 , -0.15104309,
         -0.11423667, -0.08659025, -0.09905452, -0.14056572,
         -0.15914483]]], dtype=float32), h_activation=array([[[ 1.6570485 ,  2.2222865 ,  1.5444682 ,  2.1770654 ,
          1.4570724 ,  1.9150693 , -0.00590907,  2.2735069 ,
          0.62183607,  1.3858216 ]]], dtype=float32), o_activation=array([[[20.430962  , -0.13669364, -0.10844178, -0.08017697,
         -0.07913208, -0.09574541, -0.08695398, -0.0815801 ,
         -0.079727  , -0.10858901, -0.1358045 , -0.15104309,
         -0.11423667, -0.08659025, -0.09905452, -0.14056572,
         -0.15914483]]], dtype=float32), reward=1), transition(observation=array([[ 1.1323342 ,  0.04197293,  0.08202433, -0.08432925,  0.32511705,
         0.66493183,  0.8478961 ,  0.2212981 ,  0.13013618, -0.01308825,
         0.00853455, -0.09289352,  0.09800309,  0.12452371,  0.11874138,
        -0.16994917, -0.18532728, -0.00734865,  0.11273939,  0.08027637,
        -0.02571926, -0.06884511,  0.16756083,  0.14186278, -0.07302004,
        -0.00644527, -0.00936543,  0.20752273,  0.07062456,  0.11232723,
        -0.08743641,  0.0277681 , -0.01050503,  0.        ]],
      dtype=float32), activation=array([[[33.0294    , -0.15517733, -0.14601159, -0.14641653,
         -0.18951252, -0.23590146, -0.21338499, -0.17290144,
         -0.13822792, -0.14752933, -0.16095585, -0.18090895,
         -0.15065575, -0.1151798 , -0.11545847, -0.15429977,
         -0.17862725]]], dtype=float32), h_activation=array([[[ 1.2954700e-01,  3.3640602e+00,  2.3021128e+00, -2.0869791e-03,
         -3.7710322e-03, -4.2518596e-03, -3.4219418e-02,  2.1513691e+00,
          1.8556522e+00,  3.0951345e-01]]], dtype=float32), o_activation=array([[[33.0294    , -0.15517733, -0.14601159, -0.14641653,
         -0.18951252, -0.23590146, -0.21338499, -0.17290144,
         -0.13822792, -0.14752933, -0.16095585, -0.18090895,
         -0.15065575, -0.1151798 , -0.11545847, -0.15429977,
         -0.17862725]]], dtype=float32), reward=1), transition(observation=array([[ 1.0150001 ,  0.04102628, -0.00207524, -0.04287101,  0.4280907 ,
         0.5613974 ,  0.55107975,  0.09809956,  0.08986374,  0.01679534,
        -0.06561663, -0.08679777,  0.01684227, -0.02952388, -0.10254287,
         0.04530532,  0.09058608,  0.03659412,  0.08469122,  0.02444318,
         0.15462635,  0.09097835, -0.03307946,  0.1101841 ,  0.0365959 ,
        -0.05025018, -0.06634188, -0.02828871, -0.19446057, -0.07495105,
        -0.04831225, -0.15330802, -0.08614433,  0.        ]],
      dtype=float32), activation=array([[[26.230633  , -0.13729213, -0.13961148, -0.15744093,
         -0.15600432, -0.11570431, -0.10815594, -0.15300213,
         -0.15490751, -0.15437053, -0.16161977, -0.17010914,
         -0.14252593, -0.09916613, -0.10710858, -0.16737811,
         -0.18568154]]], dtype=float32), h_activation=array([[[-1.2629420e-03,  5.2632766e+00,  2.9068220e+00, -2.5840150e-03,
         -1.9321980e-02, -8.5454788e-03, -1.6593644e-02,  2.3660412e+00,
          2.0977066e+00,  1.1884110e-01]]], dtype=float32), o_activation=array([[[26.230633  , -0.13729213, -0.13961148, -0.15744093,
         -0.15600432, -0.11570431, -0.10815594, -0.15300213,
         -0.15490751, -0.15437053, -0.16161977, -0.17010914,
         -0.14252593, -0.09916613, -0.10710858, -0.16737811,
         -0.18568154]]], dtype=float32), reward=1), transition(observation=array([[ 0.9019922 , -0.15279202, -0.00855357,  0.08346903,  0.34628972,
         0.7690794 ,  0.61276764,  0.23409191,  0.05511392,  0.12899251,
         0.15880528, -0.05541968,  0.04027439, -0.01511776,  0.05753255,
        -0.24311692, -0.04197749, -0.1866306 , -0.31365472,  0.03796282,
        -0.09189603,  0.12860283,  0.07882924,  0.12621431,  0.08239942,
        -0.04593546,  0.03772807, -0.15074995, -0.12035636,  0.0500023 ,
         0.17878982,  0.02186158, -0.11249556,  0.        ]],
      dtype=float32), activation=array([[[23.264637  , -0.08588985, -0.13534872, -0.16849384,
         -0.1399537 , -0.08514404, -0.09380861, -0.1515888 ,
         -0.1444933 , -0.14796662, -0.17491098, -0.18754438,
         -0.15379979, -0.08903   , -0.09033953, -0.1270321 ,
         -0.11695052]]], dtype=float32), h_activation=array([[[-0.00911857,  6.069097  ,  2.4137383 , -0.00759929,
         -0.01686479, -0.02043202, -0.02788892,  1.4769516 ,
          2.900545  , -0.01056656]]], dtype=float32), o_activation=array([[[23.264637  , -0.08588985, -0.13534872, -0.16849384,
         -0.1399537 , -0.08514404, -0.09380861, -0.1515888 ,
         -0.1444933 , -0.14796662, -0.17491098, -0.18754438,
         -0.15379979, -0.08903   , -0.09033953, -0.1270321 ,
         -0.11695052]]], dtype=float32), reward=1), transition(observation=array([[ 0.9928692 ,  0.06079218,  0.10787994,  0.07820927,  0.4853009 ,
         0.76408035,  0.6709289 ,  0.24738686,  0.29612815, -0.0385613 ,
        -0.02985832, -0.09071694,  0.02615044, -0.17423847,  0.0550138 ,
        -0.16252235,  0.06514098, -0.14581378, -0.1303005 , -0.07922712,
         0.01527103, -0.02703083, -0.10421588, -0.02265238,  0.05346819,
        -0.18451945,  0.1237279 , -0.00591675, -0.26996055,  0.01217775,
        -0.0234789 , -0.04903824, -0.03755204,  0.        ]],
      dtype=float32), activation=array([[[26.510784  , -0.13684008, -0.1899015 , -0.21282512,
         -0.15873109, -0.09474274, -0.11727495, -0.17940302,
         -0.16153632, -0.12419001, -0.14224021, -0.16991535,
         -0.15483625, -0.10763584, -0.11650935, -0.16692245,
         -0.16727693]]], dtype=float32), h_activation=array([[[-0.01164393,  6.8975825 ,  2.4650683 , -0.00727045,
         -0.02757946, -0.01850083, -0.02689284,  1.4763112 ,
          2.923358  ,  0.45125657]]], dtype=float32), o_activation=array([[[26.510784  , -0.13684008, -0.1899015 , -0.21282512,
         -0.15873109, -0.09474274, -0.11727495, -0.17940302,
         -0.16153632, -0.12419001, -0.14224021, -0.16991535,
         -0.15483625, -0.10763584, -0.11650935, -0.16692245,
         -0.16727693]]], dtype=float32), reward=1), transition(observation=array([[ 0.9544099 ,  0.07371836,  0.02224509,  0.12242571,  0.28826126,
         0.78378785,  0.61331016,  0.34033307,  0.03771649, -0.01050763,
         0.08942809,  0.08453056,  0.00635561,  0.01325009, -0.03459924,
         0.06545869,  0.03661521,  0.08619612,  0.02240291,  0.00106053,
         0.08685132, -0.01218528,  0.07562216,  0.1039921 ,  0.14808491,
         0.02059255,  0.03114359,  0.09404528,  0.01756416,  0.06067013,
         0.02052196,  0.00209367, -0.06397208,  0.        ]],
      dtype=float32), activation=array([[[25.89954   , -0.1233874 , -0.18416572, -0.20727119,
         -0.143479  , -0.07367592, -0.10948934, -0.17379102,
         -0.14780904, -0.11994921, -0.15756674, -0.19075464,
         -0.17691748, -0.13460098, -0.13691816, -0.17170846,
         -0.15834543]]], dtype=float32), h_activation=array([[[-6.9887391e-03,  7.2040625e+00,  2.9203455e+00,  8.3872378e-02,
         -1.8743780e-02, -1.3307002e-02, -2.2983918e-02,  1.8975563e+00,
          4.2634349e+00,  4.7684252e-02]]], dtype=float32), o_activation=array([[[25.89954   , -0.1233874 , -0.18416572, -0.20727119,
         -0.143479  , -0.07367592, -0.10948934, -0.17379102,
         -0.14780904, -0.11994921, -0.15756674, -0.19075464,
         -0.17691748, -0.13460098, -0.13691816, -0.17170846,
         -0.15834543]]], dtype=float32), reward=1), transition(observation=array([[0., 0., 0., 0., 0., 0., 0., 0., 0., 0., 0., 0., 0., 0., 0., 0.,
        0., 0., 0., 0., 0., 0., 0., 0., 0., 0., 0., 0., 0., 0., 0., 0.,
        0., 0.]], dtype=float32), activation=array([[[-1.4025463e-01,  3.2736921e+00, -4.3015394e-02, -4.9628276e-02,
          7.1617603e+00,  1.7200626e+01,  1.3175409e+01,  4.3585706e-01,
         -1.7373912e-02, -6.8533742e-03, -1.6133426e-02, -3.1767067e-02,
         -4.1226838e-02, -1.4466410e-02, -1.1020533e-02, -8.8075660e-03,
          2.9772429e+00]]], dtype=float32), h_activation=array([[[0.04823192, 5.7871504 , 2.333096  , 0.29215336, 0.07777991,
         0.3632505 , 0.04335445, 1.7063109 , 3.4478083 , 0.11128756]]],
      dtype=float32), o_activation=array([[[-1.4025463e-01,  3.2736921e+00, -4.3015394e-02, -4.9628276e-02,
          7.1617603e+00,  1.7200626e+01,  1.3175409e+01,  4.3585706e-01,
         -1.7373912e-02, -6.8533742e-03, -1.6133426e-02, -3.1767067e-02,
         -4.1226838e-02, -1.4466410e-02, -1.1020533e-02, -8.8075660e-03,
          2.9772429e+00]]], dtype=float32), reward=1), transition(observation=array([[0., 0., 0., 0., 0., 0., 0., 0., 0., 0., 0., 0., 0., 0., 0., 0.,
        0., 0., 0., 0., 0., 0., 0., 0., 0., 0., 0., 0., 0., 0., 0., 0.,
        0., 0.]], dtype=float32), activation=array([[[-1.2596236e-01,  1.8539929e+00, -3.3342380e-02, -3.4227293e-02,
          6.0554147e+00,  1.3825134e+01,  1.0823499e+01,  8.8862419e-01,
         -5.9535955e-03, -4.3277824e-03, -1.7553588e-02, -2.9511414e-02,
         -3.1540111e-02, -5.6932233e-03, -3.5370504e-03, -7.5671980e-03,
          1.5109649e+00]]], dtype=float32), h_activation=array([[[0.09588657, 4.7424383 , 1.9541285 , 0.5199441 , 0.12265094,
         0.63993526, 0.01662511, 1.5763398 , 2.7891622 , 0.2025652 ]]],
      dtype=float32), o_activation=array([[[-1.2596236e-01,  1.8539929e+00, -3.3342380e-02, -3.4227293e-02,
          6.0554147e+00,  1.3825134e+01,  1.0823499e+01,  8.8862419e-01,
         -5.9535955e-03, -4.3277824e-03, -1.7553588e-02, -2.9511414e-02,
         -3.1540111e-02, -5.6932233e-03, -3.5370504e-03, -7.5671980e-03,
          1.5109649e+00]]], dtype=float32), reward=1)], success=True), configuration(episode=11, buffer=[transition(observation=array([[1., 0., 0., 0., 0., 0., 0., 0., 0., 0., 0., 0., 0., 0., 0., 0.,
        0., 0., 0., 0., 0., 0., 0., 0., 0., 0., 0., 0., 0., 0., 0., 0.,
        0., 0.]], dtype=float32), activation=array([[[21.951925  , -0.16273472, -0.09903108, -0.06986514,
         -0.08627328, -0.08463791, -0.07808341, -0.07997513,
         -0.07514796, -0.08803788, -0.13114357, -0.16107212,
         -0.12245279, -0.08242273, -0.10989129, -0.17945905,
         -0.20810315]]], dtype=float32), h_activation=array([[[ 0.65741384,  1.0077157 ,  0.8094139 ,  1.0622857 ,
          0.5178273 ,  0.82935977, -0.00975731,  0.98335665,
          0.01363628,  0.61610925]]], dtype=float32), o_activation=array([[[21.951925  , -0.16273472, -0.09903108, -0.06986514,
         -0.08627328, -0.08463791, -0.07808341, -0.07997513,
         -0.07514796, -0.08803788, -0.13114357, -0.16107212,
         -0.12245279, -0.08242273, -0.10989129, -0.17945905,
         -0.20810315]]], dtype=float32), reward=1), transition(observation=array([[1., 0., 0., 0., 0., 0., 0., 0., 0., 0., 0., 0., 0., 0., 0., 0.,
        0., 0., 0., 0., 0., 0., 0., 0., 0., 0., 0., 0., 0., 0., 0., 0.,
        0., 0.]], dtype=float32), activation=array([[[21.146324  , -0.14792708, -0.104919  , -0.07433729,
         -0.07984799, -0.09023384, -0.08298661, -0.07847466,
         -0.07545355, -0.10006521, -0.13596888, -0.15759169,
         -0.1181853 , -0.08480775, -0.10400171, -0.15609512,
         -0.1784867 ]]], dtype=float32), h_activation=array([[[ 1.211765  ,  1.7285006 ,  1.2898107 ,  1.7559597 ,
          1.0133047 ,  1.457543  , -0.00780531,  1.724515  ,
          0.25897866,  1.0671432 ]]], dtype=float32), o_activation=array([[[21.146324  , -0.14792708, -0.104919  , -0.07433729,
         -0.07984799, -0.09023384, -0.08298661, -0.07847466,
         -0.07545355, -0.10006521, -0.13596888, -0.15759169,
         -0.1181853 , -0.08480775, -0.10400171, -0.15609512,
         -0.1784867 ]]], dtype=float32), reward=1), transition(observation=array([[1., 0., 0., 0., 0., 0., 0., 0., 0., 0., 0., 0., 0., 0., 0., 0.,
        0., 0., 0., 0., 0., 0., 0., 0., 0., 0., 0., 0., 0., 0., 0., 0.,
        0., 0.]], dtype=float32), activation=array([[[20.430962  , -0.13669364, -0.10844178, -0.08017697,
         -0.07913208, -0.09574541, -0.08695398, -0.0815801 ,
         -0.079727  , -0.10858901, -0.1358045 , -0.15104309,
         -0.11423667, -0.08659025, -0.09905452, -0.14056572,
         -0.15914483]]], dtype=float32), h_activation=array([[[ 1.6570485 ,  2.2222865 ,  1.5444682 ,  2.1770654 ,
          1.4570724 ,  1.9150693 , -0.00590907,  2.2735069 ,
          0.62183607,  1.3858216 ]]], dtype=float32), o_activation=array([[[20.430962  , -0.13669364, -0.10844178, -0.08017697,
         -0.07913208, -0.09574541, -0.08695398, -0.0815801 ,
         -0.079727  , -0.10858901, -0.1358045 , -0.15104309,
         -0.11423667, -0.08659025, -0.09905452, -0.14056572,
         -0.15914483]]], dtype=float32), reward=1), transition(observation=array([[ 0.94422066,  0.3426013 ,  0.08019643,  0.27213705,  0.07043272,
         0.15970922, -0.00880882,  0.18236983,  0.16114114, -0.03009805,
         0.11261155,  0.29048854,  0.51806223,  0.09596761, -0.04600467,
        -0.02248992,  0.2511761 , -0.02645418, -0.13645306, -0.09778009,
         0.04511599,  0.03114199, -0.06388932, -0.04441607, -0.02476203,
         0.16266742,  0.18625018,  0.08109085,  0.10294088,  0.05580885,
        -0.03192356, -0.00103107,  0.1425488 ,  0.        ]],
      dtype=float32), activation=array([[[28.893421  , -0.19420157, -0.17388509, -0.13700455,
         -0.1337183 , -0.13998602, -0.13248207, -0.13497226,
         -0.14083539, -0.16191104, -0.1968315 , -0.2092171 ,
         -0.18126652, -0.14327651, -0.13347766, -0.16665162,
         -0.20020196]]], dtype=float32), h_activation=array([[[ 4.2315760e+00,  2.3087051e+00,  2.7172673e+00,  2.8207846e+00,
          1.5065217e+00,  3.3295050e+00, -3.5477744e-03,  2.6061599e+00,
          1.6630865e+00,  3.3177462e+00]]], dtype=float32), o_activation=array([[[28.893421  , -0.19420157, -0.17388509, -0.13700455,
         -0.1337183 , -0.13998602, -0.13248207, -0.13497226,
         -0.14083539, -0.16191104, -0.1968315 , -0.2092171 ,
         -0.18126652, -0.14327651, -0.13347766, -0.16665162,
         -0.20020196]]], dtype=float32), reward=1), transition(observation=array([[ 0.89021134,  0.3873074 ,  0.23639363, -0.1102455 ,  0.0333474 ,
        -0.03354834, -0.00454227, -0.05397686, -0.1299581 , -0.0481765 ,
         0.0741583 ,  0.48097885,  0.48116937,  0.2079295 ,  0.27566808,
        -0.04194609,  0.34967417,  0.12336998,  0.09732218, -0.18834695,
         0.09344767, -0.08021583,  0.04391718, -0.0346473 ,  0.0740991 ,
        -0.1289669 , -0.06297696,  0.13730983,  0.19247848, -0.08436032,
         0.18948358,  0.06619637,  0.05297749,  0.        ]],
      dtype=float32), activation=array([[[25.459227  , -0.16131096, -0.16326946, -0.11599681,
         -0.10539322, -0.12397102, -0.12134629, -0.12084296,
         -0.12112653, -0.16972713, -0.20203422, -0.1731431 ,
         -0.14135782, -0.17720184, -0.19317637, -0.17714986,
         -0.15951599]]], dtype=float32), h_activation=array([[[ 6.8614383e+00,  2.9998820e+00,  3.9994113e+00,  2.5706112e+00,
          3.4745171e+00,  5.1417799e+00, -2.8573751e-04,  4.8866529e+00,
          3.4532268e+00,  4.3954463e+00]]], dtype=float32), o_activation=array([[[25.459227  , -0.16131096, -0.16326946, -0.11599681,
         -0.10539322, -0.12397102, -0.12134629, -0.12084296,
         -0.12112653, -0.16972713, -0.20203422, -0.1731431 ,
         -0.14135782, -0.17720184, -0.19317637, -0.17714986,
         -0.15951599]]], dtype=float32), reward=1), transition(observation=array([[ 9.6556640e-01,  2.5053304e-01,  1.3387097e-01,  1.9543516e-02,
        -5.0969683e-02,  3.8227726e-02,  5.0714176e-02, -3.1074369e-04,
         3.7969187e-02,  5.9823994e-02, -4.9551226e-02,  3.2191068e-01,
         5.2265692e-01,  3.5604998e-01, -7.4027176e-03,  1.0807519e-01,
         3.0258304e-01,  2.0304771e-01, -1.5607841e-01, -3.8493238e-02,
        -2.7600670e-02,  9.2604294e-02, -1.8309870e-01, -2.5893497e-01,
        -3.4351584e-02,  8.3900884e-02, -2.0541824e-01, -8.7569967e-02,
         8.0152214e-02,  6.2831767e-02,  9.6764162e-02,  3.9052371e-02,
        -7.2187826e-02,  0.0000000e+00]], dtype=float32), activation=array([[[26.160213  , -0.11552427, -0.15310512, -0.15437922,
         -0.15803272, -0.17243963, -0.15091074, -0.19010252,
         -0.19620223, -0.226742  , -0.20738193, -0.13001566,
         -0.09219443, -0.1502792 , -0.17947307, -0.16954282,
         -0.1334977 ]]], dtype=float32), h_activation=array([[[8.366364 , 2.840363 , 4.7124877, 1.5072368, 4.290545 ,
         6.5800376, 1.4941096, 5.240964 , 4.321211 , 4.624077 ]]],
      dtype=float32), o_activation=array([[[26.160213  , -0.11552427, -0.15310512, -0.15437922,
         -0.15803272, -0.17243963, -0.15091074, -0.19010252,
         -0.19620223, -0.226742  , -0.20738193, -0.13001566,
         -0.09219443, -0.1502792 , -0.17947307, -0.16954282,
         -0.1334977 ]]], dtype=float32), reward=1), transition(observation=array([[ 1.0906394 ,  0.4000005 ,  0.11555342,  0.04914964,  0.07714059,
         0.04981826, -0.24387576,  0.01444675,  0.04326444,  0.00421898,
        -0.03590816,  0.00781383,  0.5759596 ,  0.20132467, -0.0629975 ,
         0.08220275,  0.3332483 ,  0.13445176, -0.0336936 , -0.03630273,
         0.12530518,  0.07489035,  0.03243107,  0.06736319,  0.05219444,
        -0.02785545, -0.08901142,  0.08981693, -0.13768637, -0.2103714 ,
         0.10791183, -0.21032436,  0.04308086,  0.        ]],
      dtype=float32), activation=array([[[ 2.8436275e+01, -1.1258892e-01, -1.7923413e-01, -2.0861252e-01,
         -2.0106512e-01, -2.0897290e-01, -2.0436189e-01, -2.6159206e-01,
         -2.3680799e-01, -2.3222184e-01, -1.9524686e-01, -8.8766113e-02,
         -2.7906962e-02, -1.2178871e-01, -1.8115616e-01, -1.7440468e-01,
         -1.3496161e-01]]], dtype=float32), h_activation=array([[[9.949488  , 3.452839  , 5.510745  , 0.79634786, 4.5698705 ,
         7.1536746 , 3.2251308 , 5.7290735 , 3.4049087 , 5.4337583 ]]],
      dtype=float32), o_activation=array([[[ 2.8436275e+01, -1.1258892e-01, -1.7923413e-01, -2.0861252e-01,
         -2.0106512e-01, -2.0897290e-01, -2.0436189e-01, -2.6159206e-01,
         -2.3680799e-01, -2.3222184e-01, -1.9524686e-01, -8.8766113e-02,
         -2.7906962e-02, -1.2178871e-01, -1.8115616e-01, -1.7440468e-01,
         -1.3496161e-01]]], dtype=float32), reward=1), transition(observation=array([[ 0.9636022 ,  0.5826545 ,  0.23400904,  0.14091437,  0.29171354,
        -0.07204127,  0.04906608,  0.13580821, -0.1518405 , -0.12153875,
         0.15515828,  0.36550862,  0.37308544,  0.25155577, -0.05206864,
         0.0740338 ,  0.11951772,  0.15581502, -0.09267044, -0.01256095,
        -0.12311398,  0.12391756, -0.02387812, -0.12426487, -0.01077572,
         0.07758235,  0.02701091,  0.0728699 , -0.17398812, -0.18067232,
         0.06068008, -0.16361164, -0.08482403,  0.        ]],
      dtype=float32), activation=array([[[31.081036  , -0.06981036, -0.1804082 , -0.22083068,
         -0.20854592, -0.24285385, -0.28946695, -0.3354058 ,
         -0.24514158, -0.22005306, -0.21640384, -0.10065086,
          0.9520245 , -0.09055208, -0.17754719, -0.14893737,
         -0.08150388]]], dtype=float32), h_activation=array([[[11.108351 ,  3.0784318,  6.348189 ,  1.4235922,  4.8913383,
          5.7118363,  2.9250462,  6.650901 ,  4.5878334,  5.9218497]]],
      dtype=float32), o_activation=array([[[31.081036  , -0.06981036, -0.1804082 , -0.22083068,
         -0.20854592, -0.24285385, -0.28946695, -0.3354058 ,
         -0.24514158, -0.22005306, -0.21640384, -0.10065086,
          0.9520245 , -0.09055208, -0.17754719, -0.14893737,
         -0.08150388]]], dtype=float32), reward=1), transition(observation=array([[0., 0., 0., 0., 0., 0., 0., 0., 0., 0., 0., 0., 0., 0., 0., 0.,
        0., 0., 0., 0., 0., 0., 0., 0., 0., 0., 0., 0., 0., 0., 0., 0.,
        0., 0.]], dtype=float32), activation=array([[[-7.14149550e-02,  1.53612146e+01,  4.52022266e+00,
         -2.24179262e-03, -2.43618675e-02, -9.28330570e-02,
         -1.20686814e-01, -1.90814018e-01, -1.42295346e-01,
         -1.18075989e-01, -3.93780656e-02,  9.64553452e+00,
          1.95111713e+01,  8.60051918e+00, -2.04094592e-02,
          2.87314892e+00,  1.43950939e+01]]], dtype=float32), h_activation=array([[[8.332159 , 2.5532107, 4.7390747, 0.6347044, 4.0708632,
         4.1870484, 3.7501063, 5.1380806, 4.3637543, 4.24065  ]]],
      dtype=float32), o_activation=array([[[-7.14149550e-02,  1.53612146e+01,  4.52022266e+00,
         -2.24179262e-03, -2.43618675e-02, -9.28330570e-02,
         -1.20686814e-01, -1.90814018e-01, -1.42295346e-01,
         -1.18075989e-01, -3.93780656e-02,  9.64553452e+00,
          1.95111713e+01,  8.60051918e+00, -2.04094592e-02,
          2.87314892e+00,  1.43950939e+01]]], dtype=float32), reward=1), transition(observation=array([[0., 0., 0., 0., 0., 0., 0., 0., 0., 0., 0., 0., 0., 0., 0., 0.,
        0., 0., 0., 0., 0., 0., 0., 0., 0., 0., 0., 0., 0., 0., 0., 0.,
        0., 0.]], dtype=float32), activation=array([[[-6.1685693e-02,  1.1915557e+01,  4.2200184e+00, -6.5698623e-05,
         -2.2844523e-02, -7.4451901e-02, -1.1978103e-01, -1.8967398e-01,
         -1.2818697e-01, -7.7087805e-02, -1.7325215e-02,  7.3340621e+00,
          1.4893020e+01,  7.2407146e+00, -1.1155883e-02,  1.9919925e+00,
          1.0536144e+01]]], dtype=float32), h_activation=array([[[6.059648 , 2.154382 , 3.8096323, 0.3337974, 3.1933563,
         3.046166 , 3.8627734, 3.9310486, 3.727859 , 3.0191352]]],
      dtype=float32), o_activation=array([[[-6.1685693e-02,  1.1915557e+01,  4.2200184e+00, -6.5698623e-05,
         -2.2844523e-02, -7.4451901e-02, -1.1978103e-01, -1.8967398e-01,
         -1.2818697e-01, -7.7087805e-02, -1.7325215e-02,  7.3340621e+00,
          1.4893020e+01,  7.2407146e+00, -1.1155883e-02,  1.9919925e+00,
          1.0536144e+01]]], dtype=float32), reward=1)], success=True), configuration(episode=12, buffer=[transition(observation=array([[1., 0., 0., 0., 0., 0., 0., 0., 0., 0., 0., 0., 0., 0., 0., 0.,
        0., 0., 0., 0., 0., 0., 0., 0., 0., 0., 0., 0., 0., 0., 0., 0.,
        0., 0.]], dtype=float32), activation=array([[[21.951925  , -0.16273472, -0.09903108, -0.06986514,
         -0.08627328, -0.08463791, -0.07808341, -0.07997513,
         -0.07514796, -0.08803788, -0.13114357, -0.16107212,
         -0.12245279, -0.08242273, -0.10989129, -0.17945905,
         -0.20810315]]], dtype=float32), h_activation=array([[[ 0.65741384,  1.0077157 ,  0.8094139 ,  1.0622857 ,
          0.5178273 ,  0.82935977, -0.00975731,  0.98335665,
          0.01363628,  0.61610925]]], dtype=float32), o_activation=array([[[21.951925  , -0.16273472, -0.09903108, -0.06986514,
         -0.08627328, -0.08463791, -0.07808341, -0.07997513,
         -0.07514796, -0.08803788, -0.13114357, -0.16107212,
         -0.12245279, -0.08242273, -0.10989129, -0.17945905,
         -0.20810315]]], dtype=float32), reward=1), transition(observation=array([[1., 0., 0., 0., 0., 0., 0., 0., 0., 0., 0., 0., 0., 0., 0., 0.,
        0., 0., 0., 0., 0., 0., 0., 0., 0., 0., 0., 0., 0., 0., 0., 0.,
        0., 0.]], dtype=float32), activation=array([[[21.146324  , -0.14792708, -0.104919  , -0.07433729,
         -0.07984799, -0.09023384, -0.08298661, -0.07847466,
         -0.07545355, -0.10006521, -0.13596888, -0.15759169,
         -0.1181853 , -0.08480775, -0.10400171, -0.15609512,
         -0.1784867 ]]], dtype=float32), h_activation=array([[[ 1.211765  ,  1.7285006 ,  1.2898107 ,  1.7559597 ,
          1.0133047 ,  1.457543  , -0.00780531,  1.724515  ,
          0.25897866,  1.0671432 ]]], dtype=float32), o_activation=array([[[21.146324  , -0.14792708, -0.104919  , -0.07433729,
         -0.07984799, -0.09023384, -0.08298661, -0.07847466,
         -0.07545355, -0.10006521, -0.13596888, -0.15759169,
         -0.1181853 , -0.08480775, -0.10400171, -0.15609512,
         -0.1784867 ]]], dtype=float32), reward=1), transition(observation=array([[1., 0., 0., 0., 0., 0., 0., 0., 0., 0., 0., 0., 0., 0., 0., 0.,
        0., 0., 0., 0., 0., 0., 0., 0., 0., 0., 0., 0., 0., 0., 0., 0.,
        0., 0.]], dtype=float32), activation=array([[[20.430962  , -0.13669364, -0.10844178, -0.08017697,
         -0.07913208, -0.09574541, -0.08695398, -0.0815801 ,
         -0.079727  , -0.10858901, -0.1358045 , -0.15104309,
         -0.11423667, -0.08659025, -0.09905452, -0.14056572,
         -0.15914483]]], dtype=float32), h_activation=array([[[ 1.6570485 ,  2.2222865 ,  1.5444682 ,  2.1770654 ,
          1.4570724 ,  1.9150693 , -0.00590907,  2.2735069 ,
          0.62183607,  1.3858216 ]]], dtype=float32), o_activation=array([[[20.430962  , -0.13669364, -0.10844178, -0.08017697,
         -0.07913208, -0.09574541, -0.08695398, -0.0815801 ,
         -0.079727  , -0.10858901, -0.1358045 , -0.15104309,
         -0.11423667, -0.08659025, -0.09905452, -0.14056572,
         -0.15914483]]], dtype=float32), reward=1), transition(observation=array([[ 1.1597744 , -0.06505373,  0.00725466,  0.05636504,  0.22267404,
         0.46529266,  0.48348486,  0.42008263,  0.2874682 , -0.20901439,
        -0.09141529, -0.01672761,  0.06077631,  0.05714513,  0.12779927,
         0.11654275,  0.0202041 ,  0.01396752,  0.05409148, -0.05214456,
        -0.04615046,  0.02003742, -0.11109868,  0.01765816,  0.02491151,
         0.14335786, -0.1258666 , -0.06201687,  0.12023074, -0.06128534,
         0.02882409, -0.07411117,  0.12884772,  0.        ]],
      dtype=float32), activation=array([[[33.0034    , -0.17024319, -0.14992934, -0.138535  ,
         -0.17127447, -0.21117449, -0.19715354, -0.17321463,
         -0.14715809, -0.15013729, -0.157017  , -0.17168395,
         -0.15025698, -0.12736653, -0.13438515, -0.1827808 ,
         -0.20561132]]], dtype=float32), h_activation=array([[[ 0.21197677,  2.311718  ,  2.526539  ,  2.359672  ,
         -0.00501182,  1.6417364 , -0.02284503,  2.4934747 ,
          1.2225219 ,  0.83966637]]], dtype=float32), o_activation=array([[[33.0034    , -0.17024319, -0.14992934, -0.138535  ,
         -0.17127447, -0.21117449, -0.19715354, -0.17321463,
         -0.14715809, -0.15013729, -0.157017  , -0.17168395,
         -0.15025698, -0.12736653, -0.13438515, -0.1827808 ,
         -0.20561132]]], dtype=float32), reward=1), transition(observation=array([[ 0.8642924 , -0.05497888, -0.07862446,  0.17000434,  0.23603049,
         0.24506503,  0.6488933 ,  0.32742655,  0.28515196,  0.14544249,
        -0.05429085, -0.07593701, -0.13652667, -0.16715465,  0.25195703,
         0.10190384,  0.1220957 , -0.17975244, -0.0606989 , -0.14456932,
         0.07150882,  0.17751722, -0.06950125, -0.08003026,  0.13512579,
        -0.12012198,  0.06085756, -0.0568405 ,  0.07244676, -0.05387387,
        -0.16200756,  0.0158699 , -0.15522784,  0.        ]],
      dtype=float32), activation=array([[[23.135323  , -0.13768895, -0.12387233, -0.11134759,
         -0.13052471, -0.13245271, -0.10819977, -0.11487002,
         -0.13698366, -0.1794523 , -0.1636559 , -0.13649875,
         -0.11684561, -0.103498  , -0.09536304, -0.1261788 ,
         -0.15686187]]], dtype=float32), h_activation=array([[[-0.01829876,  2.853214  ,  2.863793  ,  2.8380737 ,
         -0.00914438,  0.74658954, -0.01140597,  1.8946723 ,
          1.8364185 ,  0.39201444]]], dtype=float32), o_activation=array([[[23.135323  , -0.13768895, -0.12387233, -0.11134759,
         -0.13052471, -0.13245271, -0.10819977, -0.11487002,
         -0.13698366, -0.1794523 , -0.1636559 , -0.13649875,
         -0.11684561, -0.103498  , -0.09536304, -0.1261788 ,
         -0.15686187]]], dtype=float32), reward=1), transition(observation=array([[ 1.0428436 ,  0.19011834,  0.13223612, -0.09187698,  0.0614115 ,
         0.16349219,  0.3773889 ,  0.32604703,  0.1641233 ,  0.25344712,
         0.04056761,  0.01004957, -0.07182025,  0.01157201,  0.05039597,
         0.01383808,  0.08714028,  0.09496363, -0.06863149, -0.10872329,
         0.13183153, -0.14378846,  0.03581955,  0.02826154,  0.16609786,
        -0.07396127, -0.14781596,  0.1524872 , -0.08838136, -0.23648992,
        -0.13308543, -0.00513204,  0.12328906,  0.        ]],
      dtype=float32), activation=array([[[26.996803  , -0.17900069, -0.16209128, -0.11715302,
         -0.10984794, -0.10779127, -0.0908481 , -0.11218398,
         -0.1639356 , -0.19385517, -0.17783123, -0.18141346,
         -0.17002882, -0.13841759, -0.12643759, -0.15045466,
         -0.17761388]]], dtype=float32), h_activation=array([[[-0.00697695,  3.7319438 ,  3.702441  ,  2.1894922 ,
          0.95945513,  0.4165309 , -0.01275976,  1.46504   ,
          2.538303  ,  1.6234574 ]]], dtype=float32), o_activation=array([[[26.996803  , -0.17900069, -0.16209128, -0.11715302,
         -0.10984794, -0.10779127, -0.0908481 , -0.11218398,
         -0.1639356 , -0.19385517, -0.17783123, -0.18141346,
         -0.17002882, -0.13841759, -0.12643759, -0.15045466,
         -0.17761388]]], dtype=float32), reward=1), transition(observation=array([[ 1.0499839 , -0.01046012, -0.07800256,  0.05469561,  0.29228035,
         0.34652194,  0.5081087 ,  0.65575844,  0.24794827,  0.0308197 ,
        -0.01985446,  0.02126451, -0.06470179,  0.08899827,  0.044997  ,
         0.07237633, -0.04041054,  0.08599634,  0.16563086, -0.02076748,
        -0.0299306 , -0.00563036, -0.06643037, -0.02871049,  0.11705682,
         0.03005345, -0.0328203 , -0.04322274, -0.09117246,  0.08651619,
        -0.08761925,  0.00165584,  0.00704688,  0.        ]],
      dtype=float32), activation=array([[[27.588802  , -0.12937693, -0.14713478, -0.14467044,
         -0.16060832, -0.15933529, -0.12464847, -0.12062305,
         -0.14663465, -0.16451232, -0.16343604, -0.18363291,
         -0.17722988, -0.15205956, -0.14200777, -0.15828495,
         -0.15240078]]], dtype=float32), h_activation=array([[[-1.4548010e-02,  3.5621645e+00,  4.4955378e+00,  2.7264943e+00,
         -2.5790399e-03, -1.4505771e-03, -2.8560521e-02,  4.7342992e-01,
          2.6199603e+00,  8.9717704e-01]]], dtype=float32), o_activation=array([[[27.588802  , -0.12937693, -0.14713478, -0.14467044,
         -0.16060832, -0.15933529, -0.12464847, -0.12062305,
         -0.14663465, -0.16451232, -0.16343604, -0.18363291,
         -0.17722988, -0.15205956, -0.14200777, -0.15828495,
         -0.15240078]]], dtype=float32), reward=1), transition(observation=array([[ 0.8297044 , -0.02728363,  0.04493025, -0.1728943 ,  0.09222154,
         0.4250557 ,  0.4502458 ,  0.51448023,  0.37451595,  0.05277791,
         0.03171583,  0.02034118, -0.22360304, -0.04950008, -0.02669231,
         0.08609158, -0.05495553,  0.04919367,  0.0541106 , -0.1323964 ,
        -0.17907016,  0.10824971, -0.08428557,  0.10040469,  0.00545832,
         0.06650944, -0.19626047,  0.2112715 , -0.28074571, -0.13967752,
         0.02641189,  0.10925169,  0.06646015,  0.        ]],
      dtype=float32), activation=array([[[19.692587  , -0.10448477, -0.12621315, -0.09094824,
         -0.09031835, -0.09659164, -0.0677066 , -0.06273337,
         -0.11541208, -0.14057909, -0.1332948 , -0.14780082,
         -0.125432  , -0.10541969, -0.12143057, -0.11832651,
         -0.09908544]]], dtype=float32), h_activation=array([[[-2.4842801e-02,  4.0494022e+00,  4.2564902e+00,  2.3819337e+00,
         -6.8113315e-03, -2.2428099e-03, -2.7400564e-02, -5.6204963e-03,
          3.1304114e+00,  1.3653406e+00]]], dtype=float32), o_activation=array([[[19.692587  , -0.10448477, -0.12621315, -0.09094824,
         -0.09031835, -0.09659164, -0.0677066 , -0.06273337,
         -0.11541208, -0.14057909, -0.1332948 , -0.14780082,
         -0.125432  , -0.10541969, -0.12143057, -0.11832651,
         -0.09908544]]], dtype=float32), reward=1), transition(observation=array([[0., 0., 0., 0., 0., 0., 0., 0., 0., 0., 0., 0., 0., 0., 0., 0.,
        0., 0., 0., 0., 0., 0., 0., 0., 0., 0., 0., 0., 0., 0., 0., 0.,
        0., 0.]], dtype=float32), activation=array([[[-1.22878015e-01,  1.05633354e+00, -3.33726294e-02,
          3.81608963e-01,  5.44244909e+00,  8.10099506e+00,
          1.07634964e+01,  9.85657406e+00,  4.57554245e+00,
          3.61545682e-01, -1.91016998e-02, -3.58807519e-02,
         -3.13533731e-02, -3.22716460e-02, -4.24644351e-02,
         -9.07168374e-04,  4.60974741e+00]]], dtype=float32), h_activation=array([[[ 0.21686876,  3.5724132 ,  3.5466292 ,  2.2980165 ,
          0.10615148,  0.51372665, -0.00498554,  0.3563934 ,
          2.4360669 ,  1.287791  ]]], dtype=float32), o_activation=array([[[-1.22878015e-01,  1.05633354e+00, -3.33726294e-02,
          3.81608963e-01,  5.44244909e+00,  8.10099506e+00,
          1.07634964e+01,  9.85657406e+00,  4.57554245e+00,
          3.61545682e-01, -1.91016998e-02, -3.58807519e-02,
         -3.13533731e-02, -3.22716460e-02, -4.24644351e-02,
         -9.07168374e-04,  4.60974741e+00]]], dtype=float32), reward=0), transition(observation=array([[0., 0., 0., 0., 0., 0., 0., 0., 0., 0., 0., 0., 0., 0., 0., 0.,
        0., 0., 0., 0., 0., 0., 0., 0., 0., 0., 0., 0., 0., 0., 0., 0.,
        0., 0.]], dtype=float32), activation=array([[[-0.11326639,  0.42373562, -0.02772774,  0.8254149 ,
          5.227581  ,  6.858876  ,  8.84612   ,  8.388227  ,
          4.5716662 ,  0.30055678, -0.02214046, -0.03354354,
         -0.02197362, -0.0198001 , -0.02919137,  0.1892066 ,
          3.4421086 ]]], dtype=float32), h_activation=array([[[ 0.38878155,  3.2086184 ,  3.007393  ,  2.2334714 ,
          0.18710208,  0.8783369 , -0.00411287,  0.6367781 ,
          1.9502143 ,  1.2369263 ]]], dtype=float32), o_activation=array([[[-0.11326639,  0.42373562, -0.02772774,  0.8254149 ,
          5.227581  ,  6.858876  ,  8.84612   ,  8.388227  ,
          4.5716662 ,  0.30055678, -0.02214046, -0.03354354,
         -0.02197362, -0.0198001 , -0.02919137,  0.1892066 ,
          3.4421086 ]]], dtype=float32), reward=0)], success=False), configuration(episode=13, buffer=[transition(observation=array([[1., 0., 0., 0., 0., 0., 0., 0., 0., 0., 0., 0., 0., 0., 0., 0.,
        0., 0., 0., 0., 0., 0., 0., 0., 0., 0., 0., 0., 0., 0., 0., 0.,
        0., 0.]], dtype=float32), activation=array([[[21.951925  , -0.16273472, -0.09903108, -0.06986514,
         -0.08627328, -0.08463791, -0.07808341, -0.07997513,
         -0.07514796, -0.08803788, -0.13114357, -0.16107212,
         -0.12245279, -0.08242273, -0.10989129, -0.17945905,
         -0.20810315]]], dtype=float32), h_activation=array([[[ 0.65741384,  1.0077157 ,  0.8094139 ,  1.0622857 ,
          0.5178273 ,  0.82935977, -0.00975731,  0.98335665,
          0.01363628,  0.61610925]]], dtype=float32), o_activation=array([[[21.951925  , -0.16273472, -0.09903108, -0.06986514,
         -0.08627328, -0.08463791, -0.07808341, -0.07997513,
         -0.07514796, -0.08803788, -0.13114357, -0.16107212,
         -0.12245279, -0.08242273, -0.10989129, -0.17945905,
         -0.20810315]]], dtype=float32), reward=1), transition(observation=array([[1., 0., 0., 0., 0., 0., 0., 0., 0., 0., 0., 0., 0., 0., 0., 0.,
        0., 0., 0., 0., 0., 0., 0., 0., 0., 0., 0., 0., 0., 0., 0., 0.,
        0., 0.]], dtype=float32), activation=array([[[21.146324  , -0.14792708, -0.104919  , -0.07433729,
         -0.07984799, -0.09023384, -0.08298661, -0.07847466,
         -0.07545355, -0.10006521, -0.13596888, -0.15759169,
         -0.1181853 , -0.08480775, -0.10400171, -0.15609512,
         -0.1784867 ]]], dtype=float32), h_activation=array([[[ 1.211765  ,  1.7285006 ,  1.2898107 ,  1.7559597 ,
          1.0133047 ,  1.457543  , -0.00780531,  1.724515  ,
          0.25897866,  1.0671432 ]]], dtype=float32), o_activation=array([[[21.146324  , -0.14792708, -0.104919  , -0.07433729,
         -0.07984799, -0.09023384, -0.08298661, -0.07847466,
         -0.07545355, -0.10006521, -0.13596888, -0.15759169,
         -0.1181853 , -0.08480775, -0.10400171, -0.15609512,
         -0.1784867 ]]], dtype=float32), reward=1), transition(observation=array([[1., 0., 0., 0., 0., 0., 0., 0., 0., 0., 0., 0., 0., 0., 0., 0.,
        0., 0., 0., 0., 0., 0., 0., 0., 0., 0., 0., 0., 0., 0., 0., 0.,
        0., 0.]], dtype=float32), activation=array([[[20.430962  , -0.13669364, -0.10844178, -0.08017697,
         -0.07913208, -0.09574541, -0.08695398, -0.0815801 ,
         -0.079727  , -0.10858901, -0.1358045 , -0.15104309,
         -0.11423667, -0.08659025, -0.09905452, -0.14056572,
         -0.15914483]]], dtype=float32), h_activation=array([[[ 1.6570485 ,  2.2222865 ,  1.5444682 ,  2.1770654 ,
          1.4570724 ,  1.9150693 , -0.00590907,  2.2735069 ,
          0.62183607,  1.3858216 ]]], dtype=float32), o_activation=array([[[20.430962  , -0.13669364, -0.10844178, -0.08017697,
         -0.07913208, -0.09574541, -0.08695398, -0.0815801 ,
         -0.079727  , -0.10858901, -0.1358045 , -0.15104309,
         -0.11423667, -0.08659025, -0.09905452, -0.14056572,
         -0.15914483]]], dtype=float32), reward=1), transition(observation=array([[ 0.81865394,  0.1415064 ,  0.09227777, -0.03836762, -0.15209948,
         0.02409718, -0.11224848,  0.08551153,  0.02480881, -0.05065486,
         0.14328265,  0.59569705,  0.68189466,  0.1706705 ,  0.14028528,
        -0.04483007, -0.27015388, -0.09993754,  0.02671568,  0.06340387,
        -0.18245776,  0.04797424, -0.0920175 , -0.08557763, -0.04739574,
         0.04577444,  0.1312032 ,  0.07656275, -0.06729054,  0.0684219 ,
         0.10376728, -0.19674148,  0.01025145,  0.        ]],
      dtype=float32), activation=array([[[21.518177  , -0.11605562, -0.11109504, -0.07747463,
         -0.07057514, -0.08417463, -0.08679358, -0.08762564,
         -0.08744182, -0.13403064, -0.19948618, -0.22328569,
         -0.19155118, -0.14518203, -0.12125051, -0.11827503,
         -0.12231041]]], dtype=float32), h_activation=array([[[ 3.7946851 ,  0.9953287 ,  0.66279644,  1.9327072 ,
          2.539244  ,  5.1029735 , -0.01929017,  2.4842007 ,
          2.5778086 ,  2.3031359 ]]], dtype=float32), o_activation=array([[[21.518177  , -0.11605562, -0.11109504, -0.07747463,
         -0.07057514, -0.08417463, -0.08679358, -0.08762564,
         -0.08744182, -0.13403064, -0.19948618, -0.22328569,
         -0.19155118, -0.14518203, -0.12125051, -0.11827503,
         -0.12231041]]], dtype=float32), reward=1), transition(observation=array([[ 0.9799247 ,  0.11143405, -0.2078895 ,  0.04303745,  0.03875986,
         0.0428682 ,  0.01109156, -0.2185716 ,  0.02511961,  0.14822982,
         0.06547765,  0.6899267 ,  0.8008828 ,  0.30810878,  0.2610529 ,
         0.202071  , -0.05348804, -0.09492435,  0.02195228, -0.20827946,
        -0.04436094,  0.08792572,  0.05793894,  0.09350519, -0.1396835 ,
        -0.00276419, -0.0729304 , -0.02064444, -0.03255278, -0.1957886 ,
         0.13468125,  0.13454337, -0.08991486,  0.        ]],
      dtype=float32), activation=array([[[28.51139   , -0.14539644, -0.14598867, -0.15442218,
         -0.18231203, -0.17518009, -0.14503935, -0.14626226,
         -0.12737532, -0.18404923, -0.23328969, -0.19488497,
         -0.17081876, -0.19571635, -0.18644708, -0.17591201,
         -0.17976865]]], dtype=float32), h_activation=array([[[ 6.5054088e+00,  1.4423666e+00, -7.8687246e-04,  2.0262408e+00,
          3.4585745e+00,  9.0755196e+00,  2.1761912e-01,  3.4273803e+00,
          3.8381228e+00,  1.6318922e+00]]], dtype=float32), o_activation=array([[[28.51139   , -0.14539644, -0.14598867, -0.15442218,
         -0.18231203, -0.17518009, -0.14503935, -0.14626226,
         -0.12737532, -0.18404923, -0.23328969, -0.19488497,
         -0.17081876, -0.19571635, -0.18644708, -0.17591201,
         -0.17976865]]], dtype=float32), reward=1), transition(observation=array([[ 1.0545651e+00,  8.4561244e-02, -6.4588785e-02,  1.7605269e-02,
         3.0348795e-02, -1.3974112e-02,  3.6681421e-02, -1.7780454e-01,
        -2.4720635e-02,  8.4959283e-02,  2.0069714e-01,  6.9202387e-01,
         7.3872966e-01,  4.1287249e-01,  7.6670781e-02, -4.9951229e-02,
        -6.7497991e-02, -1.0888845e-02,  9.8122716e-02,  1.4045045e-01,
         4.1124757e-02,  7.3395710e-04, -6.0941566e-02, -5.5519361e-02,
        -5.3619981e-02, -8.7589025e-02,  1.8956864e-02, -1.0453723e-01,
        -7.8208990e-02, -1.9672401e-02, -2.4383731e-01,  2.6849315e-02,
        -1.2923770e-02,  0.0000000e+00]], dtype=float32), activation=array([[[28.834213  , -0.14885953, -0.1993142 , -0.22663985,
         -0.21497835, -0.20022896, -0.18973753, -0.2154004 ,
         -0.15635988, -0.19120866, -0.22417317, -0.13772234,
         -0.09356093, -0.14477454, -0.15261197, -0.14151636,
         -0.15835619]]], dtype=float32), h_activation=array([[[ 9.0176105e+00,  1.0258212e+00, -2.9824893e-03,  1.5603404e+00,
          4.5308609e+00,  1.0466451e+01,  2.8122926e-01,  3.4974072e+00,
          5.4364481e+00,  1.4167948e+00]]], dtype=float32), o_activation=array([[[28.834213  , -0.14885953, -0.1993142 , -0.22663985,
         -0.21497835, -0.20022896, -0.18973753, -0.2154004 ,
         -0.15635988, -0.19120866, -0.22417317, -0.13772234,
         -0.09356093, -0.14477454, -0.15261197, -0.14151636,
         -0.15835619]]], dtype=float32), reward=1), transition(observation=array([[ 1.1247436 ,  0.05700805, -0.00830093,  0.06165074,  0.11706937,
        -0.00236556, -0.0511385 ,  0.06662692,  0.00174978,  0.02332589,
         0.08636659,  0.6598623 ,  0.75547713,  0.27652776,  0.08245656,
        -0.14981945,  0.18648462,  0.01230684, -0.09754986, -0.06637124,
        -0.08431697, -0.05967403,  0.08659084, -0.02383682,  0.00667735,
        -0.01277553, -0.1437665 ,  0.11168082, -0.09408749, -0.11074768,
         0.13841662, -0.07922846,  0.07698212,  0.        ]],
      dtype=float32), activation=array([[[31.879261  , -0.1669834 , -0.23289718, -0.26910684,
         -0.25844985, -0.24614596, -0.23153938, -0.28264397,
         -0.21322057, -0.19998617, -0.1985734 , -0.08472218,
         -0.03493429, -0.11024483, -0.16056818, -0.17007326,
         -0.18076   ]]], dtype=float32), h_activation=array([[[10.877463  ,  0.4357509 ,  0.55932117,  1.851036  ,
          4.583692  , 11.27487   ,  0.7292457 ,  3.4110246 ,
          6.340343  ,  1.7700543 ]]], dtype=float32), o_activation=array([[[31.879261  , -0.1669834 , -0.23289718, -0.26910684,
         -0.25844985, -0.24614596, -0.23153938, -0.28264397,
         -0.21322057, -0.19998617, -0.1985734 , -0.08472218,
         -0.03493429, -0.11024483, -0.16056818, -0.17007326,
         -0.18076   ]]], dtype=float32), reward=1), transition(observation=array([[ 1.1399548 ,  0.30957407, -0.02529647,  0.00818963,  0.00891032,
         0.15531595,  0.04827783,  0.11211579,  0.01786662, -0.12019458,
         0.14060447,  0.6903734 ,  0.77198136,  0.33892375, -0.08975027,
        -0.04686704,  0.02230251,  0.05756728,  0.10674077, -0.01737498,
        -0.09051077,  0.09672453, -0.09489969, -0.01767652, -0.04450669,
         0.03454684, -0.11161005, -0.08790998, -0.11650203, -0.10090512,
         0.06608009,  0.16425657,  0.03242204,  0.        ]],
      dtype=float32), activation=array([[[34.094296  , -0.16786663, -0.24432018, -0.27162972,
         -0.27031183, -0.27919516, -0.2718341 , -0.32194608,
         -0.24226353, -0.21000078, -0.19232869, -0.05751617,
          0.35117632, -0.1026119 , -0.17919241, -0.17277823,
         -0.16932882]]], dtype=float32), h_activation=array([[[12.122196  ,  0.09217072,  1.5165629 ,  1.2493947 ,
          4.4503264 , 11.449179  ,  0.5476559 ,  3.396046  ,
          7.839701  ,  2.6309977 ]]], dtype=float32), o_activation=array([[[34.094296  , -0.16786663, -0.24432018, -0.27162972,
         -0.27031183, -0.27919516, -0.2718341 , -0.32194608,
         -0.24226353, -0.21000078, -0.19232869, -0.05751617,
          0.35117632, -0.1026119 , -0.17919241, -0.17277823,
         -0.16932882]]], dtype=float32), reward=1), transition(observation=array([[0., 0., 0., 0., 0., 0., 0., 0., 0., 0., 0., 0., 0., 0., 0., 0.,
        0., 0., 0., 0., 0., 0., 0., 0., 0., 0., 0., 0., 0., 0., 0., 0.,
        0., 0.]], dtype=float32), activation=array([[[-1.0291618e-01,  3.7131066e+00, -6.1997406e-02, -1.1716895e-01,
         -1.0805719e-01, -1.1063135e-01, -8.2493424e-02, -1.5684900e-01,
         -1.0049736e-01, -6.6812202e-02,  2.4687486e+00,  2.2514605e+01,
          2.8609724e+01,  1.1406843e+01, -1.1758434e-02,  5.2374315e-01,
          4.2620978e+00]]], dtype=float32), h_activation=array([[[ 9.1333523e+00, -8.1745564e-04,  9.2646635e-01,  3.4336525e-01,
          3.5771520e+00,  8.2928019e+00,  2.4867623e+00,  2.8529024e+00,
          6.8980026e+00,  1.9571826e+00]]], dtype=float32), o_activation=array([[[-1.0291618e-01,  3.7131066e+00, -6.1997406e-02, -1.1716895e-01,
         -1.0805719e-01, -1.1063135e-01, -8.2493424e-02, -1.5684900e-01,
         -1.0049736e-01, -6.6812202e-02,  2.4687486e+00,  2.2514605e+01,
          2.8609724e+01,  1.1406843e+01, -1.1758434e-02,  5.2374315e-01,
          4.2620978e+00]]], dtype=float32), reward=1), transition(observation=array([[0., 0., 0., 0., 0., 0., 0., 0., 0., 0., 0., 0., 0., 0., 0., 0.,
        0., 0., 0., 0., 0., 0., 0., 0., 0., 0., 0., 0., 0., 0., 0., 0.,
        0., 0.]], dtype=float32), activation=array([[[-7.96572864e-02,  3.57347202e+00, -2.68288646e-02,
         -7.77338073e-02, -8.49695504e-02, -9.10551250e-02,
         -1.06299616e-01, -1.84661150e-01, -1.07951865e-01,
         -4.28747497e-02,  3.05142641e+00,  1.73393478e+01,
          2.19621792e+01,  8.85779190e+00, -6.73333742e-03,
          4.34072971e-01,  2.96747160e+00]]], dtype=float32), h_activation=array([[[ 6.6226149e+00, -6.8905111e-04,  8.7782681e-01,  1.2801945e-02,
          2.6545143e+00,  5.9425144e+00,  3.2906196e+00,  2.2949944e+00,
          5.6196032e+00,  1.4247808e+00]]], dtype=float32), o_activation=array([[[-7.96572864e-02,  3.57347202e+00, -2.68288646e-02,
         -7.77338073e-02, -8.49695504e-02, -9.10551250e-02,
         -1.06299616e-01, -1.84661150e-01, -1.07951865e-01,
         -4.28747497e-02,  3.05142641e+00,  1.73393478e+01,
          2.19621792e+01,  8.85779190e+00, -6.73333742e-03,
          4.34072971e-01,  2.96747160e+00]]], dtype=float32), reward=1)], success=True), configuration(episode=14, buffer=[transition(observation=array([[1., 0., 0., 0., 0., 0., 0., 0., 0., 0., 0., 0., 0., 0., 0., 0.,
        0., 0., 0., 0., 0., 0., 0., 0., 0., 0., 0., 0., 0., 0., 0., 0.,
        0., 0.]], dtype=float32), activation=array([[[21.951925  , -0.16273472, -0.09903108, -0.06986514,
         -0.08627328, -0.08463791, -0.07808341, -0.07997513,
         -0.07514796, -0.08803788, -0.13114357, -0.16107212,
         -0.12245279, -0.08242273, -0.10989129, -0.17945905,
         -0.20810315]]], dtype=float32), h_activation=array([[[ 0.65741384,  1.0077157 ,  0.8094139 ,  1.0622857 ,
          0.5178273 ,  0.82935977, -0.00975731,  0.98335665,
          0.01363628,  0.61610925]]], dtype=float32), o_activation=array([[[21.951925  , -0.16273472, -0.09903108, -0.06986514,
         -0.08627328, -0.08463791, -0.07808341, -0.07997513,
         -0.07514796, -0.08803788, -0.13114357, -0.16107212,
         -0.12245279, -0.08242273, -0.10989129, -0.17945905,
         -0.20810315]]], dtype=float32), reward=1), transition(observation=array([[1., 0., 0., 0., 0., 0., 0., 0., 0., 0., 0., 0., 0., 0., 0., 0.,
        0., 0., 0., 0., 0., 0., 0., 0., 0., 0., 0., 0., 0., 0., 0., 0.,
        0., 0.]], dtype=float32), activation=array([[[21.146324  , -0.14792708, -0.104919  , -0.07433729,
         -0.07984799, -0.09023384, -0.08298661, -0.07847466,
         -0.07545355, -0.10006521, -0.13596888, -0.15759169,
         -0.1181853 , -0.08480775, -0.10400171, -0.15609512,
         -0.1784867 ]]], dtype=float32), h_activation=array([[[ 1.211765  ,  1.7285006 ,  1.2898107 ,  1.7559597 ,
          1.0133047 ,  1.457543  , -0.00780531,  1.724515  ,
          0.25897866,  1.0671432 ]]], dtype=float32), o_activation=array([[[21.146324  , -0.14792708, -0.104919  , -0.07433729,
         -0.07984799, -0.09023384, -0.08298661, -0.07847466,
         -0.07545355, -0.10006521, -0.13596888, -0.15759169,
         -0.1181853 , -0.08480775, -0.10400171, -0.15609512,
         -0.1784867 ]]], dtype=float32), reward=1), transition(observation=array([[1., 0., 0., 0., 0., 0., 0., 0., 0., 0., 0., 0., 0., 0., 0., 0.,
        0., 0., 0., 0., 0., 0., 0., 0., 0., 0., 0., 0., 0., 0., 0., 0.,
        0., 0.]], dtype=float32), activation=array([[[20.430962  , -0.13669364, -0.10844178, -0.08017697,
         -0.07913208, -0.09574541, -0.08695398, -0.0815801 ,
         -0.079727  , -0.10858901, -0.1358045 , -0.15104309,
         -0.11423667, -0.08659025, -0.09905452, -0.14056572,
         -0.15914483]]], dtype=float32), h_activation=array([[[ 1.6570485 ,  2.2222865 ,  1.5444682 ,  2.1770654 ,
          1.4570724 ,  1.9150693 , -0.00590907,  2.2735069 ,
          0.62183607,  1.3858216 ]]], dtype=float32), o_activation=array([[[20.430962  , -0.13669364, -0.10844178, -0.08017697,
         -0.07913208, -0.09574541, -0.08695398, -0.0815801 ,
         -0.079727  , -0.10858901, -0.1358045 , -0.15104309,
         -0.11423667, -0.08659025, -0.09905452, -0.14056572,
         -0.15914483]]], dtype=float32), reward=1), transition(observation=array([[ 0.9332311 ,  0.23664688, -0.10535594,  0.0485625 , -0.03336762,
         0.07612561,  0.02472233,  0.21098602,  0.11915054,  0.16576031,
         0.09398625,  0.0991266 ,  0.18299717, -0.08796238,  0.46836895,
         0.6854809 ,  0.40407792, -0.14191255,  0.1013669 ,  0.02335553,
        -0.0204932 ,  0.10991675,  0.04871642,  0.02207964, -0.08943679,
        -0.12472295, -0.06776227,  0.2030393 , -0.09761142, -0.070352  ,
        -0.01408068, -0.0332295 , -0.0652136 ,  0.        ]],
      dtype=float32), activation=array([[[29.691353  , -0.1967918 , -0.15013695, -0.10744029,
         -0.12447577, -0.1344551 , -0.1311963 , -0.13932107,
         -0.16360761, -0.18950292, -0.18859287, -0.18142176,
         -0.16700745, -0.16796544, -0.18213248, -0.23788282,
         -0.24982254]]], dtype=float32), h_activation=array([[[1.6224654, 3.9149616, 2.4365618, 4.364857 , 2.9694858,
         5.284798 , 1.7299159, 4.4299746, 1.8143774, 1.6858444]]],
      dtype=float32), o_activation=array([[[29.691353  , -0.1967918 , -0.15013695, -0.10744029,
         -0.12447577, -0.1344551 , -0.1311963 , -0.13932107,
         -0.16360761, -0.18950292, -0.18859287, -0.18142176,
         -0.16700745, -0.16796544, -0.18213248, -0.23788282,
         -0.24982254]]], dtype=float32), reward=1), transition(observation=array([[ 0.7944295 ,  0.1095354 ,  0.05086663, -0.04323805, -0.01351854,
         0.12677664, -0.15383585,  0.22590284,  0.26195407, -0.04904844,
        -0.02643571, -0.1132358 ,  0.02462372,  0.0104221 ,  0.45565197,
         0.7240918 ,  0.5219687 ,  0.10072175,  0.10412747,  0.09555148,
         0.02689036, -0.09261072,  0.09732423,  0.01522536,  0.19791807,
        -0.023424  , -0.01230726, -0.12761302, -0.06201132, -0.09828878,
        -0.05992065, -0.02406712,  0.1412787 ,  0.        ]],
      dtype=float32), activation=array([[[21.466328  , -0.16758186, -0.1608263 , -0.14186044,
         -0.13164149, -0.15208986, -0.15434194, -0.15191121,
         -0.14690824, -0.1690622 , -0.12517343, -0.09389015,
         -0.11667742, -0.15053459, -0.11731704, -0.13776664,
         -0.17380333]]], dtype=float32), h_activation=array([[[0.92956024, 4.7240357 , 3.2805364 , 5.7217064 , 3.5154307 ,
         7.392328  , 3.6751313 , 6.400524  , 1.4533283 , 1.9374914 ]]],
      dtype=float32), o_activation=array([[[21.466328  , -0.16758186, -0.1608263 , -0.14186044,
         -0.13164149, -0.15208986, -0.15434194, -0.15191121,
         -0.14690824, -0.1690622 , -0.12517343, -0.09389015,
         -0.11667742, -0.15053459, -0.11731704, -0.13776664,
         -0.17380333]]], dtype=float32), reward=1), transition(observation=array([[ 1.00216055e+00,  1.11748405e-01,  2.02068314e-01,
         5.12422295e-04,  3.63438688e-02, -8.73470604e-02,
        -3.42282280e-02,  1.32886037e-01,  1.57862559e-01,
         6.63162470e-02, -1.13253243e-01,  3.45122851e-02,
         1.69910416e-01,  1.73448160e-01,  3.81195128e-01,
         7.38518953e-01,  4.07312483e-01, -6.46327855e-03,
         1.96058378e-01,  2.04625085e-01, -5.45974076e-03,
         1.51241839e-01, -7.07774982e-02,  3.25745740e-03,
         1.21627180e-02,  1.73046328e-02, -2.34966390e-02,
         1.24799451e-02, -7.35912398e-02, -6.91397395e-03,
         2.36749183e-03,  1.69552132e-01, -5.88035025e-02,
         0.00000000e+00]], dtype=float32), activation=array([[[28.65371   , -0.18376884, -0.20172134, -0.1983112 ,
         -0.17387949, -0.20404665, -0.2275679 , -0.21126199,
         -0.17279986, -0.21690236, -0.18185496, -0.13908921,
         -0.16056411, -0.19981602, -0.11493265, -0.08887897,
         -0.15355693]]], dtype=float32), h_activation=array([[[1.222785 , 4.2577577, 3.8986797, 6.477329 , 4.3020573,
         9.112124 , 5.3087993, 7.9532356, 1.4134676, 2.216271 ]]],
      dtype=float32), o_activation=array([[[28.65371   , -0.18376884, -0.20172134, -0.1983112 ,
         -0.17387949, -0.20404665, -0.2275679 , -0.21126199,
         -0.17279986, -0.21690236, -0.18185496, -0.13908921,
         -0.16056411, -0.19981602, -0.11493265, -0.08887897,
         -0.15355693]]], dtype=float32), reward=1), transition(observation=array([[ 1.055618  , -0.02534644, -0.05375709,  0.10727131, -0.03362261,
         0.08763058,  0.04808861, -0.00694969,  0.2080433 , -0.04052261,
        -0.09374917, -0.03668976,  0.09867233,  0.04668295,  0.5798849 ,
         0.68223906,  0.41929176, -0.13342032, -0.01566589, -0.04491548,
        -0.00376913,  0.14774103,  0.00552536, -0.18258919, -0.06663928,
        -0.03253689, -0.06918101,  0.07645313,  0.23668022, -0.03107017,
        -0.03213253,  0.09566212,  0.08704931,  0.        ]],
      dtype=float32), activation=array([[[29.630054  , -0.15004952, -0.17731823, -0.20201805,
         -0.21177518, -0.26826987, -0.28921145, -0.24992183,
         -0.18060419, -0.23767199, -0.1852234 , -0.11431082,
         -0.1297306 , -0.1833206 , -0.08503581, -0.04144563,
         -0.11433961]]], dtype=float32), h_activation=array([[[ 0.59456813,  4.1191273 ,  3.915107  ,  7.1110983 ,
          4.225852  , 10.23263   ,  6.5092587 ,  9.214425  ,
          1.4937645 ,  1.2020104 ]]], dtype=float32), o_activation=array([[[29.630054  , -0.15004952, -0.17731823, -0.20201805,
         -0.21177518, -0.26826987, -0.28921145, -0.24992183,
         -0.18060419, -0.23767199, -0.1852234 , -0.11431082,
         -0.1297306 , -0.1833206 , -0.08503581, -0.04144563,
         -0.11433961]]], dtype=float32), reward=1), transition(observation=array([[ 0.9927027 ,  0.15031576, -0.14410469,  0.03237459,  0.03547299,
         0.11871751, -0.08920024, -0.06152032,  0.18803233,  0.10775252,
         0.02048279, -0.07116615,  0.0447205 ,  0.11990941,  0.37667847,
         0.47324827,  0.35116664,  0.06471132,  0.01985307, -0.04867082,
        -0.07292132, -0.01715975, -0.06552844,  0.03300958,  0.01306231,
         0.2217777 , -0.2868665 , -0.0560488 , -0.13753928, -0.1007842 ,
         0.15373443,  0.00493137,  0.14367916,  0.        ]],
      dtype=float32), activation=array([[[ 2.7373035e+01, -1.4102805e-01, -1.7449501e-01, -2.0563422e-01,
         -2.0685440e-01, -2.6123458e-01, -2.9388368e-01, -2.6801944e-01,
         -1.9785051e-01, -2.6145029e-01, -1.9095068e-01, -1.0453558e-01,
         -1.1472251e-01, -1.4877906e-01, -2.0423803e-02,  3.3987460e+00,
         -7.6271236e-02]]], dtype=float32), h_activation=array([[[ 0.7137998 ,  5.0626335 ,  4.083513  ,  6.7488647 ,
          4.702146  , 10.059527  ,  7.1683316 ,  8.991157  ,
          1.0790378 ,  0.84473395]]], dtype=float32), o_activation=array([[[ 2.7373035e+01, -1.4102805e-01, -1.7449501e-01, -2.0563422e-01,
         -2.0685440e-01, -2.6123458e-01, -2.9388368e-01, -2.6801944e-01,
         -1.9785051e-01, -2.6145029e-01, -1.9095068e-01, -1.0453558e-01,
         -1.1472251e-01, -1.4877906e-01, -2.0423803e-02,  3.3987460e+00,
         -7.6271236e-02]]], dtype=float32), reward=1), transition(observation=array([[0., 0., 0., 0., 0., 0., 0., 0., 0., 0., 0., 0., 0., 0., 0., 0.,
        0., 0., 0., 0., 0., 0., 0., 0., 0., 0., 0., 0., 0., 0., 0., 0.,
        0., 0.]], dtype=float32), activation=array([[[-0.06830392,  4.7674236 , -0.037934  , -0.07863873,
         -0.04780596, -0.12784517, -0.18479782, -0.14961188,
         -0.03844802, -0.07866438, -0.03839352,  2.4036841 ,
          4.1621304 ,  4.7050786 , 17.359764  , 26.200426  ,
         16.380457  ]]], dtype=float32), h_activation=array([[[0.07182398, 3.5565279 , 3.4705625 , 5.3481407 , 3.4103463 ,
         7.341359  , 6.010179  , 6.5267944 , 1.3736504 , 0.63736784]]],
      dtype=float32), o_activation=array([[[-0.06830392,  4.7674236 , -0.037934  , -0.07863873,
         -0.04780596, -0.12784517, -0.18479782, -0.14961188,
         -0.03844802, -0.07866438, -0.03839352,  2.4036841 ,
          4.1621304 ,  4.7050786 , 17.359764  , 26.200426  ,
         16.380457  ]]], dtype=float32), reward=1), transition(observation=array([[0., 0., 0., 0., 0., 0., 0., 0., 0., 0., 0., 0., 0., 0., 0., 0.,
        0., 0., 0., 0., 0., 0., 0., 0., 0., 0., 0., 0., 0., 0., 0., 0.,
        0., 0.]], dtype=float32), activation=array([[[-0.067739  ,  2.7343616 , -0.02396856, -0.04693919,
         -0.03474681, -0.09649459, -0.13460277, -0.10368793,
         -0.02395726, -0.05689692, -0.03006248,  1.0697346 ,
          2.372509  ,  3.070932  , 12.73782   , 19.644197  ,
         11.833054  ]]], dtype=float32), h_activation=array([[[-3.3639781e-03,  2.6067257e+00,  3.1403768e+00,  4.4510221e+00,
          2.3857226e+00,  5.4291430e+00,  4.7242246e+00,  4.7696505e+00,
          1.2852869e+00,  5.4728913e-01]]], dtype=float32), o_activation=array([[[-0.067739  ,  2.7343616 , -0.02396856, -0.04693919,
         -0.03474681, -0.09649459, -0.13460277, -0.10368793,
         -0.02395726, -0.05689692, -0.03006248,  1.0697346 ,
          2.372509  ,  3.070932  , 12.73782   , 19.644197  ,
         11.833054  ]]], dtype=float32), reward=1)], success=True), configuration(episode=15, buffer=[transition(observation=array([[1., 0., 0., 0., 0., 0., 0., 0., 0., 0., 0., 0., 0., 0., 0., 0.,
        0., 0., 0., 0., 0., 0., 0., 0., 0., 0., 0., 0., 0., 0., 0., 0.,
        0., 0.]], dtype=float32), activation=array([[[21.951925  , -0.16273472, -0.09903108, -0.06986514,
         -0.08627328, -0.08463791, -0.07808341, -0.07997513,
         -0.07514796, -0.08803788, -0.13114357, -0.16107212,
         -0.12245279, -0.08242273, -0.10989129, -0.17945905,
         -0.20810315]]], dtype=float32), h_activation=array([[[ 0.65741384,  1.0077157 ,  0.8094139 ,  1.0622857 ,
          0.5178273 ,  0.82935977, -0.00975731,  0.98335665,
          0.01363628,  0.61610925]]], dtype=float32), o_activation=array([[[21.951925  , -0.16273472, -0.09903108, -0.06986514,
         -0.08627328, -0.08463791, -0.07808341, -0.07997513,
         -0.07514796, -0.08803788, -0.13114357, -0.16107212,
         -0.12245279, -0.08242273, -0.10989129, -0.17945905,
         -0.20810315]]], dtype=float32), reward=1), transition(observation=array([[1., 0., 0., 0., 0., 0., 0., 0., 0., 0., 0., 0., 0., 0., 0., 0.,
        0., 0., 0., 0., 0., 0., 0., 0., 0., 0., 0., 0., 0., 0., 0., 0.,
        0., 0.]], dtype=float32), activation=array([[[21.146324  , -0.14792708, -0.104919  , -0.07433729,
         -0.07984799, -0.09023384, -0.08298661, -0.07847466,
         -0.07545355, -0.10006521, -0.13596888, -0.15759169,
         -0.1181853 , -0.08480775, -0.10400171, -0.15609512,
         -0.1784867 ]]], dtype=float32), h_activation=array([[[ 1.211765  ,  1.7285006 ,  1.2898107 ,  1.7559597 ,
          1.0133047 ,  1.457543  , -0.00780531,  1.724515  ,
          0.25897866,  1.0671432 ]]], dtype=float32), o_activation=array([[[21.146324  , -0.14792708, -0.104919  , -0.07433729,
         -0.07984799, -0.09023384, -0.08298661, -0.07847466,
         -0.07545355, -0.10006521, -0.13596888, -0.15759169,
         -0.1181853 , -0.08480775, -0.10400171, -0.15609512,
         -0.1784867 ]]], dtype=float32), reward=1), transition(observation=array([[1., 0., 0., 0., 0., 0., 0., 0., 0., 0., 0., 0., 0., 0., 0., 0.,
        0., 0., 0., 0., 0., 0., 0., 0., 0., 0., 0., 0., 0., 0., 0., 0.,
        0., 0.]], dtype=float32), activation=array([[[20.430962  , -0.13669364, -0.10844178, -0.08017697,
         -0.07913208, -0.09574541, -0.08695398, -0.0815801 ,
         -0.079727  , -0.10858901, -0.1358045 , -0.15104309,
         -0.11423667, -0.08659025, -0.09905452, -0.14056572,
         -0.15914483]]], dtype=float32), h_activation=array([[[ 1.6570485 ,  2.2222865 ,  1.5444682 ,  2.1770654 ,
          1.4570724 ,  1.9150693 , -0.00590907,  2.2735069 ,
          0.62183607,  1.3858216 ]]], dtype=float32), o_activation=array([[[20.430962  , -0.13669364, -0.10844178, -0.08017697,
         -0.07913208, -0.09574541, -0.08695398, -0.0815801 ,
         -0.079727  , -0.10858901, -0.1358045 , -0.15104309,
         -0.11423667, -0.08659025, -0.09905452, -0.14056572,
         -0.15914483]]], dtype=float32), reward=1), transition(observation=array([[ 0.9619116 ,  0.33294863,  0.5492727 ,  0.27048412,  0.23948632,
         0.30106568,  0.4624523 ,  0.12489874, -0.06328041, -0.04767941,
        -0.00204925,  0.00319951, -0.31276667, -0.23231952,  0.03992667,
         0.16634877, -0.04424101,  0.01413356, -0.00686386,  0.08743856,
        -0.02434766,  0.10632879, -0.0598217 , -0.03088599,  0.01659765,
        -0.01035268,  0.01977164,  0.04268423, -0.03373484,  0.01760822,
         0.10133516,  0.14984824,  0.11151668,  0.        ]],
      dtype=float32), activation=array([[[26.530556  , -0.20300983, -0.18255195, -0.1664294 ,
         -0.16326298, -0.17615414, -0.15120049, -0.1315694 ,
         -0.123342  , -0.12466702, -0.12331844, -0.12598476,
         -0.09789243, -0.07515167, -0.0871776 , -0.15158482,
         -0.20442787]]], dtype=float32), h_activation=array([[[ 0.5438757 ,  2.4099038 ,  1.3649716 ,  2.3073182 ,
          0.45208195, -0.01324514, -0.00765313,  4.788289  ,
          2.5067456 ,  3.3488889 ]]], dtype=float32), o_activation=array([[[26.530556  , -0.20300983, -0.18255195, -0.1664294 ,
         -0.16326298, -0.17615414, -0.15120049, -0.1315694 ,
         -0.123342  , -0.12466702, -0.12331844, -0.12598476,
         -0.09789243, -0.07515167, -0.0871776 , -0.15158482,
         -0.20442787]]], dtype=float32), reward=1), transition(observation=array([[ 0.9272725 ,  0.30850023,  0.6130776 ,  0.1881835 ,  0.188507  ,
         0.10365862,  0.39316794,  0.0335803 , -0.08258653,  0.05472759,
        -0.02649009, -0.08462972,  0.00745748, -0.00206274,  0.00613873,
        -0.065226  ,  0.09510493,  0.05065225, -0.08262912, -0.07508864,
         0.05038469, -0.02183555, -0.01646111, -0.07404157,  0.00801263,
        -0.01227595,  0.04557449, -0.20657614, -0.03115647, -0.07217198,
         0.05725511, -0.08120444,  0.0941714 ,  0.        ]],
      dtype=float32), activation=array([[[21.913254  , -0.17383863, -0.11424478, -0.11872897,
         -0.12677363, -0.10125381, -0.08347037, -0.1394409 ,
         -0.1725625 , -0.19963826, -0.1541732 , -0.13526501,
         -0.17157316, -0.16795787, -0.09419698, -0.12633196,
         -0.19740343]]], dtype=float32), h_activation=array([[[ 1.1639054e+00,  2.0351799e+00,  2.0659385e+00,  1.0589697e+00,
          6.6505885e-01, -2.2717671e-02, -9.0166926e-05,  5.9030819e+00,
          3.1552968e+00,  4.7138400e+00]]], dtype=float32), o_activation=array([[[21.913254  , -0.17383863, -0.11424478, -0.11872897,
         -0.12677363, -0.10125381, -0.08347037, -0.1394409 ,
         -0.1725625 , -0.19963826, -0.1541732 , -0.13526501,
         -0.17157316, -0.16795787, -0.09419698, -0.12633196,
         -0.19740343]]], dtype=float32), reward=1), transition(observation=array([[ 0.8203801 ,  0.40868446,  0.4714228 ,  0.359702  ,  0.17043734,
         0.07529473,  0.31904352,  0.12229595, -0.06267577, -0.00951238,
        -0.08998445, -0.00642381,  0.15545999,  0.05149595,  0.2259085 ,
         0.03746394, -0.02721669,  0.19375959, -0.1438913 , -0.08469916,
        -0.15434888, -0.09243051, -0.01143117, -0.0684882 ,  0.10386715,
        -0.02619577,  0.04882798,  0.10131829,  0.12229446,  0.18773174,
         0.05069533,  0.03384326, -0.08801992,  0.        ]],
      dtype=float32), activation=array([[[19.85879   , -0.13377579, -0.07663715, -0.11879473,
         -0.14545496, -0.09654484, -0.07195848, -0.1568358 ,
         -0.19073255, -0.23521416, -0.1804844 , -0.1268753 ,
         -0.16717651, -0.19107261, -0.11060202, -0.13545972,
         -0.18817292]]], dtype=float32), h_activation=array([[[ 1.7340574e+00,  9.9151951e-01,  2.4876823e+00,  3.5594356e-01,
          8.1143224e-01, -1.4264075e-02, -3.5906732e-04,  7.1780415e+00,
          3.2434299e+00,  5.1140642e+00]]], dtype=float32), o_activation=array([[[19.85879   , -0.13377579, -0.07663715, -0.11879473,
         -0.14545496, -0.09654484, -0.07195848, -0.1568358 ,
         -0.19073255, -0.23521416, -0.1804844 , -0.1268753 ,
         -0.16717651, -0.19107261, -0.11060202, -0.13545972,
         -0.18817292]]], dtype=float32), reward=1), transition(observation=array([[ 0.97243285,  0.3112798 ,  0.397544  ,  0.23496437,  0.12365042,
         0.17667949,  0.20381747, -0.00488866,  0.01049071, -0.04490932,
        -0.12414828, -0.03216806,  0.00713488, -0.1719359 , -0.09150191,
        -0.07416519,  0.01275814,  0.07332728, -0.05461996,  0.01372837,
        -0.14596666, -0.06928392,  0.12807384,  0.1779058 ,  0.08381167,
         0.21263993,  0.0886106 ,  0.1805633 , -0.14711031, -0.07065696,
        -0.01499548, -0.02756508,  0.1604703 ,  0.        ]],
      dtype=float32), activation=array([[[19.950836  , -0.10903439, -0.03825875, -0.10687272,
         -0.15953751, -0.10746248, -0.06784058, -0.17337066,
         -0.21866868, -0.27502245, -0.1937194 , -0.11071884,
         -0.12432157, -0.1436344 , -0.06659145, -0.11164163,
         -0.18462189]]], dtype=float32), h_activation=array([[[ 1.9666431e+00,  1.0595994e+00,  2.0853395e+00, -3.8031386e-03,
          1.1873167e-01, -1.5269974e-02,  1.6013330e-01,  7.1673841e+00,
          3.5722561e+00,  6.1098533e+00]]], dtype=float32), o_activation=array([[[19.950836  , -0.10903439, -0.03825875, -0.10687272,
         -0.15953751, -0.10746248, -0.06784058, -0.17337066,
         -0.21866868, -0.27502245, -0.1937194 , -0.11071884,
         -0.12432157, -0.1436344 , -0.06659145, -0.11164163,
         -0.18462189]]], dtype=float32), reward=1), transition(observation=array([[ 1.0376053 ,  0.29483145,  0.45125988,  0.39368632,  0.15031272,
         0.15479031,  0.23455779,  0.23943242, -0.05977037, -0.01507493,
        -0.01534245,  0.07954235, -0.0953663 ,  0.02875242, -0.07508893,
         0.08545993,  0.04540609,  0.01797264, -0.1561719 , -0.15044737,
         0.01415788,  0.20888521,  0.05101808,  0.14886963, -0.02369943,
        -0.05220623, -0.02627864, -0.0488803 , -0.00458107,  0.15246587,
        -0.150155  ,  0.1409139 , -0.0730421 ,  0.        ]],
      dtype=float32), activation=array([[[25.161566  , -0.12488935, -0.05216776, -0.12915039,
         -0.18055244, -0.11604032, -0.09699728, -0.21626692,
         -0.24777147, -0.30770528, -0.23310935, -0.12727757,
         -0.14723912, -0.20032474, -0.11992448, -0.14751926,
         -0.21391168]]], dtype=float32), h_activation=array([[[ 2.1716287 ,  0.43674123,  2.4558442 ,  0.6186495 ,
          0.19349247, -0.01967283,  0.26541144,  7.457348  ,
          4.2611322 ,  6.5303545 ]]], dtype=float32), o_activation=array([[[25.161566  , -0.12488935, -0.05216776, -0.12915039,
         -0.18055244, -0.11604032, -0.09699728, -0.21626692,
         -0.24777147, -0.30770528, -0.23310935, -0.12727757,
         -0.14723912, -0.20032474, -0.11992448, -0.14751926,
         -0.21391168]]], dtype=float32), reward=1), transition(observation=array([[0., 0., 0., 0., 0., 0., 0., 0., 0., 0., 0., 0., 0., 0., 0., 0.,
        0., 0., 0., 0., 0., 0., 0., 0., 0., 0., 0., 0., 0., 0., 0., 0.,
        0., 0.]], dtype=float32), activation=array([[[-1.22285515e-01,  8.56024170e+00,  1.53630238e+01,
          7.76984978e+00,  2.42908478e-01,  4.48447227e+00,
          7.23189831e+00, -4.70682122e-02, -9.93004516e-02,
         -1.95325449e-01, -1.04062594e-01,  1.92579603e+00,
         -8.71374737e-03, -7.70291835e-02,  1.17660153e+00,
          3.45456076e+00,  4.03259754e-01]]], dtype=float32), h_activation=array([[[1.621556  , 0.561314  , 1.8259802 , 0.22355008, 0.44232836,
         0.07286605, 0.9009786 , 5.6840525 , 3.8996196 , 4.799987  ]]],
      dtype=float32), o_activation=array([[[-1.22285515e-01,  8.56024170e+00,  1.53630238e+01,
          7.76984978e+00,  2.42908478e-01,  4.48447227e+00,
          7.23189831e+00, -4.70682122e-02, -9.93004516e-02,
         -1.95325449e-01, -1.04062594e-01,  1.92579603e+00,
         -8.71374737e-03, -7.70291835e-02,  1.17660153e+00,
          3.45456076e+00,  4.03259754e-01]]], dtype=float32), reward=1), transition(observation=array([[0., 0., 0., 0., 0., 0., 0., 0., 0., 0., 0., 0., 0., 0., 0., 0.,
        0., 0., 0., 0., 0., 0., 0., 0., 0., 0., 0., 0., 0., 0., 0., 0.,
        0., 0.]], dtype=float32), activation=array([[[-1.07333750e-01,  6.18380928e+00,  1.18644085e+01,
          5.82454681e+00, -9.01887368e-04,  3.54697275e+00,
          4.79176331e+00, -5.31880371e-02, -8.11460465e-02,
         -1.38626680e-01, -7.27275312e-02,  1.31915045e+00,
         -5.94665203e-03, -5.08314185e-02,  1.26958382e+00,
          2.06240892e+00, -6.15665410e-03]]], dtype=float32), h_activation=array([[[1.1259351 , 0.6766494 , 1.5333953 , 0.13469326, 0.46858934,
         0.15031561, 1.115576  , 4.358551  , 3.3380706 , 3.5506365 ]]],
      dtype=float32), o_activation=array([[[-1.07333750e-01,  6.18380928e+00,  1.18644085e+01,
          5.82454681e+00, -9.01887368e-04,  3.54697275e+00,
          4.79176331e+00, -5.31880371e-02, -8.11460465e-02,
         -1.38626680e-01, -7.27275312e-02,  1.31915045e+00,
         -5.94665203e-03, -5.08314185e-02,  1.26958382e+00,
          2.06240892e+00, -6.15665410e-03]]], dtype=float32), reward=1)], success=True), configuration(episode=16, buffer=[transition(observation=array([[1., 0., 0., 0., 0., 0., 0., 0., 0., 0., 0., 0., 0., 0., 0., 0.,
        0., 0., 0., 0., 0., 0., 0., 0., 0., 0., 0., 0., 0., 0., 0., 0.,
        0., 0.]], dtype=float32), activation=array([[[21.951925  , -0.16273472, -0.09903108, -0.06986514,
         -0.08627328, -0.08463791, -0.07808341, -0.07997513,
         -0.07514796, -0.08803788, -0.13114357, -0.16107212,
         -0.12245279, -0.08242273, -0.10989129, -0.17945905,
         -0.20810315]]], dtype=float32), h_activation=array([[[ 0.65741384,  1.0077157 ,  0.8094139 ,  1.0622857 ,
          0.5178273 ,  0.82935977, -0.00975731,  0.98335665,
          0.01363628,  0.61610925]]], dtype=float32), o_activation=array([[[21.951925  , -0.16273472, -0.09903108, -0.06986514,
         -0.08627328, -0.08463791, -0.07808341, -0.07997513,
         -0.07514796, -0.08803788, -0.13114357, -0.16107212,
         -0.12245279, -0.08242273, -0.10989129, -0.17945905,
         -0.20810315]]], dtype=float32), reward=1), transition(observation=array([[1., 0., 0., 0., 0., 0., 0., 0., 0., 0., 0., 0., 0., 0., 0., 0.,
        0., 0., 0., 0., 0., 0., 0., 0., 0., 0., 0., 0., 0., 0., 0., 0.,
        0., 0.]], dtype=float32), activation=array([[[21.146324  , -0.14792708, -0.104919  , -0.07433729,
         -0.07984799, -0.09023384, -0.08298661, -0.07847466,
         -0.07545355, -0.10006521, -0.13596888, -0.15759169,
         -0.1181853 , -0.08480775, -0.10400171, -0.15609512,
         -0.1784867 ]]], dtype=float32), h_activation=array([[[ 1.211765  ,  1.7285006 ,  1.2898107 ,  1.7559597 ,
          1.0133047 ,  1.457543  , -0.00780531,  1.724515  ,
          0.25897866,  1.0671432 ]]], dtype=float32), o_activation=array([[[21.146324  , -0.14792708, -0.104919  , -0.07433729,
         -0.07984799, -0.09023384, -0.08298661, -0.07847466,
         -0.07545355, -0.10006521, -0.13596888, -0.15759169,
         -0.1181853 , -0.08480775, -0.10400171, -0.15609512,
         -0.1784867 ]]], dtype=float32), reward=1), transition(observation=array([[1., 0., 0., 0., 0., 0., 0., 0., 0., 0., 0., 0., 0., 0., 0., 0.,
        0., 0., 0., 0., 0., 0., 0., 0., 0., 0., 0., 0., 0., 0., 0., 0.,
        0., 0.]], dtype=float32), activation=array([[[20.430962  , -0.13669364, -0.10844178, -0.08017697,
         -0.07913208, -0.09574541, -0.08695398, -0.0815801 ,
         -0.079727  , -0.10858901, -0.1358045 , -0.15104309,
         -0.11423667, -0.08659025, -0.09905452, -0.14056572,
         -0.15914483]]], dtype=float32), h_activation=array([[[ 1.6570485 ,  2.2222865 ,  1.5444682 ,  2.1770654 ,
          1.4570724 ,  1.9150693 , -0.00590907,  2.2735069 ,
          0.62183607,  1.3858216 ]]], dtype=float32), o_activation=array([[[20.430962  , -0.13669364, -0.10844178, -0.08017697,
         -0.07913208, -0.09574541, -0.08695398, -0.0815801 ,
         -0.079727  , -0.10858901, -0.1358045 , -0.15104309,
         -0.11423667, -0.08659025, -0.09905452, -0.14056572,
         -0.15914483]]], dtype=float32), reward=1), transition(observation=array([[ 9.65788305e-01, -1.65131688e-01,  2.83616297e-02,
         1.07635684e-01, -1.12741798e-01,  8.87671560e-02,
         2.42949754e-01,  6.50220692e-01,  7.09419370e-01,
         3.81367534e-01,  4.38267775e-02,  4.81008878e-03,
        -2.51618065e-02, -7.30506629e-02,  2.36318186e-02,
         8.26803595e-02,  9.30990949e-02, -1.27086699e-01,
         2.96560898e-02,  5.06007075e-02,  6.60313666e-02,
        -7.77108967e-02, -2.43992597e-01, -9.23957825e-02,
        -6.42648386e-03, -5.83200576e-03,  8.90521624e-04,
        -3.67801525e-02, -1.37473747e-01, -1.91999152e-02,
        -5.91390431e-02, -6.04150593e-02, -1.36304274e-01,
         0.00000000e+00]], dtype=float32), activation=array([[[28.314716  , -0.1415053 , -0.11569522, -0.08803849,
         -0.1089017 , -0.14459473, -0.15239929, -0.16815229,
         -0.1859857 , -0.19711013, -0.18227306, -0.16970174,
         -0.1268547 , -0.09625364, -0.1054175 , -0.15126435,
         -0.17650801]]], dtype=float32), h_activation=array([[[-0.01177131,  1.697356  ,  1.4200672 ,  2.7031589 ,
          1.6887814 ,  2.8694124 , -0.00486095, -0.01008991,
          0.86035776,  2.6006594 ]]], dtype=float32), o_activation=array([[[28.314716  , -0.1415053 , -0.11569522, -0.08803849,
         -0.1089017 , -0.14459473, -0.15239929, -0.16815229,
         -0.1859857 , -0.19711013, -0.18227306, -0.16970174,
         -0.1268547 , -0.09625364, -0.1054175 , -0.15126435,
         -0.17650801]]], dtype=float32), reward=1), transition(observation=array([[ 0.7596133 , -0.10836704, -0.19304419,  0.03290487,  0.01035761,
         0.16706692,  0.09073154,  0.45693436,  0.8819944 ,  0.47133785,
         0.06404065, -0.04997239, -0.10775444,  0.00489925,  0.18975638,
        -0.38543367,  0.06384833, -0.13243939, -0.04323102, -0.20126697,
         0.14506763, -0.05526698, -0.05107836,  0.15811351, -0.04944723,
         0.04661975,  0.085337  ,  0.04455368,  0.06415982,  0.0631206 ,
         0.08816241,  0.09547978,  0.03373022,  0.        ]],
      dtype=float32), activation=array([[[18.503914  , -0.10319524, -0.09301326, -0.08207982,
         -0.11371795, -0.14722002, -0.11154053, -0.05301641,
         -0.06194271, -0.11773591, -0.1441981 , -0.13796678,
         -0.10433143, -0.10185424, -0.09162017, -0.0905867 ,
         -0.11516762]]], dtype=float32), h_activation=array([[[-0.02159835,  2.6883235 ,  1.0284878 ,  1.7179176 ,
          2.219238  ,  2.931629  , -0.01782568, -0.03751881,
         -0.00673412,  3.4266248 ]]], dtype=float32), o_activation=array([[[18.503914  , -0.10319524, -0.09301326, -0.08207982,
         -0.11371795, -0.14722002, -0.11154053, -0.05301641,
         -0.06194271, -0.11773591, -0.1441981 , -0.13796678,
         -0.10433143, -0.10185424, -0.09162017, -0.0905867 ,
         -0.11516762]]], dtype=float32), reward=1), transition(observation=array([[ 1.0165353 , -0.04673827,  0.0091976 ,  0.06893656,  0.01211954,
         0.09032493,  0.20125228,  0.7630902 ,  0.67135185,  0.20846352,
         0.20321326, -0.00762489, -0.07052206,  0.09075411, -0.18246995,
        -0.09734174, -0.06324019,  0.1230436 , -0.1588489 ,  0.08421419,
         0.10452652,  0.0545165 , -0.08346003, -0.01911283, -0.09855539,
         0.14475656,  0.01672708,  0.04655026, -0.173879  , -0.11076646,
         0.06791549,  0.01219815, -0.03118667,  0.        ]],
      dtype=float32), activation=array([[[27.707283  , -0.1352076 , -0.131709  , -0.13805133,
         -0.15488477, -0.18881764, -0.17592616, -0.10550034,
         -0.07012915, -0.10640602, -0.17324223, -0.18783754,
         -0.1388618 , -0.1282625 , -0.11758061, -0.13403673,
         -0.16951917]]], dtype=float32), h_activation=array([[[-0.01794398,  1.8574097 ,  1.7904086 ,  2.358445  ,
          2.2218304 ,  2.3265986 , -0.02237506, -0.03237645,
          0.24424088,  4.246935  ]]], dtype=float32), o_activation=array([[[27.707283  , -0.1352076 , -0.131709  , -0.13805133,
         -0.15488477, -0.18881764, -0.17592616, -0.10550034,
         -0.07012915, -0.10640602, -0.17324223, -0.18783754,
         -0.1388618 , -0.1282625 , -0.11758061, -0.13403673,
         -0.16951917]]], dtype=float32), reward=1), transition(observation=array([[ 1.02008867e+00,  9.75126997e-02,  2.22198352e-01,
        -2.23257188e-02,  2.09700227e-01,  4.50676307e-02,
         1.56316638e-01,  7.04810321e-01,  6.33869469e-01,
         4.99969900e-01,  1.83994304e-02,  7.65193626e-02,
         1.23122498e-01, -3.55468988e-02, -1.11287534e-01,
         1.73931971e-01, -3.09294220e-02,  7.10918903e-02,
        -4.12420835e-04,  1.29919454e-01, -4.50527892e-02,
        -3.65174972e-02,  8.95393118e-02, -3.48657258e-02,
         1.64406449e-01, -7.98901320e-02,  3.52548771e-02,
         2.49439087e-02,  1.30014364e-02, -6.68051541e-02,
        -6.05816059e-02,  8.79488960e-02,  1.19399995e-01,
         0.00000000e+00]], dtype=float32), activation=array([[[31.520424  , -0.16766964, -0.14559327, -0.1390609 ,
         -0.18217286, -0.2213821 , -0.18120459, -0.10001552,
         -0.09870434, -0.14951864, -0.2015002 , -0.20614566,
         -0.16672292, -0.17454246, -0.15558437, -0.16517112,
         -0.19753057]]], dtype=float32), h_activation=array([[[-0.01284598,  2.1664205 ,  1.6375818 ,  2.6840658 ,
          2.2495975 ,  3.41965   , -0.01120687, -0.02252421,
          0.09262332,  6.0256963 ]]], dtype=float32), o_activation=array([[[31.520424  , -0.16766964, -0.14559327, -0.1390609 ,
         -0.18217286, -0.2213821 , -0.18120459, -0.10001552,
         -0.09870434, -0.14951864, -0.2015002 , -0.20614566,
         -0.16672292, -0.17454246, -0.15558437, -0.16517112,
         -0.19753057]]], dtype=float32), reward=1), transition(observation=array([[ 1.0910461 ,  0.04443336, -0.08176453,  0.05460622,  0.06792739,
         0.05138412,  0.33335215,  0.45515126,  0.5884135 ,  0.434517  ,
        -0.01122059, -0.0573681 , -0.03686813,  0.06949448,  0.04734131,
        -0.09242008,  0.01812623, -0.04753536,  0.06342251,  0.09437986,
        -0.06103662, -0.02866368, -0.08136605, -0.00646658,  0.06456896,
         0.13430868,  0.069547  ,  0.02202026, -0.1058396 ,  0.07004026,
        -0.06256805, -0.1583358 ,  0.16621846,  0.        ]],
      dtype=float32), activation=array([[[28.645409  , -0.13424943, -0.12061675, -0.13508725,
         -0.18304566, -0.22950806, -0.1884345 , -0.07078864,
         -0.03757737, -0.11990709, -0.19065261, -0.18229869,
         -0.146761  , -0.19720747, -0.16598521, -0.14865693,
         -0.17277138]]], dtype=float32), h_activation=array([[[-1.3870961e-02,  2.6370385e+00,  2.0740111e+00,  1.9631164e+00,
          2.6646850e+00,  3.2421248e+00, -1.2484389e-02, -2.2123439e-02,
         -1.5817371e-03,  5.8467336e+00]]], dtype=float32), o_activation=array([[[28.645409  , -0.13424943, -0.12061675, -0.13508725,
         -0.18304566, -0.22950806, -0.1884345 , -0.07078864,
         -0.03757737, -0.11990709, -0.19065261, -0.18229869,
         -0.146761  , -0.19720747, -0.16598521, -0.14865693,
         -0.17277138]]], dtype=float32), reward=1), transition(observation=array([[0., 0., 0., 0., 0., 0., 0., 0., 0., 0., 0., 0., 0., 0., 0., 0.,
        0., 0., 0., 0., 0., 0., 0., 0., 0., 0., 0., 0., 0., 0., 0., 0.,
        0., 0.]], dtype=float32), activation=array([[[-1.0441581e-01,  2.7610140e+00,  1.3458824e+00, -1.3521852e-02,
         -2.8052496e-02, -5.4612249e-02, -2.6956724e-03,  1.2085535e+01,
          1.6729805e+01,  7.2570438e+00, -2.9452734e-02, -3.3689816e-02,
         -1.6231579e-03, -4.5200057e-02, -2.3402557e-02,  1.4258170e+00,
          1.6149154e+00]]], dtype=float32), h_activation=array([[[ 2.4218547e-01,  2.4147577e+00,  1.7256532e+00,  1.8553677e+00,
          2.2117922e+00,  2.9354663e+00, -2.0698446e-03,  4.6261802e-01,
          4.0309289e-01,  4.7087588e+00]]], dtype=float32), o_activation=array([[[-1.0441581e-01,  2.7610140e+00,  1.3458824e+00, -1.3521852e-02,
         -2.8052496e-02, -5.4612249e-02, -2.6956724e-03,  1.2085535e+01,
          1.6729805e+01,  7.2570438e+00, -2.9452734e-02, -3.3689816e-02,
         -1.6231579e-03, -4.5200057e-02, -2.3402557e-02,  1.4258170e+00,
          1.6149154e+00]]], dtype=float32), reward=1), transition(observation=array([[0., 0., 0., 0., 0., 0., 0., 0., 0., 0., 0., 0., 0., 0., 0., 0.,
        0., 0., 0., 0., 0., 0., 0., 0., 0., 0., 0., 0., 0., 0., 0., 0.,
        0., 0.]], dtype=float32), activation=array([[[-1.0163465e-01,  1.7616692e+00,  1.1315712e+00, -6.8191527e-03,
         -1.5490240e-02, -3.4273673e-02,  6.9594979e-01,  9.5503931e+00,
          1.3070254e+01,  5.1727009e+00, -2.7076891e-02, -2.6843868e-02,
         -2.6634394e-04, -3.1700678e-02, -1.3014408e-02,  1.2135372e+00,
          7.3570776e-01]]], dtype=float32), h_activation=array([[[ 3.9827716e-01,  2.2351847e+00,  1.4838426e+00,  1.7688341e+00,
          1.8355392e+00,  2.6593285e+00, -1.4502238e-03,  7.8910911e-01,
          6.7510915e-01,  3.8301628e+00]]], dtype=float32), o_activation=array([[[-1.0163465e-01,  1.7616692e+00,  1.1315712e+00, -6.8191527e-03,
         -1.5490240e-02, -3.4273673e-02,  6.9594979e-01,  9.5503931e+00,
          1.3070254e+01,  5.1727009e+00, -2.7076891e-02, -2.6843868e-02,
         -2.6634394e-04, -3.1700678e-02, -1.3014408e-02,  1.2135372e+00,
          7.3570776e-01]]], dtype=float32), reward=1)], success=True), configuration(episode=17, buffer=[transition(observation=array([[1., 0., 0., 0., 0., 0., 0., 0., 0., 0., 0., 0., 0., 0., 0., 0.,
        0., 0., 0., 0., 0., 0., 0., 0., 0., 0., 0., 0., 0., 0., 0., 0.,
        0., 0.]], dtype=float32), activation=array([[[21.951925  , -0.16273472, -0.09903108, -0.06986514,
         -0.08627328, -0.08463791, -0.07808341, -0.07997513,
         -0.07514796, -0.08803788, -0.13114357, -0.16107212,
         -0.12245279, -0.08242273, -0.10989129, -0.17945905,
         -0.20810315]]], dtype=float32), h_activation=array([[[ 0.65741384,  1.0077157 ,  0.8094139 ,  1.0622857 ,
          0.5178273 ,  0.82935977, -0.00975731,  0.98335665,
          0.01363628,  0.61610925]]], dtype=float32), o_activation=array([[[21.951925  , -0.16273472, -0.09903108, -0.06986514,
         -0.08627328, -0.08463791, -0.07808341, -0.07997513,
         -0.07514796, -0.08803788, -0.13114357, -0.16107212,
         -0.12245279, -0.08242273, -0.10989129, -0.17945905,
         -0.20810315]]], dtype=float32), reward=1), transition(observation=array([[1., 0., 0., 0., 0., 0., 0., 0., 0., 0., 0., 0., 0., 0., 0., 0.,
        0., 0., 0., 0., 0., 0., 0., 0., 0., 0., 0., 0., 0., 0., 0., 0.,
        0., 0.]], dtype=float32), activation=array([[[21.146324  , -0.14792708, -0.104919  , -0.07433729,
         -0.07984799, -0.09023384, -0.08298661, -0.07847466,
         -0.07545355, -0.10006521, -0.13596888, -0.15759169,
         -0.1181853 , -0.08480775, -0.10400171, -0.15609512,
         -0.1784867 ]]], dtype=float32), h_activation=array([[[ 1.211765  ,  1.7285006 ,  1.2898107 ,  1.7559597 ,
          1.0133047 ,  1.457543  , -0.00780531,  1.724515  ,
          0.25897866,  1.0671432 ]]], dtype=float32), o_activation=array([[[21.146324  , -0.14792708, -0.104919  , -0.07433729,
         -0.07984799, -0.09023384, -0.08298661, -0.07847466,
         -0.07545355, -0.10006521, -0.13596888, -0.15759169,
         -0.1181853 , -0.08480775, -0.10400171, -0.15609512,
         -0.1784867 ]]], dtype=float32), reward=1), transition(observation=array([[1., 0., 0., 0., 0., 0., 0., 0., 0., 0., 0., 0., 0., 0., 0., 0.,
        0., 0., 0., 0., 0., 0., 0., 0., 0., 0., 0., 0., 0., 0., 0., 0.,
        0., 0.]], dtype=float32), activation=array([[[20.430962  , -0.13669364, -0.10844178, -0.08017697,
         -0.07913208, -0.09574541, -0.08695398, -0.0815801 ,
         -0.079727  , -0.10858901, -0.1358045 , -0.15104309,
         -0.11423667, -0.08659025, -0.09905452, -0.14056572,
         -0.15914483]]], dtype=float32), h_activation=array([[[ 1.6570485 ,  2.2222865 ,  1.5444682 ,  2.1770654 ,
          1.4570724 ,  1.9150693 , -0.00590907,  2.2735069 ,
          0.62183607,  1.3858216 ]]], dtype=float32), o_activation=array([[[20.430962  , -0.13669364, -0.10844178, -0.08017697,
         -0.07913208, -0.09574541, -0.08695398, -0.0815801 ,
         -0.079727  , -0.10858901, -0.1358045 , -0.15104309,
         -0.11423667, -0.08659025, -0.09905452, -0.14056572,
         -0.15914483]]], dtype=float32), reward=1), transition(observation=array([[ 0.9506983 ,  0.00868106, -0.1407221 ,  0.13839   ,  0.0818838 ,
         0.3671238 ,  0.40606645,  0.45204818,  0.49755642,  0.22367655,
         0.01127911, -0.10834818,  0.06097893, -0.0195303 ,  0.0236901 ,
         0.08617224, -0.11475145,  0.07565609,  0.19304962,  0.10127989,
         0.13889368, -0.03962701,  0.09210338, -0.00502753,  0.17207453,
        -0.20311087,  0.09703403, -0.06342776,  0.0103803 ,  0.01095117,
        -0.1164792 , -0.05606343, -0.02617832,  0.        ]],
      dtype=float32), activation=array([[[27.178032  , -0.13147132, -0.11517543, -0.10110405,
         -0.13190952, -0.17214824, -0.16436583, -0.15726261,
         -0.15411127, -0.16540998, -0.16070059, -0.15864253,
         -0.12220131, -0.09275602, -0.09773558, -0.1403507 ,
         -0.16274227]]], dtype=float32), h_activation=array([[[-0.00575707,  2.6826622 ,  1.5512209 ,  1.62238   ,
          0.45551023,  1.8275257 , -0.01364204,  0.18298948,
          0.69938695,  1.4603175 ]]], dtype=float32), o_activation=array([[[27.178032  , -0.13147132, -0.11517543, -0.10110405,
         -0.13190952, -0.17214824, -0.16436583, -0.15726261,
         -0.15411127, -0.16540998, -0.16070059, -0.15864253,
         -0.12220131, -0.09275602, -0.09773558, -0.1403507 ,
         -0.16274227]]], dtype=float32), reward=1), transition(observation=array([[ 0.9141932 ,  0.01049524,  0.1237422 ,  0.09156575, -0.08933078,
         0.0286223 ,  0.49291998,  0.4920535 ,  0.39489388,  0.2636357 ,
         0.04796534,  0.09274023,  0.27698007, -0.0633751 ,  0.05162992,
        -0.06383672, -0.12522529,  0.06494794, -0.12716614, -0.01343728,
         0.09279519, -0.19320817,  0.05885028, -0.07528443,  0.01405532,
        -0.01291591,  0.01567319, -0.13215452,  0.01418669, -0.00100227,
         0.06049904, -0.03066929, -0.03811709,  0.        ]],
      dtype=float32), activation=array([[[25.623783  , -0.14688669, -0.14388376, -0.11937071,
         -0.10965607, -0.12125429, -0.12515259, -0.10742795,
         -0.09660119, -0.12575293, -0.17996985, -0.19094054,
         -0.15402375, -0.1316758 , -0.12854624, -0.13648929,
         -0.15445457]]], dtype=float32), h_activation=array([[[-0.01356013,  1.2621307 ,  1.8536    ,  1.3036027 ,
          0.6367738 ,  2.237405  , -0.01783164, -0.01558775,
          1.7911881 ,  2.4186919 ]]], dtype=float32), o_activation=array([[[25.623783  , -0.14688669, -0.14388376, -0.11937071,
         -0.10965607, -0.12125429, -0.12515259, -0.10742795,
         -0.09660119, -0.12575293, -0.17996985, -0.19094054,
         -0.15402375, -0.1316758 , -0.12854624, -0.13648929,
         -0.15445457]]], dtype=float32), reward=1), transition(observation=array([[ 0.9404806 , -0.05230768, -0.05761623,  0.08581696,  0.06142067,
         0.3506729 ,  0.2659696 ,  0.33038193,  0.35985792,  0.29551607,
         0.02023406,  0.17818955, -0.05697503,  0.04740711, -0.04425235,
        -0.03242854,  0.17192586, -0.11497971,  0.06061622, -0.1023154 ,
         0.07424143,  0.02432144,  0.0523102 ,  0.01426316, -0.06564682,
         0.06535785,  0.03499221,  0.05105232, -0.0858846 ,  0.1181215 ,
         0.22581592, -0.01911927,  0.06430482,  0.        ]],
      dtype=float32), activation=array([[[25.321232  , -0.14337943, -0.13081837, -0.13961348,
         -0.17324467, -0.16254114, -0.12113275, -0.08539432,
         -0.08953394, -0.14551564, -0.18355311, -0.1625044 ,
         -0.12830095, -0.14084896, -0.14007184, -0.14888702,
         -0.17257465]]], dtype=float32), h_activation=array([[[-0.00670351,  2.5221303 ,  2.102657  ,  1.6364468 ,
          0.4045362 ,  2.3350792 , -0.01230136, -0.01138588,
          2.106121  ,  2.803131  ]]], dtype=float32), o_activation=array([[[25.321232  , -0.14337943, -0.13081837, -0.13961348,
         -0.17324467, -0.16254114, -0.12113275, -0.08539432,
         -0.08953394, -0.14551564, -0.18355311, -0.1625044 ,
         -0.12830095, -0.14084896, -0.14007184, -0.14888702,
         -0.17257465]]], dtype=float32), reward=1), transition(observation=array([[ 1.079037  ,  0.14730787, -0.06738772,  0.04332972,  0.11424474,
         0.08233742,  0.48231   ,  0.5645772 ,  0.35474923,  0.30605042,
         0.05584683,  0.15439434, -0.00403223,  0.01085803, -0.13574927,
        -0.05184503,  0.04047371,  0.05050196, -0.13815857,  0.11981058,
        -0.23401973,  0.04433873, -0.03522905, -0.00534278, -0.05296   ,
        -0.07161941,  0.06876064, -0.12337407,  0.15378943, -0.20623723,
        -0.10375419,  0.09947619, -0.02743217,  0.        ]],
      dtype=float32), activation=array([[[29.042198  , -0.15749237, -0.16067697, -0.15888329,
         -0.16627285, -0.15908666, -0.13766658, -0.11489478,
         -0.11246894, -0.15626234, -0.19850853, -0.17984696,
         -0.14807326, -0.16823857, -0.15847468, -0.15671784,
         -0.17739692]]], dtype=float32), h_activation=array([[[-0.00859602,  2.690736  ,  3.4320238 ,  2.0282874 ,
          0.627679  ,  1.9101546 , -0.0187372 , -0.01978345,
          2.8832698 ,  3.5591702 ]]], dtype=float32), o_activation=array([[[29.042198  , -0.15749237, -0.16067697, -0.15888329,
         -0.16627285, -0.15908666, -0.13766658, -0.11489478,
         -0.11246894, -0.15626234, -0.19850853, -0.17984696,
         -0.14807326, -0.16823857, -0.15847468, -0.15671784,
         -0.17739692]]], dtype=float32), reward=1), transition(observation=array([[ 9.79221404e-01,  7.91622177e-02,  3.14150043e-02,
         3.84914353e-02,  4.01473828e-02,  2.18606874e-01,
         3.88284385e-01,  3.80153149e-01,  4.09807831e-01,
         3.39136839e-01,  1.03687972e-01,  5.98678589e-02,
         6.74602240e-02, -3.45701836e-02, -1.16121911e-01,
         1.25855105e-02, -2.01218650e-02, -1.44487228e-02,
        -5.41797560e-03,  2.03207672e-01, -6.58753216e-02,
        -5.69162108e-02,  1.48252705e-02, -1.43780351e-01,
         2.52512276e-01,  8.37490521e-03,  4.64702171e-04,
        -5.20646907e-02,  4.25991304e-02,  5.63713200e-02,
         1.56456381e-02, -1.11393258e-01, -6.74915761e-02,
         0.00000000e+00]], dtype=float32), activation=array([[[24.632776  , -0.12631717, -0.14427018, -0.14981757,
         -0.16460878, -0.14883375, -0.10401714, -0.07245149,
         -0.09748299, -0.16047613, -0.19395791, -0.16989197,
         -0.14428867, -0.17591934, -0.16169018, -0.13958381,
         -0.13935202]]], dtype=float32), h_activation=array([[[-0.00988938,  3.108174  ,  3.1622128 ,  1.506341  ,
          0.7711531 ,  1.9505193 , -0.01317313, -0.01690126,
          3.276755  ,  4.1803074 ]]], dtype=float32), o_activation=array([[[24.632776  , -0.12631717, -0.14427018, -0.14981757,
         -0.16460878, -0.14883375, -0.10401714, -0.07245149,
         -0.09748299, -0.16047613, -0.19395791, -0.16989197,
         -0.14428867, -0.17591934, -0.16169018, -0.13958381,
         -0.13935202]]], dtype=float32), reward=1), transition(observation=array([[0., 0., 0., 0., 0., 0., 0., 0., 0., 0., 0., 0., 0., 0., 0., 0.,
        0., 0., 0., 0., 0., 0., 0., 0., 0., 0., 0., 0., 0., 0., 0., 0.,
        0., 0.]], dtype=float32), activation=array([[[-1.3121052e-01,  2.7666521e+00, -6.0736369e-03, -2.6288651e-02,
         -6.1534881e-03,  3.0347285e+00,  7.4343081e+00,  1.0180977e+01,
          9.3283396e+00,  1.7775089e+00, -3.0483562e-02, -7.9018213e-03,
         -4.9449401e-03, -6.4451471e-02, -4.9007405e-02,  5.6541824e-01,
          2.9017854e+00]]], dtype=float32), h_activation=array([[[ 1.7117026e-01,  2.7159457e+00,  2.6187646e+00,  1.4567318e+00,
          7.1307957e-01,  1.8928157e+00, -2.1735835e-03,  3.6789262e-01,
          2.6805365e+00,  3.3808892e+00]]], dtype=float32), o_activation=array([[[-1.3121052e-01,  2.7666521e+00, -6.0736369e-03, -2.6288651e-02,
         -6.1534881e-03,  3.0347285e+00,  7.4343081e+00,  1.0180977e+01,
          9.3283396e+00,  1.7775089e+00, -3.0483562e-02, -7.9018213e-03,
         -4.9449401e-03, -6.4451471e-02, -4.9007405e-02,  5.6541824e-01,
          2.9017854e+00]]], dtype=float32), reward=0), transition(observation=array([[0., 0., 0., 0., 0., 0., 0., 0., 0., 0., 0., 0., 0., 0., 0., 0.,
        0., 0., 0., 0., 0., 0., 0., 0., 0., 0., 0., 0., 0., 0., 0., 0.,
        0., 0.]], dtype=float32), activation=array([[[-1.19755454e-01,  1.68640709e+00, -4.06746008e-03,
         -1.50920963e-02,  2.44017363e-01,  2.99651146e+00,
          6.50194550e+00,  8.38117027e+00,  7.76241493e+00,
          1.15065801e+00, -3.01686469e-02, -1.10983057e-02,
         -2.89120479e-03, -4.39996272e-02, -3.28206904e-02,
          4.45919037e-01,  1.70153093e+00]]], dtype=float32), h_activation=array([[[ 2.9632270e-01,  2.4422300e+00,  2.2306845e+00,  1.4525833e+00,
          6.4936882e-01,  1.8335183e+00, -1.9725612e-03,  6.5055680e-01,
          2.2228928e+00,  2.7826653e+00]]], dtype=float32), o_activation=array([[[-1.19755454e-01,  1.68640709e+00, -4.06746008e-03,
         -1.50920963e-02,  2.44017363e-01,  2.99651146e+00,
          6.50194550e+00,  8.38117027e+00,  7.76241493e+00,
          1.15065801e+00, -3.01686469e-02, -1.10983057e-02,
         -2.89120479e-03, -4.39996272e-02, -3.28206904e-02,
          4.45919037e-01,  1.70153093e+00]]], dtype=float32), reward=0)], success=False), configuration(episode=18, buffer=[transition(observation=array([[1., 0., 0., 0., 0., 0., 0., 0., 0., 0., 0., 0., 0., 0., 0., 0.,
        0., 0., 0., 0., 0., 0., 0., 0., 0., 0., 0., 0., 0., 0., 0., 0.,
        0., 0.]], dtype=float32), activation=array([[[21.951925  , -0.16273472, -0.09903108, -0.06986514,
         -0.08627328, -0.08463791, -0.07808341, -0.07997513,
         -0.07514796, -0.08803788, -0.13114357, -0.16107212,
         -0.12245279, -0.08242273, -0.10989129, -0.17945905,
         -0.20810315]]], dtype=float32), h_activation=array([[[ 0.65741384,  1.0077157 ,  0.8094139 ,  1.0622857 ,
          0.5178273 ,  0.82935977, -0.00975731,  0.98335665,
          0.01363628,  0.61610925]]], dtype=float32), o_activation=array([[[21.951925  , -0.16273472, -0.09903108, -0.06986514,
         -0.08627328, -0.08463791, -0.07808341, -0.07997513,
         -0.07514796, -0.08803788, -0.13114357, -0.16107212,
         -0.12245279, -0.08242273, -0.10989129, -0.17945905,
         -0.20810315]]], dtype=float32), reward=1), transition(observation=array([[1., 0., 0., 0., 0., 0., 0., 0., 0., 0., 0., 0., 0., 0., 0., 0.,
        0., 0., 0., 0., 0., 0., 0., 0., 0., 0., 0., 0., 0., 0., 0., 0.,
        0., 0.]], dtype=float32), activation=array([[[21.146324  , -0.14792708, -0.104919  , -0.07433729,
         -0.07984799, -0.09023384, -0.08298661, -0.07847466,
         -0.07545355, -0.10006521, -0.13596888, -0.15759169,
         -0.1181853 , -0.08480775, -0.10400171, -0.15609512,
         -0.1784867 ]]], dtype=float32), h_activation=array([[[ 1.211765  ,  1.7285006 ,  1.2898107 ,  1.7559597 ,
          1.0133047 ,  1.457543  , -0.00780531,  1.724515  ,
          0.25897866,  1.0671432 ]]], dtype=float32), o_activation=array([[[21.146324  , -0.14792708, -0.104919  , -0.07433729,
         -0.07984799, -0.09023384, -0.08298661, -0.07847466,
         -0.07545355, -0.10006521, -0.13596888, -0.15759169,
         -0.1181853 , -0.08480775, -0.10400171, -0.15609512,
         -0.1784867 ]]], dtype=float32), reward=1), transition(observation=array([[1., 0., 0., 0., 0., 0., 0., 0., 0., 0., 0., 0., 0., 0., 0., 0.,
        0., 0., 0., 0., 0., 0., 0., 0., 0., 0., 0., 0., 0., 0., 0., 0.,
        0., 0.]], dtype=float32), activation=array([[[20.430962  , -0.13669364, -0.10844178, -0.08017697,
         -0.07913208, -0.09574541, -0.08695398, -0.0815801 ,
         -0.079727  , -0.10858901, -0.1358045 , -0.15104309,
         -0.11423667, -0.08659025, -0.09905452, -0.14056572,
         -0.15914483]]], dtype=float32), h_activation=array([[[ 1.6570485 ,  2.2222865 ,  1.5444682 ,  2.1770654 ,
          1.4570724 ,  1.9150693 , -0.00590907,  2.2735069 ,
          0.62183607,  1.3858216 ]]], dtype=float32), o_activation=array([[[20.430962  , -0.13669364, -0.10844178, -0.08017697,
         -0.07913208, -0.09574541, -0.08695398, -0.0815801 ,
         -0.079727  , -0.10858901, -0.1358045 , -0.15104309,
         -0.11423667, -0.08659025, -0.09905452, -0.14056572,
         -0.15914483]]], dtype=float32), reward=1), transition(observation=array([[ 0.865405  ,  0.07356319,  0.08011515, -0.15008143,  0.08076403,
         0.15520506, -0.03358454,  0.06346213,  0.03241674,  0.13930242,
         0.02688102,  0.0171821 ,  0.0879601 ,  0.08723599,  0.5987044 ,
         0.45033854,  0.58649737, -0.04297356,  0.12586914,  0.04583768,
         0.01662686,  0.11045718,  0.13193037,  0.03686539,  0.0056249 ,
        -0.0726155 , -0.04787294, -0.01631827,  0.0098158 ,  0.00677728,
         0.18029581, -0.11020492,  0.2380612 ,  0.        ]],
      dtype=float32), activation=array([[[26.215408  , -0.1865673 , -0.14156467, -0.10003298,
         -0.11538225, -0.12467224, -0.11611684, -0.11896403,
         -0.13831635, -0.1656738 , -0.1627577 , -0.1601393 ,
         -0.1555878 , -0.159623  , -0.17598026, -0.22992639,
         -0.23219186]]], dtype=float32), h_activation=array([[[2.0034904, 4.617973 , 2.73965  , 3.3853717, 3.1948273,
         4.501859 , 1.4792376, 5.180722 , 0.9334272, 1.1938257]]],
      dtype=float32), o_activation=array([[[26.215408  , -0.1865673 , -0.14156467, -0.10003298,
         -0.11538225, -0.12467224, -0.11611684, -0.11896403,
         -0.13831635, -0.1656738 , -0.1627577 , -0.1601393 ,
         -0.1555878 , -0.159623  , -0.17598026, -0.22992639,
         -0.23219186]]], dtype=float32), reward=1), transition(observation=array([[ 1.1471363 ,  0.00691541, -0.09310082,  0.16218126,  0.20432064,
         0.19016486, -0.02554628,  0.09413677,  0.06789239, -0.01203913,
         0.03152647,  0.20931748,  0.25186184,  0.2319956 ,  0.45912316,
         0.65545106,  0.40544158, -0.05551946, -0.05866288,  0.11707047,
        -0.05078944,  0.01962193,  0.02682292, -0.05641531, -0.19908354,
        -0.08205207,  0.1208511 ,  0.18286875, -0.05122289,  0.01479182,
         0.15359241, -0.0205595 , -0.06478235,  0.        ]],
      dtype=float32), activation=array([[[35.21976   , -0.18539363, -0.20081426, -0.20027927,
         -0.19126041, -0.1971181 , -0.20455477, -0.21341719,
         -0.19503239, -0.22219498, -0.21919125, -0.21121536,
         -0.20640069, -0.19348425, -0.16716087, -0.1962832 ,
         -0.21142752]]], dtype=float32), h_activation=array([[[3.1706347 , 5.147743  , 3.0364125 , 5.5510855 , 3.4284053 ,
         7.201079  , 2.653836  , 7.357916  , 1.4794706 , 0.12006241]]],
      dtype=float32), o_activation=array([[[35.21976   , -0.18539363, -0.20081426, -0.20027927,
         -0.19126041, -0.1971181 , -0.20455477, -0.21341719,
         -0.19503239, -0.22219498, -0.21919125, -0.21121536,
         -0.20640069, -0.19348425, -0.16716087, -0.1962832 ,
         -0.21142752]]], dtype=float32), reward=1), transition(observation=array([[ 0.98600554,  0.1404884 , -0.01326111, -0.07716699,  0.19418123,
         0.16775835, -0.13515419, -0.14561015, -0.1243517 ,  0.02682194,
        -0.07582762, -0.01934146, -0.01519238,  0.11592063,  0.34533387,
         0.65847844,  0.37933278, -0.03598083,  0.06758367, -0.11064162,
        -0.07428563,  0.11915898,  0.04377934, -0.06512573,  0.01373502,
        -0.1467655 , -0.03645339, -0.01742997,  0.05452495,  0.01022564,
        -0.17102869,  0.10513666,  0.12032221,  0.        ]],
      dtype=float32), activation=array([[[24.719048  , -0.16122477, -0.19550446, -0.17945439,
         -0.13746092, -0.16547498, -0.1896414 , -0.21451616,
         -0.18896398, -0.21047813, -0.15055506, -0.10410263,
         -0.10429139, -0.11329153, -0.07687342, -0.09062616,
         -0.13455583]]], dtype=float32), h_activation=array([[[ 3.7071393e+00,  6.6779041e+00,  3.1696153e+00,  5.9470501e+00,
          3.8588264e+00,  7.9932375e+00,  4.6313624e+00,  9.7046709e+00,
          1.6572891e+00, -1.1513334e-03]]], dtype=float32), o_activation=array([[[24.719048  , -0.16122477, -0.19550446, -0.17945439,
         -0.13746092, -0.16547498, -0.1896414 , -0.21451616,
         -0.18896398, -0.21047813, -0.15055506, -0.10410263,
         -0.10429139, -0.11329153, -0.07687342, -0.09062616,
         -0.13455583]]], dtype=float32), reward=1), transition(observation=array([[ 1.1057317e+00,  2.1266723e-01,  5.6478489e-02, -4.9697336e-02,
         1.1132112e-01,  1.7694236e-01,  1.7222537e-01, -1.2259131e-02,
        -1.8793167e-01, -1.6593222e-04, -1.0782508e-01, -8.9743860e-02,
        -1.4204857e-01,  3.0039331e-01,  3.5474575e-01,  5.0132763e-01,
         3.2915869e-01,  1.0305406e-01, -4.9523246e-02,  1.0212226e-02,
         6.8586320e-02, -4.6978176e-02,  1.2104826e-01,  4.0741194e-02,
        -8.4158532e-02, -1.4733760e-02,  5.3963132e-02,  1.2038528e-02,
         7.6453267e-03, -4.6235390e-02, -8.7929152e-02, -7.4087948e-02,
        -8.8588700e-02,  0.0000000e+00]], dtype=float32), activation=array([[[29.82557   , -0.15415287, -0.2056657 , -0.20255302,
         -0.14339082, -0.19414398, -0.28012943, -0.33749047,
         -0.26187822, -0.23980716, -0.15120268, -0.10269703,
         -0.1109814 , -0.11554634, -0.05528176, -0.05751817,
         -0.1146284 ]]], dtype=float32), h_activation=array([[[ 3.2136736e+00,  6.9800100e+00,  4.6585221e+00,  5.1834836e+00,
          4.3437510e+00,  6.5461431e+00,  5.4072490e+00,  1.1131829e+01,
          2.1883152e+00, -7.4087405e-03]]], dtype=float32), o_activation=array([[[29.82557   , -0.15415287, -0.2056657 , -0.20255302,
         -0.14339082, -0.19414398, -0.28012943, -0.33749047,
         -0.26187822, -0.23980716, -0.15120268, -0.10269703,
         -0.1109814 , -0.11554634, -0.05528176, -0.05751817,
         -0.1146284 ]]], dtype=float32), reward=1), transition(observation=array([[ 0.9744761 , -0.10102875,  0.17564486, -0.11272613, -0.04466265,
         0.04986962,  0.13189231, -0.03430926, -0.1221347 , -0.00162023,
        -0.00458495,  0.16433367,  0.1243009 , -0.01116175,  0.38037637,
         0.7685526 ,  0.48183703,  0.08406974, -0.04850793,  0.07247435,
         0.00814303,  0.2228859 , -0.06130691, -0.1460983 , -0.03774684,
        -0.06689585,  0.14613503, -0.19759607, -0.23029724,  0.02203373,
        -0.09618092, -0.19275783,  0.00562601,  0.        ]],
      dtype=float32), activation=array([[[28.33331   , -0.10412463, -0.15402848, -0.16932312,
         -0.13439798, -0.16548464, -0.25376984, -0.35301113,
         -0.31142855, -0.2919802 , -0.19003631, -0.13780658,
         -0.1410592 , -0.11345745, -0.03846332, -0.04655677,
         -0.08764353]]], dtype=float32), h_activation=array([[[ 2.5310776e+00,  6.2284241e+00,  4.2711601e+00,  6.2349844e+00,
          4.5165658e+00,  8.1895037e+00,  7.2960944e+00,  1.1946436e+01,
          4.3093719e+00, -5.5007553e-03]]], dtype=float32), o_activation=array([[[28.33331   , -0.10412463, -0.15402848, -0.16932312,
         -0.13439798, -0.16548464, -0.25376984, -0.35301113,
         -0.31142855, -0.2919802 , -0.19003631, -0.13780658,
         -0.1410592 , -0.11345745, -0.03846332, -0.04655677,
         -0.08764353]]], dtype=float32), reward=1), transition(observation=array([[0., 0., 0., 0., 0., 0., 0., 0., 0., 0., 0., 0., 0., 0., 0., 0.,
        0., 0., 0., 0., 0., 0., 0., 0., 0., 0., 0., 0., 0., 0., 0., 0.,
        0., 0.]], dtype=float32), activation=array([[[-8.6745299e-02,  7.7720871e+00, -7.7040005e-03, -5.9869755e-02,
         -1.7349329e-02, -5.7806838e-02, -1.4494820e-01, -2.5011808e-01,
         -1.8305276e-01, -1.6436504e-01, -2.6711773e-02,  5.5313506e+00,
          3.2498503e+00,  4.9401650e+00,  1.8523010e+01,  2.5432814e+01,
          1.7002939e+01]]], dtype=float32), h_activation=array([[[ 1.2869742e+00,  4.2870216e+00,  3.4220986e+00,  4.5978389e+00,
          3.3049374e+00,  5.7363100e+00,  6.7136030e+00,  8.5540276e+00,
          3.9982281e+00, -2.4016076e-03]]], dtype=float32), o_activation=array([[[-8.6745299e-02,  7.7720871e+00, -7.7040005e-03, -5.9869755e-02,
         -1.7349329e-02, -5.7806838e-02, -1.4494820e-01, -2.5011808e-01,
         -1.8305276e-01, -1.6436504e-01, -2.6711773e-02,  5.5313506e+00,
          3.2498503e+00,  4.9401650e+00,  1.8523010e+01,  2.5432814e+01,
          1.7002939e+01]]], dtype=float32), reward=1), transition(observation=array([[0., 0., 0., 0., 0., 0., 0., 0., 0., 0., 0., 0., 0., 0., 0., 0.,
        0., 0., 0., 0., 0., 0., 0., 0., 0., 0., 0., 0., 0., 0., 0., 0.,
        0., 0.]], dtype=float32), activation=array([[[-7.6204285e-02,  5.3093328e+00,  3.9268017e-01, -3.3393066e-02,
         -1.7368732e-02, -4.9470916e-02, -1.2102762e-01, -1.9809525e-01,
         -1.3878740e-01, -1.1374648e-01, -1.5170998e-02,  3.6282187e+00,
          1.7774935e+00,  3.0271065e+00,  1.3365865e+01,  1.8915352e+01,
          1.2217142e+01]]], dtype=float32), h_activation=array([[[ 3.7554428e-01,  3.0268929e+00,  3.0457199e+00,  3.6483364e+00,
          2.2606344e+00,  4.0346751e+00,  5.6598516e+00,  6.1053810e+00,
          3.2821162e+00, -1.3546839e-03]]], dtype=float32), o_activation=array([[[-7.6204285e-02,  5.3093328e+00,  3.9268017e-01, -3.3393066e-02,
         -1.7368732e-02, -4.9470916e-02, -1.2102762e-01, -1.9809525e-01,
         -1.3878740e-01, -1.1374648e-01, -1.5170998e-02,  3.6282187e+00,
          1.7774935e+00,  3.0271065e+00,  1.3365865e+01,  1.8915352e+01,
          1.2217142e+01]]], dtype=float32), reward=1)], success=True), configuration(episode=19, buffer=[transition(observation=array([[1., 0., 0., 0., 0., 0., 0., 0., 0., 0., 0., 0., 0., 0., 0., 0.,
        0., 0., 0., 0., 0., 0., 0., 0., 0., 0., 0., 0., 0., 0., 0., 0.,
        0., 0.]], dtype=float32), activation=array([[[21.951925  , -0.16273472, -0.09903108, -0.06986514,
         -0.08627328, -0.08463791, -0.07808341, -0.07997513,
         -0.07514796, -0.08803788, -0.13114357, -0.16107212,
         -0.12245279, -0.08242273, -0.10989129, -0.17945905,
         -0.20810315]]], dtype=float32), h_activation=array([[[ 0.65741384,  1.0077157 ,  0.8094139 ,  1.0622857 ,
          0.5178273 ,  0.82935977, -0.00975731,  0.98335665,
          0.01363628,  0.61610925]]], dtype=float32), o_activation=array([[[21.951925  , -0.16273472, -0.09903108, -0.06986514,
         -0.08627328, -0.08463791, -0.07808341, -0.07997513,
         -0.07514796, -0.08803788, -0.13114357, -0.16107212,
         -0.12245279, -0.08242273, -0.10989129, -0.17945905,
         -0.20810315]]], dtype=float32), reward=1), transition(observation=array([[1., 0., 0., 0., 0., 0., 0., 0., 0., 0., 0., 0., 0., 0., 0., 0.,
        0., 0., 0., 0., 0., 0., 0., 0., 0., 0., 0., 0., 0., 0., 0., 0.,
        0., 0.]], dtype=float32), activation=array([[[21.146324  , -0.14792708, -0.104919  , -0.07433729,
         -0.07984799, -0.09023384, -0.08298661, -0.07847466,
         -0.07545355, -0.10006521, -0.13596888, -0.15759169,
         -0.1181853 , -0.08480775, -0.10400171, -0.15609512,
         -0.1784867 ]]], dtype=float32), h_activation=array([[[ 1.211765  ,  1.7285006 ,  1.2898107 ,  1.7559597 ,
          1.0133047 ,  1.457543  , -0.00780531,  1.724515  ,
          0.25897866,  1.0671432 ]]], dtype=float32), o_activation=array([[[21.146324  , -0.14792708, -0.104919  , -0.07433729,
         -0.07984799, -0.09023384, -0.08298661, -0.07847466,
         -0.07545355, -0.10006521, -0.13596888, -0.15759169,
         -0.1181853 , -0.08480775, -0.10400171, -0.15609512,
         -0.1784867 ]]], dtype=float32), reward=1), transition(observation=array([[1., 0., 0., 0., 0., 0., 0., 0., 0., 0., 0., 0., 0., 0., 0., 0.,
        0., 0., 0., 0., 0., 0., 0., 0., 0., 0., 0., 0., 0., 0., 0., 0.,
        0., 0.]], dtype=float32), activation=array([[[20.430962  , -0.13669364, -0.10844178, -0.08017697,
         -0.07913208, -0.09574541, -0.08695398, -0.0815801 ,
         -0.079727  , -0.10858901, -0.1358045 , -0.15104309,
         -0.11423667, -0.08659025, -0.09905452, -0.14056572,
         -0.15914483]]], dtype=float32), h_activation=array([[[ 1.6570485 ,  2.2222865 ,  1.5444682 ,  2.1770654 ,
          1.4570724 ,  1.9150693 , -0.00590907,  2.2735069 ,
          0.62183607,  1.3858216 ]]], dtype=float32), o_activation=array([[[20.430962  , -0.13669364, -0.10844178, -0.08017697,
         -0.07913208, -0.09574541, -0.08695398, -0.0815801 ,
         -0.079727  , -0.10858901, -0.1358045 , -0.15104309,
         -0.11423667, -0.08659025, -0.09905452, -0.14056572,
         -0.15914483]]], dtype=float32), reward=1), transition(observation=array([[ 0.99168915, -0.065456  , -0.04706903,  0.01222642,  0.08004864,
        -0.05454098,  0.01122957, -0.23063624, -0.02473542,  0.30239904,
         0.40115687,  0.429     ,  0.30616477, -0.04039961,  0.21013717,
         0.38276184,  0.18298607,  0.1972476 ,  0.09818096,  0.01341782,
        -0.05433606, -0.06949259,  0.08398936,  0.19212613, -0.00903575,
         0.12628113,  0.11694361,  0.07843166,  0.08071481, -0.19034886,
         0.1227674 , -0.1237272 , -0.01864545,  0.        ]],
      dtype=float32), activation=array([[[28.36951   , -0.15496647, -0.13456295, -0.10827481,
         -0.12256668, -0.11666601, -0.10352977, -0.10654242,
         -0.13313697, -0.19502762, -0.23743036, -0.23761122,
         -0.19364911, -0.16095385, -0.16025135, -0.18703113,
         -0.19057855]]], dtype=float32), h_activation=array([[[3.4330165 , 3.7415361 , 0.03931063, 4.3179364 , 3.471162  ,
         5.319138  , 1.3871689 , 3.3400922 , 3.1617281 , 1.1463603 ]]],
      dtype=float32), o_activation=array([[[28.36951   , -0.15496647, -0.13456295, -0.10827481,
         -0.12256668, -0.11666601, -0.10352977, -0.10654242,
         -0.13313697, -0.19502762, -0.23743036, -0.23761122,
         -0.19364911, -0.16095385, -0.16025135, -0.18703113,
         -0.19057855]]], dtype=float32), reward=1), transition(observation=array([[ 0.95687306,  0.14022882, -0.10278624, -0.03140457, -0.01216887,
        -0.08013929, -0.19097215,  0.02542247, -0.09732722,  0.01698787,
         0.32429653,  0.4592453 ,  0.21957411,  0.1400832 ,  0.24651848,
         0.4165965 ,  0.20241962, -0.03718062,  0.02557202,  0.01931661,
         0.13509975,  0.02756245,  0.05923306,  0.0531766 , -0.206346  ,
        -0.00732695, -0.16099   , -0.00534699, -0.01620018,  0.03321665,
         0.0644255 , -0.00973406, -0.01285919,  0.        ]],
      dtype=float32), activation=array([[[24.927975  , -0.16620235, -0.17303404, -0.14650916,
         -0.12577198, -0.14366873, -0.16357735, -0.17598349,
         -0.14922775, -0.14401111, -0.1426994 , -0.1428096 ,
         -0.15744823, -0.1679702 , -0.14095782, -0.1445028 ,
         -0.17028648]]], dtype=float32), h_activation=array([[[4.857426  , 4.0113616 , 0.49693263, 6.1441717 , 5.288004  ,
         7.5667524 , 2.1830406 , 4.819891  , 4.9722958 , 1.1680515 ]]],
      dtype=float32), o_activation=array([[[24.927975  , -0.16620235, -0.17303404, -0.14650916,
         -0.12577198, -0.14366873, -0.16357735, -0.17598349,
         -0.14922775, -0.14401111, -0.1426994 , -0.1428096 ,
         -0.15744823, -0.1679702 , -0.14095782, -0.1445028 ,
         -0.17028648]]], dtype=float32), reward=1), transition(observation=array([[ 0.98562306,  0.01464095, -0.01430055,  0.09412054, -0.04503516,
         0.09007474,  0.04625671, -0.0502568 , -0.05634578,  0.01772421,
         0.11979459,  0.27533647,  0.30425584,  0.23742832,  0.2665212 ,
         0.36932293,  0.29000252, -0.03236156,  0.11725784,  0.06450541,
         0.04352438,  0.02160089,  0.05539938,  0.08683203,  0.03349617,
        -0.09044298, -0.06109274,  0.16134529,  0.00604422, -0.00483174,
         0.02735219, -0.02227986, -0.06128802,  0.        ]],
      dtype=float32), activation=array([[[25.404173  , -0.17302598, -0.19984484, -0.18840636,
         -0.18392995, -0.22624439, -0.22388393, -0.22367024,
         -0.18704668, -0.15294825, -0.09739612, -0.0849762 ,
         -0.13330977, -0.16582046, -0.11946449, -0.11182497,
         -0.14876613]]], dtype=float32), h_activation=array([[[5.5181794, 3.4650612, 1.0156779, 6.0585504, 5.543254 ,
         8.478761 , 3.6704006, 6.059285 , 5.8810797, 0.5269112]]],
      dtype=float32), o_activation=array([[[25.404173  , -0.17302598, -0.19984484, -0.18840636,
         -0.18392995, -0.22624439, -0.22388393, -0.22367024,
         -0.18704668, -0.15294825, -0.09739612, -0.0849762 ,
         -0.13330977, -0.16582046, -0.11946449, -0.11182497,
         -0.14876613]]], dtype=float32), reward=1), transition(observation=array([[ 0.8559469 ,  0.0213432 ,  0.05573535, -0.12522127,  0.02006345,
        -0.01478955, -0.19629258, -0.06690732, -0.00228841,  0.1717134 ,
         0.11252134,  0.48719853,  0.08224963, -0.00606912,  0.25602853,
         0.37509984,  0.32493666,  0.02539187,  0.14476892,  0.05144707,
        -0.07428883, -0.05187592,  0.05384345,  0.06942064, -0.08544026,
        -0.04109245, -0.10865014,  0.09419128,  0.07112   ,  0.11268991,
         0.07778747,  0.05180852,  0.24337828,  0.        ]],
      dtype=float32), activation=array([[[21.46558   , -0.13888852, -0.17250368, -0.17198296,
         -0.1718009 , -0.21018308, -0.22238673, -0.261318  ,
         -0.23117068, -0.18851468, -0.09321075, -0.0421809 ,
         -0.07374542, -0.10958799, -0.06770226, -0.05705766,
         -0.10352299]]], dtype=float32), h_activation=array([[[5.382112  , 3.9751115 , 0.33038586, 6.6199026 , 6.1612864 ,
         9.714926  , 5.1415324 , 6.510559  , 6.8173647 , 1.2746927 ]]],
      dtype=float32), o_activation=array([[[21.46558   , -0.13888852, -0.17250368, -0.17198296,
         -0.1718009 , -0.21018308, -0.22238673, -0.261318  ,
         -0.23117068, -0.18851468, -0.09321075, -0.0421809 ,
         -0.07374542, -0.10958799, -0.06770226, -0.05705766,
         -0.10352299]]], dtype=float32), reward=1), transition(observation=array([[ 0.8559228 ,  0.0241987 ,  0.01210884,  0.08714124, -0.1375531 ,
         0.02209652,  0.18252349,  0.03572129, -0.14462161, -0.04088553,
         0.22692357,  0.35750574,  0.32575756,  0.08317185,  0.24147625,
         0.3034677 ,  0.13332522,  0.02095744,  0.00344616, -0.01932809,
         0.0071443 , -0.14926296,  0.04219178, -0.01049132, -0.24797195,
        -0.16441713,  0.04401291, -0.04362816,  0.0394789 , -0.22801435,
         0.00502085,  0.08535744, -0.1180393 ,  0.        ]],
      dtype=float32), activation=array([[[ 2.1777061e+01, -1.2416351e-01, -1.7082985e-01, -1.9616932e-01,
         -2.0112039e-01, -2.5746310e-01, -2.9394674e-01, -3.1233311e-01,
         -2.2179574e-01, -1.5412316e-01, -6.8348937e-02, -2.4744472e-02,
         -8.4011927e-02, -1.4067951e-01, -6.0202200e-02, -1.3653960e-02,
         -7.5830601e-02]]], dtype=float32), h_activation=array([[[4.9594088 , 2.2001    , 0.78383654, 6.4596367 , 5.924769  ,
         9.191247  , 5.558458  , 6.6068573 , 8.448845  , 0.50950044]]],
      dtype=float32), o_activation=array([[[ 2.1777061e+01, -1.2416351e-01, -1.7082985e-01, -1.9616932e-01,
         -2.0112039e-01, -2.5746310e-01, -2.9394674e-01, -3.1233311e-01,
         -2.2179574e-01, -1.5412316e-01, -6.8348937e-02, -2.4744472e-02,
         -8.4011927e-02, -1.4067951e-01, -6.0202200e-02, -1.3653960e-02,
         -7.5830601e-02]]], dtype=float32), reward=1), transition(observation=array([[0., 0., 0., 0., 0., 0., 0., 0., 0., 0., 0., 0., 0., 0., 0., 0.,
        0., 0., 0., 0., 0., 0., 0., 0., 0., 0., 0., 0., 0., 0., 0., 0.,
        0., 0.]], dtype=float32), activation=array([[[-0.10423034,  0.927896  , -0.03489332, -0.07494994,
         -0.09698888, -0.14916782, -0.14974923, -0.1921718 ,
         -0.13828811, -0.05987317,  9.315292  , 16.605549  ,
          9.1074505 ,  2.8328    , 11.066433  , 16.468834  ,
          8.669771  ]]], dtype=float32), h_activation=array([[[3.1512969, 1.0578107, 0.7275683, 4.653935 , 4.2332273,
         6.4094114, 5.6324787, 4.6811304, 6.9971623, 0.2927055]]],
      dtype=float32), o_activation=array([[[-0.10423034,  0.927896  , -0.03489332, -0.07494994,
         -0.09698888, -0.14916782, -0.14974923, -0.1921718 ,
         -0.13828811, -0.05987317,  9.315292  , 16.605549  ,
          9.1074505 ,  2.8328    , 11.066433  , 16.468834  ,
          8.669771  ]]], dtype=float32), reward=1), transition(observation=array([[0., 0., 0., 0., 0., 0., 0., 0., 0., 0., 0., 0., 0., 0., 0., 0.,
        0., 0., 0., 0., 0., 0., 0., 0., 0., 0., 0., 0., 0., 0., 0., 0.,
        0., 0.]], dtype=float32), activation=array([[[-8.45833346e-02,  2.05227137e-01, -1.20768519e-02,
         -3.98092754e-02, -7.51988888e-02, -1.18575148e-01,
         -1.31657526e-01, -1.65694639e-01, -1.12554841e-01,
         -3.98495942e-02,  7.24075937e+00,  1.19360695e+01,
          6.41810989e+00,  1.71151340e+00,  7.94311523e+00,
          1.22783489e+01,  5.88701582e+00]]], dtype=float32), h_activation=array([[[1.7789521 , 0.45474133, 1.0043182 , 3.6246386 , 2.8390303 ,
         4.4656067 , 4.999781  , 3.2837532 , 5.4100156 , 0.18801263]]],
      dtype=float32), o_activation=array([[[-8.45833346e-02,  2.05227137e-01, -1.20768519e-02,
         -3.98092754e-02, -7.51988888e-02, -1.18575148e-01,
         -1.31657526e-01, -1.65694639e-01, -1.12554841e-01,
         -3.98495942e-02,  7.24075937e+00,  1.19360695e+01,
          6.41810989e+00,  1.71151340e+00,  7.94311523e+00,
          1.22783489e+01,  5.88701582e+00]]], dtype=float32), reward=0)], success=False), configuration(episode=20, buffer=[transition(observation=array([[1., 0., 0., 0., 0., 0., 0., 0., 0., 0., 0., 0., 0., 0., 0., 0.,
        0., 0., 0., 0., 0., 0., 0., 0., 0., 0., 0., 0., 0., 0., 0., 0.,
        0., 0.]], dtype=float32), activation=array([[[21.951925  , -0.16273472, -0.09903108, -0.06986514,
         -0.08627328, -0.08463791, -0.07808341, -0.07997513,
         -0.07514796, -0.08803788, -0.13114357, -0.16107212,
         -0.12245279, -0.08242273, -0.10989129, -0.17945905,
         -0.20810315]]], dtype=float32), h_activation=array([[[ 0.65741384,  1.0077157 ,  0.8094139 ,  1.0622857 ,
          0.5178273 ,  0.82935977, -0.00975731,  0.98335665,
          0.01363628,  0.61610925]]], dtype=float32), o_activation=array([[[21.951925  , -0.16273472, -0.09903108, -0.06986514,
         -0.08627328, -0.08463791, -0.07808341, -0.07997513,
         -0.07514796, -0.08803788, -0.13114357, -0.16107212,
         -0.12245279, -0.08242273, -0.10989129, -0.17945905,
         -0.20810315]]], dtype=float32), reward=1), transition(observation=array([[1., 0., 0., 0., 0., 0., 0., 0., 0., 0., 0., 0., 0., 0., 0., 0.,
        0., 0., 0., 0., 0., 0., 0., 0., 0., 0., 0., 0., 0., 0., 0., 0.,
        0., 0.]], dtype=float32), activation=array([[[21.146324  , -0.14792708, -0.104919  , -0.07433729,
         -0.07984799, -0.09023384, -0.08298661, -0.07847466,
         -0.07545355, -0.10006521, -0.13596888, -0.15759169,
         -0.1181853 , -0.08480775, -0.10400171, -0.15609512,
         -0.1784867 ]]], dtype=float32), h_activation=array([[[ 1.211765  ,  1.7285006 ,  1.2898107 ,  1.7559597 ,
          1.0133047 ,  1.457543  , -0.00780531,  1.724515  ,
          0.25897866,  1.0671432 ]]], dtype=float32), o_activation=array([[[21.146324  , -0.14792708, -0.104919  , -0.07433729,
         -0.07984799, -0.09023384, -0.08298661, -0.07847466,
         -0.07545355, -0.10006521, -0.13596888, -0.15759169,
         -0.1181853 , -0.08480775, -0.10400171, -0.15609512,
         -0.1784867 ]]], dtype=float32), reward=1), transition(observation=array([[1., 0., 0., 0., 0., 0., 0., 0., 0., 0., 0., 0., 0., 0., 0., 0.,
        0., 0., 0., 0., 0., 0., 0., 0., 0., 0., 0., 0., 0., 0., 0., 0.,
        0., 0.]], dtype=float32), activation=array([[[20.430962  , -0.13669364, -0.10844178, -0.08017697,
         -0.07913208, -0.09574541, -0.08695398, -0.0815801 ,
         -0.079727  , -0.10858901, -0.1358045 , -0.15104309,
         -0.11423667, -0.08659025, -0.09905452, -0.14056572,
         -0.15914483]]], dtype=float32), h_activation=array([[[ 1.6570485 ,  2.2222865 ,  1.5444682 ,  2.1770654 ,
          1.4570724 ,  1.9150693 , -0.00590907,  2.2735069 ,
          0.62183607,  1.3858216 ]]], dtype=float32), o_activation=array([[[20.430962  , -0.13669364, -0.10844178, -0.08017697,
         -0.07913208, -0.09574541, -0.08695398, -0.0815801 ,
         -0.079727  , -0.10858901, -0.1358045 , -0.15104309,
         -0.11423667, -0.08659025, -0.09905452, -0.14056572,
         -0.15914483]]], dtype=float32), reward=1), transition(observation=array([[ 1.0508422 ,  0.27286348,  0.4990984 ,  0.09540409, -0.24664408,
         0.13644417,  0.46834716,  0.42175326, -0.06650763,  0.06903332,
        -0.19053487,  0.07568441,  0.05585096,  0.07547887,  0.02785844,
         0.07307147,  0.1434291 , -0.070274  ,  0.06227437,  0.03337723,
         0.11068641, -0.1530132 , -0.04197397,  0.05561309, -0.08165982,
        -0.13502201,  0.02514717,  0.0602658 , -0.07646154,  0.13225618,
         0.06271655, -0.10912845,  0.03991029,  0.        ]],
      dtype=float32), activation=array([[[29.961304  , -0.21302791, -0.17494741, -0.13497356,
         -0.1309341 , -0.16236871, -0.16204408, -0.15893039,
         -0.15248871, -0.14570585, -0.14708182, -0.16107151,
         -0.14584783, -0.12225351, -0.12539421, -0.17898399,
         -0.22038227]]], dtype=float32), h_activation=array([[[ 0.86760706,  0.9592431 ,  3.6371725 ,  1.2333794 ,
          1.7375988 ,  0.7858182 , -0.00620279,  3.439623  ,
          2.634518  ,  3.2632709 ]]], dtype=float32), o_activation=array([[[29.961304  , -0.21302791, -0.17494741, -0.13497356,
         -0.1309341 , -0.16236871, -0.16204408, -0.15893039,
         -0.15248871, -0.14570585, -0.14708182, -0.16107151,
         -0.14584783, -0.12225351, -0.12539421, -0.17898399,
         -0.22038227]]], dtype=float32), reward=1), transition(observation=array([[ 0.9395411 ,  0.19751118,  0.47247845,  0.39822385,  0.12404639,
         0.23475643,  0.21287984,  0.33005548,  0.10426433,  0.01232602,
         0.0814288 ,  0.13854738, -0.1682513 , -0.06306586,  0.12190025,
        -0.14272003,  0.02110467, -0.19167513,  0.00619757, -0.1351272 ,
        -0.01689518, -0.08209039,  0.01682223, -0.13453543,  0.06750023,
        -0.04758172, -0.07447623,  0.15689103,  0.0464306 ,  0.10096885,
        -0.10569669, -0.06256855,  0.12099699,  0.        ]],
      dtype=float32), activation=array([[[24.39678   , -0.14744753, -0.12473871, -0.15792486,
         -0.20606978, -0.1765553 , -0.09679741, -0.11137489,
         -0.16619404, -0.21940675, -0.1864791 , -0.15101595,
         -0.14083064, -0.12703088, -0.09700701, -0.13572879,
         -0.17557241]]], dtype=float32), h_activation=array([[[ 0.6212993 ,  0.3441971 ,  2.9452856 ,  1.773196  ,
          1.5020332 , -0.01576122, -0.01399505,  3.9921587 ,
          3.3104324 ,  4.6639853 ]]], dtype=float32), o_activation=array([[[24.39678   , -0.14744753, -0.12473871, -0.15792486,
         -0.20606978, -0.1765553 , -0.09679741, -0.11137489,
         -0.16619404, -0.21940675, -0.1864791 , -0.15101595,
         -0.14083064, -0.12703088, -0.09700701, -0.13572879,
         -0.17557241]]], dtype=float32), reward=1), transition(observation=array([[ 0.9523572 ,  0.3431406 ,  0.34402543,  0.32159758,  0.11021587,
         0.12159614,  0.43293452,  0.23135635,  0.06874328, -0.05090171,
        -0.02930682, -0.06945174, -0.05314259, -0.10032553, -0.01997332,
        -0.111511  , -0.01992059, -0.07101717,  0.02521725,  0.02721757,
        -0.13934357, -0.03943544, -0.03614941,  0.01329179,  0.20815867,
        -0.04729785,  0.18385461, -0.12561376,  0.22300036, -0.00519689,
        -0.05288075, -0.18333611, -0.06123709,  0.        ]],
      dtype=float32), activation=array([[[21.733356  , -0.140983  , -0.07958803, -0.11415026,
         -0.19041684, -0.17701459, -0.09262653, -0.10829102,
         -0.16382839, -0.21179242, -0.15646794, -0.12000253,
         -0.14480685, -0.15624782, -0.09227693, -0.12591732,
         -0.18305305]]], dtype=float32), h_activation=array([[[ 3.99738133e-01, -5.71093522e-04,  3.50616241e+00,
          1.16388869e+00,  8.25330019e-01, -2.34987661e-02,
         -1.04320785e-02,  4.10047722e+00,  3.77388000e+00,
          5.54228973e+00]]], dtype=float32), o_activation=array([[[21.733356  , -0.140983  , -0.07958803, -0.11415026,
         -0.19041684, -0.17701459, -0.09262653, -0.10829102,
         -0.16382839, -0.21179242, -0.15646794, -0.12000253,
         -0.14480685, -0.15624782, -0.09227693, -0.12591732,
         -0.18305305]]], dtype=float32), reward=1), transition(observation=array([[ 1.1082306 ,  0.20704427,  0.48720458,  0.21621488,  0.13047706,
         0.21804802,  0.40015173,  0.17364168,  0.16251074, -0.0375424 ,
         0.14830214, -0.05970318, -0.00333028,  0.03007433, -0.160289  ,
         0.04994542,  0.11022295,  0.11207794, -0.03871067, -0.15861064,
        -0.01528875,  0.09251501, -0.09920864,  0.04017911,  0.00522016,
        -0.19761704, -0.02124697, -0.03969523,  0.09283504,  0.11851613,
        -0.05042883, -0.02481587,  0.17819972,  0.        ]],
      dtype=float32), activation=array([[[28.054234  , -0.15742496, -0.09149051, -0.1452918 ,
         -0.23199058, -0.19128837, -0.10192398, -0.12839398,
         -0.1966356 , -0.27538946, -0.22228767, -0.15569226,
         -0.17345716, -0.21024905, -0.14397712, -0.16085231,
         -0.21507993]]], dtype=float32), h_activation=array([[[ 6.6298419e-01,  1.7188701e-01,  3.7409182e+00,  9.9439728e-01,
          6.7629302e-01, -1.6654260e-02, -3.9027429e-03,  4.2706442e+00,
          4.4210482e+00,  6.3079782e+00]]], dtype=float32), o_activation=array([[[28.054234  , -0.15742496, -0.09149051, -0.1452918 ,
         -0.23199058, -0.19128837, -0.10192398, -0.12839398,
         -0.1966356 , -0.27538946, -0.22228767, -0.15569226,
         -0.17345716, -0.21024905, -0.14397712, -0.16085231,
         -0.21507993]]], dtype=float32), reward=1), transition(observation=array([[ 1.0834334e+00,  2.0112166e-01,  4.1091737e-01,  4.8770180e-01,
         1.2191767e-01,  2.6248392e-01,  3.4941435e-01,  2.6435586e-02,
         8.9303382e-02,  1.9258946e-02,  1.9438291e-02, -1.0005718e-01,
        -7.7803306e-02,  2.1018070e-01, -1.6887026e-02, -2.6623694e-02,
        -2.4997471e-03,  6.6276953e-02,  6.9958217e-02, -3.6832992e-02,
        -5.7133771e-02, -2.5374642e-02, -4.7798208e-03, -6.8767957e-02,
         9.7070992e-02,  7.8174770e-02,  2.5232006e-02, -1.1516788e-01,
        -1.5284209e-01, -1.7749019e-02,  3.8386632e-02,  3.9084750e-04,
        -7.5404868e-02,  0.0000000e+00]], dtype=float32), activation=array([[[25.058325  , -0.13863204, -0.08697901, -0.15788898,
         -0.23696336, -0.17815487, -0.08492134, -0.11711361,
         -0.18106878, -0.26896697, -0.2142706 , -0.1373601 ,
         -0.16846885, -0.23176387, -0.16047579, -0.15869546,
         -0.1965253 ]]], dtype=float32), h_activation=array([[[ 1.1849756e+00, -1.0629797e-03,  3.3774621e+00,  2.4720430e-01,
          6.1014426e-01, -2.4389867e-02, -1.7812842e-03,  5.0442905e+00,
          3.7221720e+00,  5.9299779e+00]]], dtype=float32), o_activation=array([[[25.058325  , -0.13863204, -0.08697901, -0.15788898,
         -0.23696336, -0.17815487, -0.08492134, -0.11711361,
         -0.18106878, -0.26896697, -0.2142706 , -0.1373601 ,
         -0.16846885, -0.23176387, -0.16047579, -0.15869546,
         -0.1965253 ]]], dtype=float32), reward=1), transition(observation=array([[0., 0., 0., 0., 0., 0., 0., 0., 0., 0., 0., 0., 0., 0., 0., 0.,
        0., 0., 0., 0., 0., 0., 0., 0., 0., 0., 0., 0., 0., 0., 0., 0.,
        0., 0.]], dtype=float32), activation=array([[[-1.18256815e-01,  7.11065865e+00,  1.22085857e+01,
          5.33506393e+00, -2.56624781e-02,  1.62118316e+00,
          8.19220829e+00,  1.76525950e+00, -4.30322364e-02,
         -1.47844598e-01, -9.57698449e-02,  7.25030899e-03,
         -9.00696684e-03, -6.26817420e-02, -3.41573358e-03,
          1.48950529e+00,  2.32905865e-01]]], dtype=float32), h_activation=array([[[0.9553856 , 0.33045354, 2.6400087 , 0.14472091, 0.70259464,
         0.16661838, 0.27172875, 3.9499476 , 3.2677104 , 4.437093  ]]],
      dtype=float32), o_activation=array([[[-1.18256815e-01,  7.11065865e+00,  1.22085857e+01,
          5.33506393e+00, -2.56624781e-02,  1.62118316e+00,
          8.19220829e+00,  1.76525950e+00, -4.30322364e-02,
         -1.47844598e-01, -9.57698449e-02,  7.25030899e-03,
         -9.00696684e-03, -6.26817420e-02, -3.41573358e-03,
          1.48950529e+00,  2.32905865e-01]]], dtype=float32), reward=1), transition(observation=array([[0., 0., 0., 0., 0., 0., 0., 0., 0., 0., 0., 0., 0., 0., 0., 0.,
        0., 0., 0., 0., 0., 0., 0., 0., 0., 0., 0., 0., 0., 0., 0., 0.,
        0., 0.]], dtype=float32), activation=array([[[-1.0752638e-01,  4.9462910e+00,  9.2492104e+00,  4.1222382e+00,
         -1.7556634e-02,  1.8028024e+00,  6.5832729e+00,  9.7319937e-01,
         -3.1780947e-02, -1.0649347e-01, -7.1827650e-02, -4.1772579e-03,
         -7.0077819e-03, -3.9563261e-02,  1.4400136e-01,  5.7847929e-01,
         -7.2330376e-03]]], dtype=float32), h_activation=array([[[0.74584794, 0.5989288 , 2.1825755 , 0.20801204, 0.67543614,
         0.32749328, 0.3414188 , 3.1497235 , 2.772288  , 3.3627498 ]]],
      dtype=float32), o_activation=array([[[-1.0752638e-01,  4.9462910e+00,  9.2492104e+00,  4.1222382e+00,
         -1.7556634e-02,  1.8028024e+00,  6.5832729e+00,  9.7319937e-01,
         -3.1780947e-02, -1.0649347e-01, -7.1827650e-02, -4.1772579e-03,
         -7.0077819e-03, -3.9563261e-02,  1.4400136e-01,  5.7847929e-01,
         -7.2330376e-03]]], dtype=float32), reward=1)], success=True), configuration(episode=21, buffer=[transition(observation=array([[1., 0., 0., 0., 0., 0., 0., 0., 0., 0., 0., 0., 0., 0., 0., 0.,
        0., 0., 0., 0., 0., 0., 0., 0., 0., 0., 0., 0., 0., 0., 0., 0.,
        0., 0.]], dtype=float32), activation=array([[[21.951925  , -0.16273472, -0.09903108, -0.06986514,
         -0.08627328, -0.08463791, -0.07808341, -0.07997513,
         -0.07514796, -0.08803788, -0.13114357, -0.16107212,
         -0.12245279, -0.08242273, -0.10989129, -0.17945905,
         -0.20810315]]], dtype=float32), h_activation=array([[[ 0.65741384,  1.0077157 ,  0.8094139 ,  1.0622857 ,
          0.5178273 ,  0.82935977, -0.00975731,  0.98335665,
          0.01363628,  0.61610925]]], dtype=float32), o_activation=array([[[21.951925  , -0.16273472, -0.09903108, -0.06986514,
         -0.08627328, -0.08463791, -0.07808341, -0.07997513,
         -0.07514796, -0.08803788, -0.13114357, -0.16107212,
         -0.12245279, -0.08242273, -0.10989129, -0.17945905,
         -0.20810315]]], dtype=float32), reward=1), transition(observation=array([[1., 0., 0., 0., 0., 0., 0., 0., 0., 0., 0., 0., 0., 0., 0., 0.,
        0., 0., 0., 0., 0., 0., 0., 0., 0., 0., 0., 0., 0., 0., 0., 0.,
        0., 0.]], dtype=float32), activation=array([[[21.146324  , -0.14792708, -0.104919  , -0.07433729,
         -0.07984799, -0.09023384, -0.08298661, -0.07847466,
         -0.07545355, -0.10006521, -0.13596888, -0.15759169,
         -0.1181853 , -0.08480775, -0.10400171, -0.15609512,
         -0.1784867 ]]], dtype=float32), h_activation=array([[[ 1.211765  ,  1.7285006 ,  1.2898107 ,  1.7559597 ,
          1.0133047 ,  1.457543  , -0.00780531,  1.724515  ,
          0.25897866,  1.0671432 ]]], dtype=float32), o_activation=array([[[21.146324  , -0.14792708, -0.104919  , -0.07433729,
         -0.07984799, -0.09023384, -0.08298661, -0.07847466,
         -0.07545355, -0.10006521, -0.13596888, -0.15759169,
         -0.1181853 , -0.08480775, -0.10400171, -0.15609512,
         -0.1784867 ]]], dtype=float32), reward=1), transition(observation=array([[1., 0., 0., 0., 0., 0., 0., 0., 0., 0., 0., 0., 0., 0., 0., 0.,
        0., 0., 0., 0., 0., 0., 0., 0., 0., 0., 0., 0., 0., 0., 0., 0.,
        0., 0.]], dtype=float32), activation=array([[[20.430962  , -0.13669364, -0.10844178, -0.08017697,
         -0.07913208, -0.09574541, -0.08695398, -0.0815801 ,
         -0.079727  , -0.10858901, -0.1358045 , -0.15104309,
         -0.11423667, -0.08659025, -0.09905452, -0.14056572,
         -0.15914483]]], dtype=float32), h_activation=array([[[ 1.6570485 ,  2.2222865 ,  1.5444682 ,  2.1770654 ,
          1.4570724 ,  1.9150693 , -0.00590907,  2.2735069 ,
          0.62183607,  1.3858216 ]]], dtype=float32), o_activation=array([[[20.430962  , -0.13669364, -0.10844178, -0.08017697,
         -0.07913208, -0.09574541, -0.08695398, -0.0815801 ,
         -0.079727  , -0.10858901, -0.1358045 , -0.15104309,
         -0.11423667, -0.08659025, -0.09905452, -0.14056572,
         -0.15914483]]], dtype=float32), reward=1), transition(observation=array([[ 1.021571  ,  0.03074033,  0.0801598 ,  0.20627421,  0.39221036,
         0.06121807, -0.1544867 , -0.16799057,  0.0555186 , -0.07704789,
        -0.05275324,  0.00114117,  0.04515829,  0.33112168,  0.4569721 ,
         0.14494172,  0.10939627, -0.12472776, -0.16216567, -0.1812768 ,
        -0.00553224, -0.02050406, -0.06953766, -0.19388278,  0.04195465,
        -0.06281777, -0.03332362, -0.02508313, -0.0904606 ,  0.03444294,
         0.14379211, -0.04022782, -0.00128659,  0.        ]],
      dtype=float32), activation=array([[[25.11911   , -0.17313357, -0.16041298, -0.1396154 ,
         -0.13279665, -0.12935755, -0.10782659, -0.10026389,
         -0.10057678, -0.13440567, -0.15544534, -0.16678675,
         -0.16042148, -0.15624143, -0.16428201, -0.19774914,
         -0.19719382]]], dtype=float32), h_activation=array([[[ 3.4112041e+00,  3.0941055e+00,  1.4082618e+00,  3.0492644e+00,
          2.0529201e+00,  2.6691267e+00, -1.1554277e-03,  5.2723017e+00,
         -1.1390380e-02,  6.6134715e-01]]], dtype=float32), o_activation=array([[[25.11911   , -0.17313357, -0.16041298, -0.1396154 ,
         -0.13279665, -0.12935755, -0.10782659, -0.10026389,
         -0.10057678, -0.13440567, -0.15544534, -0.16678675,
         -0.16042148, -0.15624143, -0.16428201, -0.19774914,
         -0.19719382]]], dtype=float32), reward=1), transition(observation=array([[ 1.1606709 ,  0.06238253, -0.02260346,  0.27021894,  0.32616073,
         0.11439743, -0.02892548, -0.10358269,  0.0213805 , -0.02347195,
         0.00858259, -0.1390484 , -0.02888234,  0.34889668,  0.47106296,
         0.41549283, -0.09728179, -0.16300018,  0.05491508, -0.08421399,
         0.02685534, -0.00933716, -0.02029485,  0.05598281, -0.02557807,
        -0.0818178 ,  0.09329972,  0.17546502, -0.24270493,  0.01470681,
         0.02737498,  0.00924008, -0.00527158,  0.        ]],
      dtype=float32), activation=array([[[30.36972   , -0.17541428, -0.16051069, -0.13616319,
         -0.12559032, -0.1475053 , -0.15438244, -0.18719316,
         -0.186645  , -0.20493071, -0.17552137, -0.17273387,
         -0.16003425, -0.13586815, -0.14155182, -0.19836175,
         -0.20931722]]], dtype=float32), h_activation=array([[[ 3.7612162 ,  3.6705744 ,  0.82349694,  3.6330724 ,
          2.7618055 ,  2.9542704 ,  0.5252461 ,  7.6809444 ,
         -0.01055102, -0.00778634]]], dtype=float32), o_activation=array([[[30.36972   , -0.17541428, -0.16051069, -0.13616319,
         -0.12559032, -0.1475053 , -0.15438244, -0.18719316,
         -0.186645  , -0.20493071, -0.17552137, -0.17273387,
         -0.16003425, -0.13586815, -0.14155182, -0.19836175,
         -0.20931722]]], dtype=float32), reward=1), transition(observation=array([[ 0.9173493 , -0.12350781,  0.11041466,  0.3431887 ,  0.22753601,
         0.33029675, -0.05922031,  0.1126387 , -0.07532105,  0.13089217,
         0.09906437, -0.11345427, -0.11091796,  0.27934077,  0.57280695,
         0.19400242,  0.12135862, -0.07623726,  0.04977936,  0.08070694,
         0.03034694, -0.02817561,  0.15519828, -0.04321416, -0.1705139 ,
         0.16125332,  0.07783868, -0.11204764,  0.0112741 , -0.00968797,
        -0.08139583,  0.02840636, -0.13979338,  0.        ]],
      dtype=float32), activation=array([[[25.904629  , -0.14752042, -0.12495424, -0.10914395,
         -0.10549372, -0.13802099, -0.16268143, -0.22999303,
         -0.23010577, -0.22923605, -0.15738611, -0.14663336,
         -0.14609991, -0.08308967, -0.05958961, -0.13466617,
         -0.17289156]]], dtype=float32), h_activation=array([[[ 3.3106403e+00,  3.9187751e+00,  2.7085915e-01,  4.0290823e+00,
          3.4134924e+00,  1.8332350e+00,  1.1966789e+00,  8.7662220e+00,
         -2.6794837e-03, -1.4964200e-02]]], dtype=float32), o_activation=array([[[25.904629  , -0.14752042, -0.12495424, -0.10914395,
         -0.10549372, -0.13802099, -0.16268143, -0.22999303,
         -0.23010577, -0.22923605, -0.15738611, -0.14663336,
         -0.14609991, -0.08308967, -0.05958961, -0.13466617,
         -0.17289156]]], dtype=float32), reward=1), transition(observation=array([[ 0.8948283 ,  0.00912923, -0.14891565,  0.07808953,  0.27665985,
         0.14861241,  0.13058035, -0.21514727,  0.00716708, -0.11477114,
        -0.01861525, -0.0318157 ,  0.09250525,  0.32470855,  0.6086756 ,
         0.2401823 ,  0.1856205 , -0.07800396,  0.13157564,  0.10207678,
         0.00165217,  0.1768097 , -0.08322844, -0.07953185, -0.09073117,
         0.09830362, -0.0450646 , -0.00513495, -0.05238353, -0.19282947,
        -0.08133965,  0.12520552, -0.00218857,  0.        ]],
      dtype=float32), activation=array([[[24.612705  , -0.12930311, -0.07791166, -0.05397513,
         -0.07607543, -0.13092047, -0.16972862, -0.24566995,
         -0.23574458, -0.21253294, -0.12918575, -0.15621361,
         -0.1846227 , -0.10147706, -0.04854972, -0.13158202,
         -0.17513458]]], dtype=float32), h_activation=array([[[ 3.7410586e+00,  4.7115102e+00,  8.1591028e-01,  3.7442966e+00,
          3.6722724e+00,  2.8153563e+00,  1.7064586e+00,  9.9478884e+00,
         -9.2697091e-04, -1.9931059e-02]]], dtype=float32), o_activation=array([[[24.612705  , -0.12930311, -0.07791166, -0.05397513,
         -0.07607543, -0.13092047, -0.16972862, -0.24566995,
         -0.23574458, -0.21253294, -0.12918575, -0.15621361,
         -0.1846227 , -0.10147706, -0.04854972, -0.13158202,
         -0.17513458]]], dtype=float32), reward=1), transition(observation=array([[ 0.95583946,  0.00954757, -0.12569916,  0.18334071,  0.30811113,
         0.12882605,  0.1039509 , -0.12440199,  0.06351474, -0.07789695,
         0.07776974, -0.17797743,  0.09348826,  0.41710687,  0.44728044,
         0.19565207,  0.04652432,  0.07910413,  0.06989862, -0.02183288,
        -0.0797291 ,  0.10540839,  0.08355162, -0.01257853,  0.08865654,
         0.02036623, -0.01747045, -0.06528913, -0.03141203,  0.04016959,
        -0.06962974, -0.04528696, -0.17265527,  0.        ]],
      dtype=float32), activation=array([[[25.866272  , -0.11205742, -0.08974919, -0.0877127 ,
         -0.08948528, -0.13605165, -0.1910043 , -0.28991666,
         -0.26607537, -0.24156421, -0.15135162, -0.15749513,
         -0.17129257, -0.08488928, -0.02669446, -0.10603424,
         -0.15200308]]], dtype=float32), h_activation=array([[[ 4.0209842e+00,  4.7654705e+00,  1.1846533e+00,  3.2724690e+00,
          3.8732808e+00,  2.6183524e+00,  2.0846667e+00,  9.9347343e+00,
         -5.6659780e-03, -2.0529706e-02]]], dtype=float32), o_activation=array([[[25.866272  , -0.11205742, -0.08974919, -0.0877127 ,
         -0.08948528, -0.13605165, -0.1910043 , -0.28991666,
         -0.26607537, -0.24156421, -0.15135162, -0.15749513,
         -0.17129257, -0.08488928, -0.02669446, -0.10603424,
         -0.15200308]]], dtype=float32), reward=1), transition(observation=array([[0., 0., 0., 0., 0., 0., 0., 0., 0., 0., 0., 0., 0., 0., 0., 0.,
        0., 0., 0., 0., 0., 0., 0., 0., 0., 0., 0., 0., 0., 0., 0., 0.,
        0., 0.]], dtype=float32), activation=array([[[-5.8237765e-02,  4.4610205e+00,  5.2602372e+00,  5.6900187e+00,
          7.0871220e+00,  7.9215193e-01, -6.4008810e-02, -1.7840204e-01,
         -1.5370998e-01, -1.1728551e-01, -2.6782189e-02, -2.2099810e-02,
         -3.9606136e-03,  1.0402035e+01,  1.5160964e+01,  8.8354225e+00,
          3.7474103e+00]]], dtype=float32), h_activation=array([[[ 2.9274592e+00,  3.7898064e+00,  7.8750259e-01,  2.4098301e+00,
          3.1439817e+00,  1.9909768e+00,  2.6417165e+00,  7.4873381e+00,
          9.8678935e-01, -1.1531898e-03]]], dtype=float32), o_activation=array([[[-5.8237765e-02,  4.4610205e+00,  5.2602372e+00,  5.6900187e+00,
          7.0871220e+00,  7.9215193e-01, -6.4008810e-02, -1.7840204e-01,
         -1.5370998e-01, -1.1728551e-01, -2.6782189e-02, -2.2099810e-02,
         -3.9606136e-03,  1.0402035e+01,  1.5160964e+01,  8.8354225e+00,
          3.7474103e+00]]], dtype=float32), reward=1), transition(observation=array([[0., 0., 0., 0., 0., 0., 0., 0., 0., 0., 0., 0., 0., 0., 0., 0.,
        0., 0., 0., 0., 0., 0., 0., 0., 0., 0., 0., 0., 0., 0., 0., 0.,
        0., 0.]], dtype=float32), activation=array([[[-5.9233196e-02,  3.1685238e+00,  4.4893894e+00,  4.5505586e+00,
          5.1333332e+00,  5.5338812e-01, -6.2598020e-02, -1.5909517e-01,
         -1.2475220e-01, -7.7295557e-02, -9.0692518e-03, -1.3437771e-02,
         -4.2588515e-03,  7.6096878e+00,  1.1409085e+01,  6.5737500e+00,
          2.2997212e+00]]], dtype=float32), h_activation=array([[[ 2.0003657e+00,  3.0593987e+00,  7.3274225e-01,  1.9387119e+00,
          2.4167821e+00,  1.5262284e+00,  2.6849155e+00,  5.6418152e+00,
          1.3200191e+00, -5.5228232e-04]]], dtype=float32), o_activation=array([[[-5.9233196e-02,  3.1685238e+00,  4.4893894e+00,  4.5505586e+00,
          5.1333332e+00,  5.5338812e-01, -6.2598020e-02, -1.5909517e-01,
         -1.2475220e-01, -7.7295557e-02, -9.0692518e-03, -1.3437771e-02,
         -4.2588515e-03,  7.6096878e+00,  1.1409085e+01,  6.5737500e+00,
          2.2997212e+00]]], dtype=float32), reward=1)], success=True), configuration(episode=22, buffer=[transition(observation=array([[1., 0., 0., 0., 0., 0., 0., 0., 0., 0., 0., 0., 0., 0., 0., 0.,
        0., 0., 0., 0., 0., 0., 0., 0., 0., 0., 0., 0., 0., 0., 0., 0.,
        0., 0.]], dtype=float32), activation=array([[[21.951925  , -0.16273472, -0.09903108, -0.06986514,
         -0.08627328, -0.08463791, -0.07808341, -0.07997513,
         -0.07514796, -0.08803788, -0.13114357, -0.16107212,
         -0.12245279, -0.08242273, -0.10989129, -0.17945905,
         -0.20810315]]], dtype=float32), h_activation=array([[[ 0.65741384,  1.0077157 ,  0.8094139 ,  1.0622857 ,
          0.5178273 ,  0.82935977, -0.00975731,  0.98335665,
          0.01363628,  0.61610925]]], dtype=float32), o_activation=array([[[21.951925  , -0.16273472, -0.09903108, -0.06986514,
         -0.08627328, -0.08463791, -0.07808341, -0.07997513,
         -0.07514796, -0.08803788, -0.13114357, -0.16107212,
         -0.12245279, -0.08242273, -0.10989129, -0.17945905,
         -0.20810315]]], dtype=float32), reward=1), transition(observation=array([[1., 0., 0., 0., 0., 0., 0., 0., 0., 0., 0., 0., 0., 0., 0., 0.,
        0., 0., 0., 0., 0., 0., 0., 0., 0., 0., 0., 0., 0., 0., 0., 0.,
        0., 0.]], dtype=float32), activation=array([[[21.146324  , -0.14792708, -0.104919  , -0.07433729,
         -0.07984799, -0.09023384, -0.08298661, -0.07847466,
         -0.07545355, -0.10006521, -0.13596888, -0.15759169,
         -0.1181853 , -0.08480775, -0.10400171, -0.15609512,
         -0.1784867 ]]], dtype=float32), h_activation=array([[[ 1.211765  ,  1.7285006 ,  1.2898107 ,  1.7559597 ,
          1.0133047 ,  1.457543  , -0.00780531,  1.724515  ,
          0.25897866,  1.0671432 ]]], dtype=float32), o_activation=array([[[21.146324  , -0.14792708, -0.104919  , -0.07433729,
         -0.07984799, -0.09023384, -0.08298661, -0.07847466,
         -0.07545355, -0.10006521, -0.13596888, -0.15759169,
         -0.1181853 , -0.08480775, -0.10400171, -0.15609512,
         -0.1784867 ]]], dtype=float32), reward=1), transition(observation=array([[1., 0., 0., 0., 0., 0., 0., 0., 0., 0., 0., 0., 0., 0., 0., 0.,
        0., 0., 0., 0., 0., 0., 0., 0., 0., 0., 0., 0., 0., 0., 0., 0.,
        0., 0.]], dtype=float32), activation=array([[[20.430962  , -0.13669364, -0.10844178, -0.08017697,
         -0.07913208, -0.09574541, -0.08695398, -0.0815801 ,
         -0.079727  , -0.10858901, -0.1358045 , -0.15104309,
         -0.11423667, -0.08659025, -0.09905452, -0.14056572,
         -0.15914483]]], dtype=float32), h_activation=array([[[ 1.6570485 ,  2.2222865 ,  1.5444682 ,  2.1770654 ,
          1.4570724 ,  1.9150693 , -0.00590907,  2.2735069 ,
          0.62183607,  1.3858216 ]]], dtype=float32), o_activation=array([[[20.430962  , -0.13669364, -0.10844178, -0.08017697,
         -0.07913208, -0.09574541, -0.08695398, -0.0815801 ,
         -0.079727  , -0.10858901, -0.1358045 , -0.15104309,
         -0.11423667, -0.08659025, -0.09905452, -0.14056572,
         -0.15914483]]], dtype=float32), reward=1), transition(observation=array([[ 0.8480609 , -0.04526962, -0.11553349,  0.02546895,  0.3332977 ,
         0.11758754,  0.15674001,  0.08614206,  0.00405326, -0.05430302,
         0.08168218,  0.06252543,  0.29065076,  0.41019002,  0.6308233 ,
         0.41998386,  0.11397608,  0.09202135,  0.01304236,  0.02495134,
        -0.07392787, -0.05928267,  0.15350327,  0.20194189,  0.01231198,
         0.04447075,  0.09370428, -0.01715713, -0.01142459, -0.03045209,
         0.12441288,  0.0123577 ,  0.06924076,  0.        ]],
      dtype=float32), activation=array([[[25.552176  , -0.14846113, -0.12744807, -0.10517833,
         -0.12854742, -0.14263378, -0.12752208, -0.11500698,
         -0.11077865, -0.1475699 , -0.16988045, -0.18284579,
         -0.18329711, -0.18026108, -0.18362395, -0.20750345,
         -0.18987969]]], dtype=float32), h_activation=array([[[ 2.5072739e+00,  3.0231926e+00,  2.2623279e+00,  3.4605007e+00,
          2.2411184e+00,  4.1194563e+00, -4.5842892e-03,  4.8466463e+00,
          2.0709440e-01, -1.1800426e-02]]], dtype=float32), o_activation=array([[[25.552176  , -0.14846113, -0.12744807, -0.10517833,
         -0.12854742, -0.14263378, -0.12752208, -0.11500698,
         -0.11077865, -0.1475699 , -0.16988045, -0.18284579,
         -0.18329711, -0.18026108, -0.18362395, -0.20750345,
         -0.18987969]]], dtype=float32), reward=1), transition(observation=array([[ 0.89211684, -0.05741625, -0.02286777, -0.085545  ,  0.29610685,
         0.33426812, -0.01067159,  0.10666682,  0.10511915, -0.10008474,
        -0.04785552, -0.08933711,  0.10615531,  0.18143193,  0.6159816 ,
         0.20305887, -0.00293727, -0.16097668,  0.00878983, -0.12079359,
        -0.07918162, -0.17193805, -0.13142075, -0.17360821, -0.07635136,
        -0.06995582, -0.01778211, -0.08938613,  0.01723493, -0.05226824,
        -0.04566721,  0.14967383,  0.14145648,  0.        ]],
      dtype=float32), activation=array([[[22.427574  , -0.1347839 , -0.13961682, -0.12161366,
         -0.11904202, -0.14588481, -0.12679386, -0.1308647 ,
         -0.13203764, -0.17343386, -0.15054779, -0.13743626,
         -0.12314157, -0.09092035, -0.08835154, -0.13047732,
         -0.14542507]]], dtype=float32), h_activation=array([[[ 2.0287597e+00,  4.0415535e+00,  1.7355831e+00,  3.0938678e+00,
          2.1726816e+00,  4.6338592e+00, -9.2484849e-03,  6.4314995e+00,
         -5.3972090e-03, -1.2428617e-02]]], dtype=float32), o_activation=array([[[22.427574  , -0.1347839 , -0.13961682, -0.12161366,
         -0.11904202, -0.14588481, -0.12679386, -0.1308647 ,
         -0.13203764, -0.17343386, -0.15054779, -0.13743626,
         -0.12314157, -0.09092035, -0.08835154, -0.13047732,
         -0.14542507]]], dtype=float32), reward=1), transition(observation=array([[ 1.051463  ,  0.12603417,  0.14194159,  0.00186375,  0.21463321,
         0.2583373 ,  0.17795491,  0.21889642,  0.11181213, -0.01708956,
         0.13645084,  0.07133798,  0.17684722,  0.2831124 ,  0.8218322 ,
         0.12788035,  0.23492603, -0.06319556, -0.02601371, -0.06161143,
        -0.15828614, -0.00993413, -0.01289508, -0.052598  , -0.156453  ,
        -0.21453048, -0.01715221, -0.1082348 ,  0.03401369, -0.09283856,
        -0.17457798, -0.00185559,  0.0191639 ,  0.        ]],
      dtype=float32), activation=array([[[33.156986  , -0.19551082, -0.19255142, -0.18260056,
         -0.16214606, -0.16100535, -0.1667801 , -0.21109618,
         -0.21239622, -0.25800064, -0.22968623, -0.20196517,
         -0.19989322, -0.15348278, -0.11489733, -0.17433108,
         -0.21860248]]], dtype=float32), h_activation=array([[[ 2.2085166e+00,  4.4630327e+00,  2.4364021e+00,  2.9968123e+00,
          3.7242067e+00,  4.7036247e+00, -6.3445191e-03,  8.0429401e+00,
          7.3299575e-01, -5.6690010e-03]]], dtype=float32), o_activation=array([[[33.156986  , -0.19551082, -0.19255142, -0.18260056,
         -0.16214606, -0.16100535, -0.1667801 , -0.21109618,
         -0.21239622, -0.25800064, -0.22968623, -0.20196517,
         -0.19989322, -0.15348278, -0.11489733, -0.17433108,
         -0.21860248]]], dtype=float32), reward=1), transition(observation=array([[ 9.33316469e-01, -1.14758946e-01, -1.55115612e-02,
         1.28596067e-01,  6.41323030e-02,  2.71076202e-01,
         2.06510171e-01,  8.68992507e-02, -3.79485860e-02,
        -8.01751297e-03,  1.54122919e-01, -6.02115393e-02,
        -8.10130266e-04,  3.59082490e-01,  5.20524561e-01,
         3.39798033e-01,  3.55414040e-02,  6.97495118e-02,
         1.82723179e-01, -3.76195498e-02,  5.25233708e-02,
         6.75471574e-02, -1.05816342e-01,  1.65317073e-01,
         2.82554310e-02,  6.40491620e-02, -1.17669269e-01,
        -3.86172161e-03,  4.73849326e-02, -3.47631462e-02,
         4.38673422e-02,  8.88745338e-02, -1.62953466e-01,
         0.00000000e+00]], dtype=float32), activation=array([[[24.03688   , -0.1213474 , -0.13008952, -0.1620702 ,
         -0.1612187 , -0.15220527, -0.12669662, -0.18508326,
         -0.20026869, -0.24706197, -0.18897101, -0.16346993,
         -0.16550931, -0.09337759, -0.04279006, -0.11502846,
         -0.16057062]]], dtype=float32), h_activation=array([[[ 1.6608598 ,  4.0655336 ,  1.9989021 ,  2.9746518 ,
          4.399037  ,  4.1168284 ,  0.53493434,  8.700001  ,
          1.6795965 , -0.02199714]]], dtype=float32), o_activation=array([[[24.03688   , -0.1213474 , -0.13008952, -0.1620702 ,
         -0.1612187 , -0.15220527, -0.12669662, -0.18508326,
         -0.20026869, -0.24706197, -0.18897101, -0.16346993,
         -0.16550931, -0.09337759, -0.04279006, -0.11502846,
         -0.16057062]]], dtype=float32), reward=1), transition(observation=array([[ 1.0210282 ,  0.07507317,  0.06557716,  0.08143502, -0.09226342,
         0.26254973,  0.19646497,  0.0481458 ,  0.07517628, -0.00929425,
        -0.01540186, -0.15276726, -0.06222861,  0.29776528,  0.5342169 ,
         0.3671722 ,  0.18806143,  0.01349439, -0.13888851,  0.19275372,
        -0.06400324, -0.11412796,  0.17219889, -0.10062099, -0.06714139,
        -0.04056648, -0.05997841,  0.0868628 ,  0.15000468, -0.1071008 ,
         0.15370956, -0.01024045, -0.00394091,  0.        ]],
      dtype=float32), activation=array([[[26.19003   , -0.15711209, -0.1300701 , -0.16539058,
         -0.18199722, -0.17290103, -0.14097904, -0.22209258,
         -0.24943994, -0.26447764, -0.16255249, -0.14311095,
         -0.18141824, -0.1063913 , -0.03480588, -0.1349664 ,
         -0.20663507]]], dtype=float32), h_activation=array([[[ 0.76151997,  4.002155  ,  2.4695013 ,  2.0946355 ,
          4.995113  ,  3.779739  ,  1.6708794 ,  9.544869  ,
          2.0171065 , -0.01014648]]], dtype=float32), o_activation=array([[[26.19003   , -0.15711209, -0.1300701 , -0.16539058,
         -0.18199722, -0.17290103, -0.14097904, -0.22209258,
         -0.24943994, -0.26447764, -0.16255249, -0.14311095,
         -0.18141824, -0.1063913 , -0.03480588, -0.1349664 ,
         -0.20663507]]], dtype=float32), reward=1), transition(observation=array([[0., 0., 0., 0., 0., 0., 0., 0., 0., 0., 0., 0., 0., 0., 0., 0.,
        0., 0., 0., 0., 0., 0., 0., 0., 0., 0., 0., 0., 0., 0., 0., 0.,
        0., 0.]], dtype=float32), activation=array([[[-0.09552922,  4.3712034 ,  4.0748873 , -0.03232432,
         -0.04635597, -0.02916398,  0.16943812, -0.09801868,
         -0.11922307, -0.13768867, -0.04374055, -0.01974577,
         -0.03346508,  8.250963  , 18.363796  , 11.078899  ,
          2.1379676 ]]], dtype=float32), h_activation=array([[[ 4.0161851e-01,  2.9711330e+00,  1.6607385e+00,  1.4080932e+00,
          3.9132237e+00,  2.7283809e+00,  2.1996050e+00,  7.0871544e+00,
          2.4639575e+00, -1.7490160e-03]]], dtype=float32), o_activation=array([[[-0.09552922,  4.3712034 ,  4.0748873 , -0.03232432,
         -0.04635597, -0.02916398,  0.16943812, -0.09801868,
         -0.11922307, -0.13768867, -0.04374055, -0.01974577,
         -0.03346508,  8.250963  , 18.363796  , 11.078899  ,
          2.1379676 ]]], dtype=float32), reward=1), transition(observation=array([[0., 0., 0., 0., 0., 0., 0., 0., 0., 0., 0., 0., 0., 0., 0., 0.,
        0., 0., 0., 0., 0., 0., 0., 0., 0., 0., 0., 0., 0., 0., 0., 0.,
        0., 0.]], dtype=float32), activation=array([[[-8.6775757e-02,  2.8483686e+00,  3.8582678e+00, -1.9013114e-02,
         -3.8333740e-02, -2.2593750e-02, -9.4109941e-03, -9.4260864e-02,
         -9.7550191e-02, -9.3518242e-02, -2.2971410e-02, -1.2549385e-02,
         -2.7448080e-02,  5.9807272e+00,  1.3738886e+01,  7.8599524e+00,
          5.3108406e-01]]], dtype=float32), h_activation=array([[[ 5.3012110e-02,  2.2705243e+00,  1.3232851e+00,  1.1054316e+00,
          2.9379683e+00,  1.9841520e+00,  2.2295785e+00,  5.2674303e+00,
          2.3846970e+00, -1.0114253e-03]]], dtype=float32), o_activation=array([[[-8.6775757e-02,  2.8483686e+00,  3.8582678e+00, -1.9013114e-02,
         -3.8333740e-02, -2.2593750e-02, -9.4109941e-03, -9.4260864e-02,
         -9.7550191e-02, -9.3518242e-02, -2.2971410e-02, -1.2549385e-02,
         -2.7448080e-02,  5.9807272e+00,  1.3738886e+01,  7.8599524e+00,
          5.3108406e-01]]], dtype=float32), reward=1)], success=True), configuration(episode=23, buffer=[transition(observation=array([[1., 0., 0., 0., 0., 0., 0., 0., 0., 0., 0., 0., 0., 0., 0., 0.,
        0., 0., 0., 0., 0., 0., 0., 0., 0., 0., 0., 0., 0., 0., 0., 0.,
        0., 0.]], dtype=float32), activation=array([[[21.951925  , -0.16273472, -0.09903108, -0.06986514,
         -0.08627328, -0.08463791, -0.07808341, -0.07997513,
         -0.07514796, -0.08803788, -0.13114357, -0.16107212,
         -0.12245279, -0.08242273, -0.10989129, -0.17945905,
         -0.20810315]]], dtype=float32), h_activation=array([[[ 0.65741384,  1.0077157 ,  0.8094139 ,  1.0622857 ,
          0.5178273 ,  0.82935977, -0.00975731,  0.98335665,
          0.01363628,  0.61610925]]], dtype=float32), o_activation=array([[[21.951925  , -0.16273472, -0.09903108, -0.06986514,
         -0.08627328, -0.08463791, -0.07808341, -0.07997513,
         -0.07514796, -0.08803788, -0.13114357, -0.16107212,
         -0.12245279, -0.08242273, -0.10989129, -0.17945905,
         -0.20810315]]], dtype=float32), reward=1), transition(observation=array([[1., 0., 0., 0., 0., 0., 0., 0., 0., 0., 0., 0., 0., 0., 0., 0.,
        0., 0., 0., 0., 0., 0., 0., 0., 0., 0., 0., 0., 0., 0., 0., 0.,
        0., 0.]], dtype=float32), activation=array([[[21.146324  , -0.14792708, -0.104919  , -0.07433729,
         -0.07984799, -0.09023384, -0.08298661, -0.07847466,
         -0.07545355, -0.10006521, -0.13596888, -0.15759169,
         -0.1181853 , -0.08480775, -0.10400171, -0.15609512,
         -0.1784867 ]]], dtype=float32), h_activation=array([[[ 1.211765  ,  1.7285006 ,  1.2898107 ,  1.7559597 ,
          1.0133047 ,  1.457543  , -0.00780531,  1.724515  ,
          0.25897866,  1.0671432 ]]], dtype=float32), o_activation=array([[[21.146324  , -0.14792708, -0.104919  , -0.07433729,
         -0.07984799, -0.09023384, -0.08298661, -0.07847466,
         -0.07545355, -0.10006521, -0.13596888, -0.15759169,
         -0.1181853 , -0.08480775, -0.10400171, -0.15609512,
         -0.1784867 ]]], dtype=float32), reward=1), transition(observation=array([[1., 0., 0., 0., 0., 0., 0., 0., 0., 0., 0., 0., 0., 0., 0., 0.,
        0., 0., 0., 0., 0., 0., 0., 0., 0., 0., 0., 0., 0., 0., 0., 0.,
        0., 0.]], dtype=float32), activation=array([[[20.430962  , -0.13669364, -0.10844178, -0.08017697,
         -0.07913208, -0.09574541, -0.08695398, -0.0815801 ,
         -0.079727  , -0.10858901, -0.1358045 , -0.15104309,
         -0.11423667, -0.08659025, -0.09905452, -0.14056572,
         -0.15914483]]], dtype=float32), h_activation=array([[[ 1.6570485 ,  2.2222865 ,  1.5444682 ,  2.1770654 ,
          1.4570724 ,  1.9150693 , -0.00590907,  2.2735069 ,
          0.62183607,  1.3858216 ]]], dtype=float32), o_activation=array([[[20.430962  , -0.13669364, -0.10844178, -0.08017697,
         -0.07913208, -0.09574541, -0.08695398, -0.0815801 ,
         -0.079727  , -0.10858901, -0.1358045 , -0.15104309,
         -0.11423667, -0.08659025, -0.09905452, -0.14056572,
         -0.15914483]]], dtype=float32), reward=1), transition(observation=array([[ 0.9226211 ,  0.07970539,  0.0547472 , -0.03944973, -0.238822  ,
        -0.02002258, -0.09951606,  0.26282272,  0.5230783 ,  0.5640982 ,
         0.45714143,  0.32692078,  0.10746215,  0.04206491,  0.02657612,
        -0.02702656, -0.18355072, -0.05507207, -0.02609403, -0.12497571,
        -0.03238331,  0.05168828,  0.12993853, -0.08776245, -0.11435576,
         0.1886692 , -0.06858374,  0.05344898, -0.13445568,  0.01073975,
         0.09131213,  0.09805363, -0.08597995,  0.        ]],
      dtype=float32), activation=array([[[26.470371  , -0.12435203, -0.11038481, -0.0775402 ,
         -0.08205102, -0.09464706, -0.1013087 , -0.12859972,
         -0.16848327, -0.2193537 , -0.23688844, -0.22492853,
         -0.16521981, -0.11483623, -0.11106346, -0.12983595,
         -0.14612015]]], dtype=float32), h_activation=array([[[ 9.2710513e-01,  2.6485982e+00, -3.0028468e-03,  1.9930689e+00,
          4.4933066e+00,  3.7142496e+00, -5.7170712e-03, -6.8211341e-03,
          2.1200440e+00,  3.3655849e+00]]], dtype=float32), o_activation=array([[[26.470371  , -0.12435203, -0.11038481, -0.0775402 ,
         -0.08205102, -0.09464706, -0.1013087 , -0.12859972,
         -0.16848327, -0.2193537 , -0.23688844, -0.22492853,
         -0.16521981, -0.11483623, -0.11106346, -0.12983595,
         -0.14612015]]], dtype=float32), reward=1), transition(observation=array([[ 0.91030484,  0.10793091,  0.14600906,  0.02652477, -0.11139812,
        -0.0912997 , -0.179463  ,  0.2636191 ,  0.47013634,  0.4819135 ,
         0.41700235,  0.3341682 ,  0.02445695,  0.01158734, -0.1508828 ,
        -0.07259861, -0.15212783, -0.04294277,  0.06630521,  0.04336485,
         0.00680915,  0.2833486 ,  0.00191866,  0.09161755, -0.12298784,
        -0.00906545,  0.09227646, -0.10270362,  0.2136731 ,  0.07966904,
        -0.03487903, -0.1691263 , -0.15527746,  0.        ]],
      dtype=float32), activation=array([[[22.324003  , -0.13008647, -0.1352389 , -0.15550093,
         -0.17187206, -0.17625152, -0.12977988, -0.07754692,
         -0.07277788, -0.09435219, -0.15253064, -0.17867273,
         -0.15191342, -0.12690622, -0.09858676, -0.12537117,
         -0.16363674]]], dtype=float32), h_activation=array([[[ 9.1036981e-01,  2.5359600e+00, -1.4217496e-02,  2.2818308e+00,
          6.1901608e+00,  4.2703252e+00, -3.6027585e-03, -2.2570645e-02,
          3.1747210e+00,  5.6080060e+00]]], dtype=float32), o_activation=array([[[22.324003  , -0.13008647, -0.1352389 , -0.15550093,
         -0.17187206, -0.17625152, -0.12977988, -0.07754692,
         -0.07277788, -0.09435219, -0.15253064, -0.17867273,
         -0.15191342, -0.12690622, -0.09858676, -0.12537117,
         -0.16363674]]], dtype=float32), reward=1), transition(observation=array([[ 0.7681405 , -0.02857102, -0.06239393, -0.04788809, -0.06925847,
        -0.03902135, -0.00748998,  0.35105944,  0.6836755 ,  0.50308865,
         0.3611465 ,  0.4058981 ,  0.0372915 , -0.10283574, -0.10781796,
        -0.07887892,  0.02457701,  0.08773229, -0.01041322,  0.11455414,
         0.03073225, -0.07686576,  0.02122411,  0.08152038,  0.0503443 ,
        -0.00594908, -0.02566681, -0.03528509, -0.0028366 , -0.0939708 ,
        -0.01111914,  0.00712566, -0.14892732,  0.        ]],
      dtype=float32), activation=array([[[18.519325  , -0.08269863, -0.08168735, -0.14087161,
         -0.21321702, -0.23265655, -0.15039453, -0.05913299,
         -0.04642105, -0.07626253, -0.12694094, -0.14829208,
         -0.14145336, -0.14016895, -0.08800612, -0.10631464,
         -0.14354141]]], dtype=float32), h_activation=array([[[-7.0797768e-04,  2.7315204e+00, -1.3707020e-02,  2.6860714e+00,
          6.6877317e+00,  5.5743356e+00, -1.6641420e-03, -3.4818996e-02,
          4.3119636e+00,  6.6565380e+00]]], dtype=float32), o_activation=array([[[18.519325  , -0.08269863, -0.08168735, -0.14087161,
         -0.21321702, -0.23265655, -0.15039453, -0.05913299,
         -0.04642105, -0.07626253, -0.12694094, -0.14829208,
         -0.14145336, -0.14016895, -0.08800612, -0.10631464,
         -0.14354141]]], dtype=float32), reward=1), transition(observation=array([[ 1.2219481 , -0.02792955, -0.03916461,  0.04271382, -0.08988575,
        -0.01959854, -0.0097771 ,  0.1468518 ,  0.33213356,  0.46371004,
         0.22185147,  0.26123324,  0.16498622,  0.16228977, -0.15192394,
         0.1686468 , -0.09609602,  0.1250326 , -0.01573955,  0.0349387 ,
         0.10685486, -0.02193865, -0.04305665, -0.01909984,  0.13300672,
         0.12874526, -0.16212678, -0.12831387, -0.10243803, -0.1583324 ,
         0.00627901, -0.02194552, -0.05634376,  0.        ]],
      dtype=float32), activation=array([[[27.095692  , -0.14028579, -0.14328146, -0.23671241,
         -0.3086081 , -0.29798442, -0.17988992, -0.06013706,
         -0.03510815, -0.08937479, -0.15523201, -0.17597145,
         -0.20728143, -0.24754971, -0.1589288 , -0.15841274,
         -0.209099  ]]], dtype=float32), h_activation=array([[[ 0.5561227 ,  2.4643445 , -0.01110757,  2.495432  ,
          7.190314  ,  6.6639724 ,  0.70098   , -0.01380293,
          4.739134  ,  6.2184186 ]]], dtype=float32), o_activation=array([[[27.095692  , -0.14028579, -0.14328146, -0.23671241,
         -0.3086081 , -0.29798442, -0.17988992, -0.06013706,
         -0.03510815, -0.08937479, -0.15523201, -0.17597145,
         -0.20728143, -0.24754971, -0.1589288 , -0.15841274,
         -0.209099  ]]], dtype=float32), reward=1), transition(observation=array([[ 1.20384824e+00, -6.30978271e-02, -9.99910012e-02,
        -1.82338700e-01, -2.82536983e-01,  4.68105860e-02,
         1.56244654e-02,  1.70476750e-01,  5.02715886e-01,
         5.88653088e-01,  4.69716847e-01,  2.89277006e-02,
        -1.05339497e-01,  1.08835526e-01,  2.22690646e-02,
        -3.27297188e-02, -8.04940313e-02,  1.15261234e-01,
        -1.00368494e-03, -1.66309819e-01, -2.41195131e-02,
         4.15032730e-02,  3.56077962e-02,  1.79511845e-01,
         1.80939868e-01,  7.42580518e-02, -3.50082815e-02,
        -1.05073981e-01,  6.30606040e-02, -1.15196183e-01,
         1.13913454e-02,  3.67015670e-03, -1.56527400e-01,
         0.00000000e+00]], dtype=float32), activation=array([[[25.716227  , -0.11385101, -0.12385668, -0.22553867,
         -0.30772766, -0.30777228, -0.19959402, -0.08779202,
         -0.05831147, -0.10147317, -0.14019245, -0.13997188,
         -0.15778916, -0.20399265, -0.1334437 , -0.14142169,
         -0.1874274 ]]], dtype=float32), h_activation=array([[[-8.9752590e-03,  3.2762392e+00, -1.0901832e-02,  1.2523534e+00,
          9.0354128e+00,  6.3561816e+00,  9.4120258e-01, -2.6132789e-02,
          5.1224332e+00,  5.7189794e+00]]], dtype=float32), o_activation=array([[[25.716227  , -0.11385101, -0.12385668, -0.22553867,
         -0.30772766, -0.30777228, -0.19959402, -0.08779202,
         -0.05831147, -0.10147317, -0.14019245, -0.13997188,
         -0.15778916, -0.20399265, -0.1334437 , -0.14142169,
         -0.1874274 ]]], dtype=float32), reward=1), transition(observation=array([[0., 0., 0., 0., 0., 0., 0., 0., 0., 0., 0., 0., 0., 0., 0., 0.,
        0., 0., 0., 0., 0., 0., 0., 0., 0., 0., 0., 0., 0., 0., 0., 0.,
        0., 0.]], dtype=float32), activation=array([[[-1.3950354e-01,  3.1007166e+00, -8.8131810e-03, -1.4763017e-01,
         -2.1009976e-01, -1.9662866e-01, -5.9119586e-02,  7.2115135e+00,
          1.4398376e+01,  1.4875473e+01,  9.6926098e+00,  5.0381942e+00,
         -2.6541322e-03, -2.5360297e-02,  4.6473861e+00,  2.2468939e+00,
         -2.1435341e-02]]], dtype=float32), h_activation=array([[[-1.7590194e-03,  2.1685159e+00, -2.6634424e-03,  7.6476383e-01,
          6.8024931e+00,  4.7774463e+00,  1.4510262e+00,  1.7636289e-01,
          4.5494504e+00,  4.3559713e+00]]], dtype=float32), o_activation=array([[[-1.3950354e-01,  3.1007166e+00, -8.8131810e-03, -1.4763017e-01,
         -2.1009976e-01, -1.9662866e-01, -5.9119586e-02,  7.2115135e+00,
          1.4398376e+01,  1.4875473e+01,  9.6926098e+00,  5.0381942e+00,
         -2.6541322e-03, -2.5360297e-02,  4.6473861e+00,  2.2468939e+00,
         -2.1435341e-02]]], dtype=float32), reward=0), transition(observation=array([[0., 0., 0., 0., 0., 0., 0., 0., 0., 0., 0., 0., 0., 0., 0., 0.,
        0., 0., 0., 0., 0., 0., 0., 0., 0., 0., 0., 0., 0., 0., 0., 0.,
        0., 0.]], dtype=float32), activation=array([[[-0.11846891,  1.9846783 ,  0.45859492, -0.10184003,
         -0.16056214, -0.14836188, -0.0505887 ,  3.671509  ,
          9.761821  , 10.825381  ,  7.174111  ,  3.9011745 ,
          0.08521563, -0.01660122,  3.6647477 ,  1.3543587 ,
         -0.02654646]]], dtype=float32), h_activation=array([[[-2.1387667e-03,  1.4975749e+00,  9.9563003e-03,  6.0173565e-01,
          5.0303998e+00,  3.6150172e+00,  1.5316923e+00,  2.9895008e-01,
          3.8042650e+00,  3.3454955e+00]]], dtype=float32), o_activation=array([[[-0.11846891,  1.9846783 ,  0.45859492, -0.10184003,
         -0.16056214, -0.14836188, -0.0505887 ,  3.671509  ,
          9.761821  , 10.825381  ,  7.174111  ,  3.9011745 ,
          0.08521563, -0.01660122,  3.6647477 ,  1.3543587 ,
         -0.02654646]]], dtype=float32), reward=0)], success=False), configuration(episode=24, buffer=[transition(observation=array([[1., 0., 0., 0., 0., 0., 0., 0., 0., 0., 0., 0., 0., 0., 0., 0.,
        0., 0., 0., 0., 0., 0., 0., 0., 0., 0., 0., 0., 0., 0., 0., 0.,
        0., 0.]], dtype=float32), activation=array([[[21.951925  , -0.16273472, -0.09903108, -0.06986514,
         -0.08627328, -0.08463791, -0.07808341, -0.07997513,
         -0.07514796, -0.08803788, -0.13114357, -0.16107212,
         -0.12245279, -0.08242273, -0.10989129, -0.17945905,
         -0.20810315]]], dtype=float32), h_activation=array([[[ 0.65741384,  1.0077157 ,  0.8094139 ,  1.0622857 ,
          0.5178273 ,  0.82935977, -0.00975731,  0.98335665,
          0.01363628,  0.61610925]]], dtype=float32), o_activation=array([[[21.951925  , -0.16273472, -0.09903108, -0.06986514,
         -0.08627328, -0.08463791, -0.07808341, -0.07997513,
         -0.07514796, -0.08803788, -0.13114357, -0.16107212,
         -0.12245279, -0.08242273, -0.10989129, -0.17945905,
         -0.20810315]]], dtype=float32), reward=1), transition(observation=array([[1., 0., 0., 0., 0., 0., 0., 0., 0., 0., 0., 0., 0., 0., 0., 0.,
        0., 0., 0., 0., 0., 0., 0., 0., 0., 0., 0., 0., 0., 0., 0., 0.,
        0., 0.]], dtype=float32), activation=array([[[21.146324  , -0.14792708, -0.104919  , -0.07433729,
         -0.07984799, -0.09023384, -0.08298661, -0.07847466,
         -0.07545355, -0.10006521, -0.13596888, -0.15759169,
         -0.1181853 , -0.08480775, -0.10400171, -0.15609512,
         -0.1784867 ]]], dtype=float32), h_activation=array([[[ 1.211765  ,  1.7285006 ,  1.2898107 ,  1.7559597 ,
          1.0133047 ,  1.457543  , -0.00780531,  1.724515  ,
          0.25897866,  1.0671432 ]]], dtype=float32), o_activation=array([[[21.146324  , -0.14792708, -0.104919  , -0.07433729,
         -0.07984799, -0.09023384, -0.08298661, -0.07847466,
         -0.07545355, -0.10006521, -0.13596888, -0.15759169,
         -0.1181853 , -0.08480775, -0.10400171, -0.15609512,
         -0.1784867 ]]], dtype=float32), reward=1), transition(observation=array([[1., 0., 0., 0., 0., 0., 0., 0., 0., 0., 0., 0., 0., 0., 0., 0.,
        0., 0., 0., 0., 0., 0., 0., 0., 0., 0., 0., 0., 0., 0., 0., 0.,
        0., 0.]], dtype=float32), activation=array([[[20.430962  , -0.13669364, -0.10844178, -0.08017697,
         -0.07913208, -0.09574541, -0.08695398, -0.0815801 ,
         -0.079727  , -0.10858901, -0.1358045 , -0.15104309,
         -0.11423667, -0.08659025, -0.09905452, -0.14056572,
         -0.15914483]]], dtype=float32), h_activation=array([[[ 1.6570485 ,  2.2222865 ,  1.5444682 ,  2.1770654 ,
          1.4570724 ,  1.9150693 , -0.00590907,  2.2735069 ,
          0.62183607,  1.3858216 ]]], dtype=float32), o_activation=array([[[20.430962  , -0.13669364, -0.10844178, -0.08017697,
         -0.07913208, -0.09574541, -0.08695398, -0.0815801 ,
         -0.079727  , -0.10858901, -0.1358045 , -0.15104309,
         -0.11423667, -0.08659025, -0.09905452, -0.14056572,
         -0.15914483]]], dtype=float32), reward=1), transition(observation=array([[ 1.0467845 , -0.13886853,  0.13111115, -0.00610764, -0.07273521,
        -0.08453605, -0.01911395,  0.14564154,  0.0192573 ,  0.34080648,
         0.4459813 ,  0.3924772 ,  0.24594621,  0.20533848,  0.17556106,
        -0.1370925 , -0.0641227 , -0.17388709, -0.015132  ,  0.09622208,
         0.01090266, -0.09137863, -0.07006811, -0.00200092,  0.04532841,
        -0.06627045,  0.13007624,  0.01339572, -0.0513765 ,  0.1025123 ,
        -0.01981694, -0.09080689, -0.08536401,  0.        ]],
      dtype=float32), activation=array([[[28.135597  , -0.13440053, -0.1281949 , -0.10228716,
         -0.10667183, -0.11264984, -0.11080012, -0.11788655,
         -0.13678393, -0.19361329, -0.23827328, -0.24498847,
         -0.19835187, -0.15070727, -0.13928144, -0.15193121,
         -0.15345855]]], dtype=float32), h_activation=array([[[ 2.7924032 ,  1.9452269 ,  0.55209285,  2.8473768 ,
          4.2684803 ,  3.2166607 , -0.01054424,  1.390958  ,
          2.5922554 ,  1.4047236 ]]], dtype=float32), o_activation=array([[[28.135597  , -0.13440053, -0.1281949 , -0.10228716,
         -0.10667183, -0.11264984, -0.11080012, -0.11788655,
         -0.13678393, -0.19361329, -0.23827328, -0.24498847,
         -0.19835187, -0.15070727, -0.13928144, -0.15193121,
         -0.15345855]]], dtype=float32), reward=1), transition(observation=array([[ 0.89012   ,  0.12181434, -0.09393825,  0.00439222,  0.12656648,
         0.02478826, -0.14294101,  0.14837585,  0.16227123,  0.30854997,
         0.5439828 ,  0.3822406 ,  0.39110282,  0.31786788,  0.17461118,
         0.11925337,  0.04872358,  0.01095726,  0.03110699, -0.15150069,
        -0.19757493, -0.071092  , -0.04976147,  0.00490457, -0.00319405,
        -0.02055724, -0.07264718, -0.14486827, -0.08476677, -0.01345278,
        -0.03342176,  0.00524951,  0.03453417,  0.        ]],
      dtype=float32), activation=array([[[27.514347  , -0.15548208, -0.15125434, -0.13598941,
         -0.17677371, -0.19352193, -0.14505476, -0.12343717,
         -0.14676028, -0.1553624 , -0.17528932, -0.2045778 ,
         -0.19492002, -0.15184085, -0.14576106, -0.18227035,
         -0.18546179]]], dtype=float32), h_activation=array([[[ 4.5919299e+00,  3.0055139e+00,  2.6507485e-01,  3.7628670e+00,
          6.3234081e+00,  5.2831049e+00, -3.5720764e-04,  9.9995768e-01,
          3.4984105e+00,  1.4293913e+00]]], dtype=float32), o_activation=array([[[27.514347  , -0.15548208, -0.15125434, -0.13598941,
         -0.17677371, -0.19352193, -0.14505476, -0.12343717,
         -0.14676028, -0.1553624 , -0.17528932, -0.2045778 ,
         -0.19492002, -0.15184085, -0.14576106, -0.18227035,
         -0.18546179]]], dtype=float32), reward=1), transition(observation=array([[ 1.0331404 ,  0.14040092, -0.0081168 , -0.1841025 ,  0.10203202,
         0.01319161,  0.03532077,  0.08822158, -0.04828623,  0.32583788,
         0.50618875,  0.3459458 ,  0.13812889,  0.14914286,  0.17045288,
         0.09713509, -0.15628697, -0.10492732,  0.0512501 ,  0.06714794,
        -0.04170702, -0.18288146,  0.14497359,  0.02722432,  0.10664804,
         0.16732751,  0.1821879 ,  0.15940796,  0.11904588,  0.04312403,
        -0.15954845, -0.03593098, -0.10489063,  0.        ]],
      dtype=float32), activation=array([[[27.163044  , -0.15012616, -0.1830632 , -0.17537498,
         -0.20483577, -0.24923494, -0.19021861, -0.13594133,
         -0.12748867, -0.09913132, -0.11401382, -0.15776955,
         -0.14343694, -0.11038074, -0.12681173, -0.17176042,
         -0.16887657]]], dtype=float32), h_activation=array([[[ 4.7629018e+00,  3.9913342e+00, -5.1354342e-03,  3.6090784e+00,
          7.9413853e+00,  5.4618478e+00, -4.3557039e-03,  1.1711798e+00,
          5.4758244e+00,  1.3273330e+00]]], dtype=float32), o_activation=array([[[27.163044  , -0.15012616, -0.1830632 , -0.17537498,
         -0.20483577, -0.24923494, -0.19021861, -0.13594133,
         -0.12748867, -0.09913132, -0.11401382, -0.15776955,
         -0.14343694, -0.11038074, -0.12681173, -0.17176042,
         -0.16887657]]], dtype=float32), reward=1), transition(observation=array([[ 0.9872196 , -0.16848184,  0.09814645, -0.21308878,  0.05816461,
         0.00892851, -0.01411037,  0.04573662,  0.0680169 ,  0.40011096,
         0.6066455 ,  0.4318816 ,  0.07456183,  0.17633747,  0.2498642 ,
         0.08541501,  0.00888924,  0.12483646,  0.1593327 ,  0.17335652,
         0.15014113, -0.04717525,  0.12459593, -0.04455364, -0.0671212 ,
         0.11670594, -0.08839825,  0.00137953, -0.20356117,  0.02932076,
        -0.06874717, -0.07632336, -0.12881844,  0.        ]],
      dtype=float32), activation=array([[[25.123384  , -0.13164063, -0.18024455, -0.2011042 ,
         -0.23345767, -0.2527942 , -0.17735665, -0.14493074,
         -0.152874  , -0.09966995, -0.09081602, -0.1465194 ,
         -0.15964884, -0.11418337, -0.12091846, -0.17582765,
         -0.16530752]]], dtype=float32), h_activation=array([[[ 4.4542336 ,  4.3887424 , -0.01740233,  3.8819532 ,
          9.627362  ,  6.0305543 ,  0.44477212,  0.90791714,
          7.271893  ,  0.83357346]]], dtype=float32), o_activation=array([[[25.123384  , -0.13164063, -0.18024455, -0.2011042 ,
         -0.23345767, -0.2527942 , -0.17735665, -0.14493074,
         -0.152874  , -0.09966995, -0.09081602, -0.1465194 ,
         -0.15964884, -0.11418337, -0.12091846, -0.17582765,
         -0.16530752]]], dtype=float32), reward=1), transition(observation=array([[ 0.984103  , -0.03730363, -0.02217857,  0.08536015, -0.10992534,
         0.12066119, -0.16836087,  0.06609149,  0.18338488,  0.34504133,
         0.4014051 ,  0.37966633,  0.3055484 ,  0.44256663,  0.2770562 ,
         0.09511495, -0.14655387, -0.0275345 , -0.03717783, -0.16676335,
         0.09313729, -0.1182918 ,  0.0446823 ,  0.16066362,  0.01467599,
        -0.12360771, -0.07035811,  0.04420328, -0.02090979,  0.06728142,
        -0.1718016 ,  0.08767971,  0.05491506,  0.        ]],
      dtype=float32), activation=array([[[23.901003  , -0.14303035, -0.2071754 , -0.24645182,
         -0.277948  , -0.28513965, -0.18265502, -0.15200439,
         -0.16067971, -0.06996965, -0.04575428, -0.1291967 ,
         -0.1887551 , -0.13874207, -0.12502094, -0.17697982,
         -0.16458851]]], dtype=float32), h_activation=array([[[ 4.825348  ,  3.3652484 , -0.01627294,  3.0702333 ,
         10.4010935 ,  7.0398593 ,  0.97872275,  0.7962997 ,
          6.971039  ,  0.411448  ]]], dtype=float32), o_activation=array([[[23.901003  , -0.14303035, -0.2071754 , -0.24645182,
         -0.277948  , -0.28513965, -0.18265502, -0.15200439,
         -0.16067971, -0.06996965, -0.04575428, -0.1291967 ,
         -0.1887551 , -0.13874207, -0.12502094, -0.17697982,
         -0.16458851]]], dtype=float32), reward=1), transition(observation=array([[0., 0., 0., 0., 0., 0., 0., 0., 0., 0., 0., 0., 0., 0., 0., 0.,
        0., 0., 0., 0., 0., 0., 0., 0., 0., 0., 0., 0., 0., 0., 0., 0.,
        0., 0.]], dtype=float32), activation=array([[[-1.1452198e-01, -9.1528250e-03, -7.7610299e-02, -1.3451871e-01,
         -1.6830376e-01, -2.0301872e-01, -8.4272288e-02, -2.9552227e-02,
          6.6256762e-02,  1.2739503e+01,  1.7534647e+01,  1.0664530e+01,
          5.9978518e+00,  1.0072971e+01,  8.1249504e+00,  3.7154341e-01,
         -8.1371209e-03]]], dtype=float32), h_activation=array([[[ 3.4678895e+00,  2.1889029e+00, -3.5081713e-03,  2.0387816e+00,
          7.8038182e+00,  5.1196275e+00,  2.0316215e+00,  7.2810459e-01,
          6.0902405e+00,  3.1848174e-01]]], dtype=float32), o_activation=array([[[-1.1452198e-01, -9.1528250e-03, -7.7610299e-02, -1.3451871e-01,
         -1.6830376e-01, -2.0301872e-01, -8.4272288e-02, -2.9552227e-02,
          6.6256762e-02,  1.2739503e+01,  1.7534647e+01,  1.0664530e+01,
          5.9978518e+00,  1.0072971e+01,  8.1249504e+00,  3.7154341e-01,
         -8.1371209e-03]]], dtype=float32), reward=1), transition(observation=array([[0., 0., 0., 0., 0., 0., 0., 0., 0., 0., 0., 0., 0., 0., 0., 0.,
        0., 0., 0., 0., 0., 0., 0., 0., 0., 0., 0., 0., 0., 0., 0., 0.,
        0., 0.]], dtype=float32), activation=array([[[-9.5670544e-02, -7.6784873e-03, -4.4122580e-02, -9.0583466e-02,
         -1.3050361e-01, -1.5660301e-01, -8.1961267e-02, -5.3569965e-02,
         -1.6250759e-02,  9.5334778e+00,  1.3452763e+01,  8.1744270e+00,
          4.6780515e+00,  7.5246358e+00,  6.1540899e+00,  2.4223375e-01,
         -1.2733574e-02]]], dtype=float32), h_activation=array([[[2.334366  , 1.4643462 , 0.02324539, 1.527726  , 5.7090826 ,
         3.7168226 , 2.3277676 , 0.62423205, 4.9783797 , 0.25930873]]],
      dtype=float32), o_activation=array([[[-9.5670544e-02, -7.6784873e-03, -4.4122580e-02, -9.0583466e-02,
         -1.3050361e-01, -1.5660301e-01, -8.1961267e-02, -5.3569965e-02,
         -1.6250759e-02,  9.5334778e+00,  1.3452763e+01,  8.1744270e+00,
          4.6780515e+00,  7.5246358e+00,  6.1540899e+00,  2.4223375e-01,
         -1.2733574e-02]]], dtype=float32), reward=1)], success=True), configuration(episode=25, buffer=[transition(observation=array([[1., 0., 0., 0., 0., 0., 0., 0., 0., 0., 0., 0., 0., 0., 0., 0.,
        0., 0., 0., 0., 0., 0., 0., 0., 0., 0., 0., 0., 0., 0., 0., 0.,
        0., 0.]], dtype=float32), activation=array([[[21.951925  , -0.16273472, -0.09903108, -0.06986514,
         -0.08627328, -0.08463791, -0.07808341, -0.07997513,
         -0.07514796, -0.08803788, -0.13114357, -0.16107212,
         -0.12245279, -0.08242273, -0.10989129, -0.17945905,
         -0.20810315]]], dtype=float32), h_activation=array([[[ 0.65741384,  1.0077157 ,  0.8094139 ,  1.0622857 ,
          0.5178273 ,  0.82935977, -0.00975731,  0.98335665,
          0.01363628,  0.61610925]]], dtype=float32), o_activation=array([[[21.951925  , -0.16273472, -0.09903108, -0.06986514,
         -0.08627328, -0.08463791, -0.07808341, -0.07997513,
         -0.07514796, -0.08803788, -0.13114357, -0.16107212,
         -0.12245279, -0.08242273, -0.10989129, -0.17945905,
         -0.20810315]]], dtype=float32), reward=1), transition(observation=array([[1., 0., 0., 0., 0., 0., 0., 0., 0., 0., 0., 0., 0., 0., 0., 0.,
        0., 0., 0., 0., 0., 0., 0., 0., 0., 0., 0., 0., 0., 0., 0., 0.,
        0., 0.]], dtype=float32), activation=array([[[21.146324  , -0.14792708, -0.104919  , -0.07433729,
         -0.07984799, -0.09023384, -0.08298661, -0.07847466,
         -0.07545355, -0.10006521, -0.13596888, -0.15759169,
         -0.1181853 , -0.08480775, -0.10400171, -0.15609512,
         -0.1784867 ]]], dtype=float32), h_activation=array([[[ 1.211765  ,  1.7285006 ,  1.2898107 ,  1.7559597 ,
          1.0133047 ,  1.457543  , -0.00780531,  1.724515  ,
          0.25897866,  1.0671432 ]]], dtype=float32), o_activation=array([[[21.146324  , -0.14792708, -0.104919  , -0.07433729,
         -0.07984799, -0.09023384, -0.08298661, -0.07847466,
         -0.07545355, -0.10006521, -0.13596888, -0.15759169,
         -0.1181853 , -0.08480775, -0.10400171, -0.15609512,
         -0.1784867 ]]], dtype=float32), reward=1), transition(observation=array([[1., 0., 0., 0., 0., 0., 0., 0., 0., 0., 0., 0., 0., 0., 0., 0.,
        0., 0., 0., 0., 0., 0., 0., 0., 0., 0., 0., 0., 0., 0., 0., 0.,
        0., 0.]], dtype=float32), activation=array([[[20.430962  , -0.13669364, -0.10844178, -0.08017697,
         -0.07913208, -0.09574541, -0.08695398, -0.0815801 ,
         -0.079727  , -0.10858901, -0.1358045 , -0.15104309,
         -0.11423667, -0.08659025, -0.09905452, -0.14056572,
         -0.15914483]]], dtype=float32), h_activation=array([[[ 1.6570485 ,  2.2222865 ,  1.5444682 ,  2.1770654 ,
          1.4570724 ,  1.9150693 , -0.00590907,  2.2735069 ,
          0.62183607,  1.3858216 ]]], dtype=float32), o_activation=array([[[20.430962  , -0.13669364, -0.10844178, -0.08017697,
         -0.07913208, -0.09574541, -0.08695398, -0.0815801 ,
         -0.079727  , -0.10858901, -0.1358045 , -0.15104309,
         -0.11423667, -0.08659025, -0.09905452, -0.14056572,
         -0.15914483]]], dtype=float32), reward=1), transition(observation=array([[ 1.0761725 , -0.02164939, -0.00120037,  0.2525571 ,  0.41414914,
         0.23697487,  0.00603467, -0.03477644,  0.02223835, -0.0382159 ,
         0.13860963,  0.14455083,  0.29144576,  0.3340336 ,  0.1407607 ,
         0.10492028, -0.04412124, -0.38983488,  0.13773783,  0.13222858,
         0.2845863 ,  0.05609028,  0.08831099,  0.06109383,  0.05182538,
         0.09056026, -0.04998778, -0.03271556, -0.11690357, -0.10402866,
        -0.03301801, -0.08013523,  0.09250146,  0.        ]],
      dtype=float32), activation=array([[[29.382374  , -0.16376652, -0.16387892, -0.15286043,
         -0.16009906, -0.16158256, -0.13832922, -0.12227093,
         -0.11448884, -0.15405028, -0.1942343 , -0.2121856 ,
         -0.18786561, -0.16260551, -0.15672459, -0.17634735,
         -0.18484832]]], dtype=float32), h_activation=array([[[ 3.9020176 ,  2.8235576 ,  1.0782235 ,  3.1037478 ,
          1.2879446 ,  2.6176965 , -0.01054146,  3.740676  ,
          0.23341772,  0.4695825 ]]], dtype=float32), o_activation=array([[[29.382374  , -0.16376652, -0.16387892, -0.15286043,
         -0.16009906, -0.16158256, -0.13832922, -0.12227093,
         -0.11448884, -0.15405028, -0.1942343 , -0.2121856 ,
         -0.18786561, -0.16260551, -0.15672459, -0.17634735,
         -0.18484832]]], dtype=float32), reward=1), transition(observation=array([[ 9.7107416e-01,  1.7149102e-02,  3.2595370e-02,  5.1362944e-01,
         4.5687070e-01,  1.9066761e-01,  9.2889089e-03,  8.1241056e-02,
         5.9677742e-02, -1.1841117e-01, -1.0494569e-02,  8.7239496e-02,
         1.9612861e-01,  4.0098739e-01,  3.7696940e-01, -4.5730457e-02,
         1.4302178e-01,  6.6262826e-02, -1.2501259e-01,  1.6238181e-02,
         1.2879646e-01,  3.4185738e-04,  1.1755907e-01, -4.0146597e-03,
        -7.8615900e-03, -1.7181385e-01,  8.3242774e-02, -1.2082617e-01,
         7.1974576e-02,  6.7650281e-02,  9.5551983e-02,  2.4218932e-01,
         2.0564726e-02,  0.0000000e+00]], dtype=float32), activation=array([[[28.517315  , -0.18219833, -0.18389511, -0.13852702,
         -0.1134078 , -0.14201093, -0.15882657, -0.17960203,
         -0.15849736, -0.16106217, -0.16282725, -0.16545077,
         -0.1464171 , -0.12410714, -0.14411913, -0.17415982,
         -0.1744866 ]]], dtype=float32), h_activation=array([[[ 5.5471315e+00,  2.4947312e+00,  1.6997869e+00,  4.0893507e+00,
          9.7115743e-01,  2.1051192e+00, -6.2658726e-03,  5.4716406e+00,
         -9.4920900e-03, -3.2660014e-03]]], dtype=float32), o_activation=array([[[28.517315  , -0.18219833, -0.18389511, -0.13852702,
         -0.1134078 , -0.14201093, -0.15882657, -0.17960203,
         -0.15849736, -0.16106217, -0.16282725, -0.16545077,
         -0.1464171 , -0.12410714, -0.14411913, -0.17415982,
         -0.1744866 ]]], dtype=float32), reward=1), transition(observation=array([[ 1.0027082e+00,  5.1639002e-02,  1.4826372e-01,  3.1475288e-01,
         4.7316602e-01,  3.0981824e-01,  2.5045359e-01, -5.2597273e-02,
         6.6312768e-02,  1.2777632e-01,  1.7373287e-03,  1.1166560e-01,
         3.4904951e-01,  2.0575182e-01,  9.5567472e-02,  4.6679392e-02,
         9.9232085e-02, -1.4101137e-01, -3.4325514e-02, -6.0629182e-02,
         3.2086797e-02,  7.5831369e-02,  7.0475101e-02, -8.7946005e-02,
        -1.5127535e-04, -4.5494456e-02,  7.6907746e-02,  8.9148849e-02,
        -6.1993214e-04,  1.7488816e-01,  3.3239480e-02,  1.8269050e-01,
         9.5434897e-02,  0.0000000e+00]], dtype=float32), activation=array([[[32.591198  , -0.18006672, -0.1708625 , -0.09916245,
         -0.09336581, -0.1538736 , -0.18265542, -0.2298895 ,
         -0.23647322, -0.23275237, -0.19553941, -0.1803195 ,
         -0.13465717, -0.09122133, -0.12117732, -0.1565724 ,
         -0.16287889]]], dtype=float32), h_activation=array([[[6.5800333 , 3.3135386 , 1.3433833 , 3.5408611 , 0.27129927,
         2.0621815 , 0.12650996, 5.905034  , 0.31703696, 0.18234873]]],
      dtype=float32), o_activation=array([[[32.591198  , -0.18006672, -0.1708625 , -0.09916245,
         -0.09336581, -0.1538736 , -0.18265542, -0.2298895 ,
         -0.23647322, -0.23275237, -0.19553941, -0.1803195 ,
         -0.13465717, -0.09122133, -0.12117732, -0.1565724 ,
         -0.16287889]]], dtype=float32), reward=1), transition(observation=array([[ 1.0341523 , -0.20607314, -0.03996349,  0.2427937 ,  0.36401415,
         0.2548214 ,  0.06341803, -0.17029539, -0.14820093, -0.00484873,
        -0.01025932,  0.165809  ,  0.36403754,  0.29978496,  0.26923338,
         0.05134648, -0.01196397,  0.22964111,  0.11891356,  0.07811998,
         0.00674106,  0.13746235, -0.14264187, -0.1373334 , -0.03083229,
        -0.19180246, -0.02979877, -0.02174648, -0.11117835, -0.0756275 ,
         0.08305491,  0.05986054,  0.1372701 ,  0.        ]],
      dtype=float32), activation=array([[[28.547752  , -0.12724024, -0.13384588, -0.06710738,
         -0.03498724, -0.08670252, -0.15806969, -0.2368341 ,
         -0.21707903, -0.21270971, -0.19024105, -0.16906297,
         -0.12148181, -0.10283216, -0.14484434, -0.15848856,
         -0.12651469]]], dtype=float32), h_activation=array([[[ 7.6493793 ,  3.4947963 ,  0.48751485,  3.5502434 ,
          0.19418502,  3.0270188 ,  0.17155951,  6.973049  ,
          0.4201779 , -0.01580225]]], dtype=float32), o_activation=array([[[28.547752  , -0.12724024, -0.13384588, -0.06710738,
         -0.03498724, -0.08670252, -0.15806969, -0.2368341 ,
         -0.21707903, -0.21270971, -0.19024105, -0.16906297,
         -0.12148181, -0.10283216, -0.14484434, -0.15848856,
         -0.12651469]]], dtype=float32), reward=1), transition(observation=array([[ 0.86499923,  0.09512562,  0.03193722,  0.385955  ,  0.45721132,
         0.23339948,  0.16514051,  0.18811196, -0.05755356,  0.01840311,
        -0.00455824,  0.12150935,  0.4336043 ,  0.2977098 ,  0.3847809 ,
        -0.13809046,  0.05709796,  0.22756459, -0.1297261 ,  0.03104599,
         0.09405046,  0.13800488,  0.07014073,  0.04787709, -0.00278511,
         0.00785134, -0.07206967, -0.02506081, -0.05925366,  0.03347963,
        -0.07333124, -0.01766808,  0.06237262,  0.        ]],
      dtype=float32), activation=array([[[28.830875  , -0.14724459, -0.15261105, -0.08015326,
         -0.03144063, -0.08832182, -0.18728054, -0.30122015,
         -0.26711518, -0.2342272 , -0.18453676, -0.13670242,
         -0.0962033 , -0.0839401 , -0.12022444, -0.14273958,
         -0.1368685 ]]], dtype=float32), h_activation=array([[[ 8.2587414e+00,  3.0774312e+00,  1.2513368e+00,  3.2771683e+00,
          1.8192235e-01,  2.3366005e+00, -3.5718151e-03,  7.1977692e+00,
          3.2311448e-01, -8.1980964e-03]]], dtype=float32), o_activation=array([[[28.830875  , -0.14724459, -0.15261105, -0.08015326,
         -0.03144063, -0.08832182, -0.18728054, -0.30122015,
         -0.26711518, -0.2342272 , -0.18453676, -0.13670242,
         -0.0962033 , -0.0839401 , -0.12022444, -0.14273958,
         -0.1368685 ]]], dtype=float32), reward=1), transition(observation=array([[0., 0., 0., 0., 0., 0., 0., 0., 0., 0., 0., 0., 0., 0., 0., 0.,
        0., 0., 0., 0., 0., 0., 0., 0., 0., 0., 0., 0., 0., 0., 0., 0.,
        0., 0.]], dtype=float32), activation=array([[[-0.0535206 ,  2.144185  ,  2.2461388 , 10.947485  ,
         16.165058  ,  8.5311575 , -0.01868667, -0.15788051,
         -0.15493646, -0.12820482, -0.04385162,  2.4118738 ,
          9.108796  , 10.741357  ,  3.8860464 ,  1.3834853 ,
          3.7092004 ]]], dtype=float32), h_activation=array([[[6.4727936 , 2.8808258 , 0.9482704 , 2.5049458 , 0.52475727,
         2.0093951 , 1.0276096 , 5.7525387 , 1.1491498 , 0.09004579]]],
      dtype=float32), o_activation=array([[[-0.0535206 ,  2.144185  ,  2.2461388 , 10.947485  ,
         16.165058  ,  8.5311575 , -0.01868667, -0.15788051,
         -0.15493646, -0.12820482, -0.04385162,  2.4118738 ,
          9.108796  , 10.741357  ,  3.8860464 ,  1.3834853 ,
          3.7092004 ]]], dtype=float32), reward=1), transition(observation=array([[0., 0., 0., 0., 0., 0., 0., 0., 0., 0., 0., 0., 0., 0., 0., 0.,
        0., 0., 0., 0., 0., 0., 0., 0., 0., 0., 0., 0., 0., 0., 0., 0.,
        0., 0.]], dtype=float32), activation=array([[[-0.05618646,  1.9298539 ,  2.0455434 ,  8.303284  ,
         12.356165  ,  6.5393457 , -0.03156424, -0.15027383,
         -0.12926261, -0.08802515, -0.02331776,  2.2255263 ,
          7.1680207 ,  8.336405  ,  3.1714616 ,  1.2329607 ,
          2.8570962 ]]], dtype=float32), h_activation=array([[[4.951091  , 2.6439605 , 0.8928572 , 2.0394182 , 0.59747624,
         1.7113175 , 1.5262475 , 4.586899  , 1.4509637 , 0.15040945]]],
      dtype=float32), o_activation=array([[[-0.05618646,  1.9298539 ,  2.0455434 ,  8.303284  ,
         12.356165  ,  6.5393457 , -0.03156424, -0.15027383,
         -0.12926261, -0.08802515, -0.02331776,  2.2255263 ,
          7.1680207 ,  8.336405  ,  3.1714616 ,  1.2329607 ,
          2.8570962 ]]], dtype=float32), reward=1)], success=True), configuration(episode=26, buffer=[transition(observation=array([[1., 0., 0., 0., 0., 0., 0., 0., 0., 0., 0., 0., 0., 0., 0., 0.,
        0., 0., 0., 0., 0., 0., 0., 0., 0., 0., 0., 0., 0., 0., 0., 0.,
        0., 0.]], dtype=float32), activation=array([[[21.951925  , -0.16273472, -0.09903108, -0.06986514,
         -0.08627328, -0.08463791, -0.07808341, -0.07997513,
         -0.07514796, -0.08803788, -0.13114357, -0.16107212,
         -0.12245279, -0.08242273, -0.10989129, -0.17945905,
         -0.20810315]]], dtype=float32), h_activation=array([[[ 0.65741384,  1.0077157 ,  0.8094139 ,  1.0622857 ,
          0.5178273 ,  0.82935977, -0.00975731,  0.98335665,
          0.01363628,  0.61610925]]], dtype=float32), o_activation=array([[[21.951925  , -0.16273472, -0.09903108, -0.06986514,
         -0.08627328, -0.08463791, -0.07808341, -0.07997513,
         -0.07514796, -0.08803788, -0.13114357, -0.16107212,
         -0.12245279, -0.08242273, -0.10989129, -0.17945905,
         -0.20810315]]], dtype=float32), reward=1), transition(observation=array([[1., 0., 0., 0., 0., 0., 0., 0., 0., 0., 0., 0., 0., 0., 0., 0.,
        0., 0., 0., 0., 0., 0., 0., 0., 0., 0., 0., 0., 0., 0., 0., 0.,
        0., 0.]], dtype=float32), activation=array([[[21.146324  , -0.14792708, -0.104919  , -0.07433729,
         -0.07984799, -0.09023384, -0.08298661, -0.07847466,
         -0.07545355, -0.10006521, -0.13596888, -0.15759169,
         -0.1181853 , -0.08480775, -0.10400171, -0.15609512,
         -0.1784867 ]]], dtype=float32), h_activation=array([[[ 1.211765  ,  1.7285006 ,  1.2898107 ,  1.7559597 ,
          1.0133047 ,  1.457543  , -0.00780531,  1.724515  ,
          0.25897866,  1.0671432 ]]], dtype=float32), o_activation=array([[[21.146324  , -0.14792708, -0.104919  , -0.07433729,
         -0.07984799, -0.09023384, -0.08298661, -0.07847466,
         -0.07545355, -0.10006521, -0.13596888, -0.15759169,
         -0.1181853 , -0.08480775, -0.10400171, -0.15609512,
         -0.1784867 ]]], dtype=float32), reward=1), transition(observation=array([[1., 0., 0., 0., 0., 0., 0., 0., 0., 0., 0., 0., 0., 0., 0., 0.,
        0., 0., 0., 0., 0., 0., 0., 0., 0., 0., 0., 0., 0., 0., 0., 0.,
        0., 0.]], dtype=float32), activation=array([[[20.430962  , -0.13669364, -0.10844178, -0.08017697,
         -0.07913208, -0.09574541, -0.08695398, -0.0815801 ,
         -0.079727  , -0.10858901, -0.1358045 , -0.15104309,
         -0.11423667, -0.08659025, -0.09905452, -0.14056572,
         -0.15914483]]], dtype=float32), h_activation=array([[[ 1.6570485 ,  2.2222865 ,  1.5444682 ,  2.1770654 ,
          1.4570724 ,  1.9150693 , -0.00590907,  2.2735069 ,
          0.62183607,  1.3858216 ]]], dtype=float32), o_activation=array([[[20.430962  , -0.13669364, -0.10844178, -0.08017697,
         -0.07913208, -0.09574541, -0.08695398, -0.0815801 ,
         -0.079727  , -0.10858901, -0.1358045 , -0.15104309,
         -0.11423667, -0.08659025, -0.09905452, -0.14056572,
         -0.15914483]]], dtype=float32), reward=1), transition(observation=array([[ 0.90066797, -0.00655163, -0.08681671,  0.06945492,  0.35127902,
         0.31496492,  0.31717694,  0.17815559,  0.07232824,  0.02625584,
         0.0626936 , -0.01195324,  0.00684384,  0.40078366,  0.32787699,
         0.2061806 ,  0.01779135, -0.01191222, -0.02951104,  0.01658178,
         0.07546101,  0.00417385, -0.1775884 , -0.00435241, -0.17588523,
         0.03214428,  0.103716  , -0.12012725, -0.03554982,  0.01236313,
         0.15468377,  0.03196029, -0.02787916,  0.        ]],
      dtype=float32), activation=array([[[26.149036  , -0.14281201, -0.12858488, -0.1164811 ,
         -0.14419244, -0.16660376, -0.14791079, -0.12760672,
         -0.11740188, -0.14274777, -0.15690374, -0.16705324,
         -0.1525482 , -0.1369905 , -0.14516802, -0.17686811,
         -0.17704754]]], dtype=float32), h_activation=array([[[ 1.5383592 ,  3.3686213 ,  2.3825526 ,  2.403207  ,
          1.4814147 ,  1.6730758 , -0.01314812,  3.443177  ,
          0.3493217 , -0.00532757]]], dtype=float32), o_activation=array([[[26.149036  , -0.14281201, -0.12858488, -0.1164811 ,
         -0.14419244, -0.16660376, -0.14791079, -0.12760672,
         -0.11740188, -0.14274777, -0.15690374, -0.16705324,
         -0.1525482 , -0.1369905 , -0.14516802, -0.17686811,
         -0.17704754]]], dtype=float32), reward=1), transition(observation=array([[ 0.80521894, -0.11013748,  0.0534116 , -0.05773298,  0.36168876,
         0.35252368,  0.35878965,  0.05080727, -0.02968561, -0.01516168,
        -0.02014014,  0.06285582,  0.13818073,  0.42001826,  0.47988498,
         0.41335094, -0.07188706,  0.22643392, -0.01669545, -0.00984775,
        -0.00359904,  0.02222272, -0.03408654,  0.01574074, -0.01350681,
         0.20711163, -0.08323131, -0.05880336, -0.02396322,  0.08691701,
        -0.05634521,  0.0869376 , -0.00236892,  0.        ]],
      dtype=float32), activation=array([[[24.032063  , -0.1289512 , -0.13073584, -0.11092796,
         -0.11802304, -0.13212578, -0.12022147, -0.1257796 ,
         -0.12969346, -0.1544465 , -0.15962598, -0.18161292,
         -0.17150901, -0.12486871, -0.12961642, -0.16618367,
         -0.15313244]]], dtype=float32), h_activation=array([[[ 1.3750601 ,  3.981109  ,  2.1146383 ,  2.306147  ,
          1.3123126 ,  2.5996187 , -0.01086251,  5.601285  ,
          0.5033909 , -0.0224777 ]]], dtype=float32), o_activation=array([[[24.032063  , -0.1289512 , -0.13073584, -0.11092796,
         -0.11802304, -0.13212578, -0.12022147, -0.1257796 ,
         -0.12969346, -0.1544465 , -0.15962598, -0.18161292,
         -0.17150901, -0.12486871, -0.12961642, -0.16618367,
         -0.15313244]]], dtype=float32), reward=1), transition(observation=array([[ 1.0653572e+00,  2.1593055e-02, -3.9754875e-02,  2.6146930e-01,
         1.8448409e-01,  4.3496177e-01,  1.8961002e-01,  1.7750804e-01,
         3.0826454e-03,  1.0019955e-03, -1.7221507e-01,  6.2176984e-02,
         2.1026143e-01,  2.8869948e-01,  3.6993146e-01,  4.5930594e-02,
         3.4154121e-02, -3.1914101e-03,  1.1091422e-01, -6.3842185e-02,
         9.8345885e-03,  1.0179080e-01,  1.2426382e-01,  3.1986162e-02,
         7.8074329e-02,  7.9074260e-03,  5.0336789e-02,  2.8795417e-02,
         8.1061713e-02, -6.1478697e-02, -9.5459707e-02, -9.7933516e-02,
        -3.9392002e-02,  0.0000000e+00]], dtype=float32), activation=array([[[28.790226  , -0.1577815 , -0.16131367, -0.16171676,
         -0.14153086, -0.13066518, -0.13336812, -0.1856503 ,
         -0.18419716, -0.21369275, -0.19937608, -0.19396783,
         -0.18803564, -0.13217717, -0.0966263 , -0.14542826,
         -0.17987628]]], dtype=float32), h_activation=array([[[ 1.9816105 ,  3.7718418 ,  2.3942862 ,  1.8303323 ,
          0.70585513,  2.5613058 , -0.0101101 ,  6.3287954 ,
          0.3480192 , -0.00925505]]], dtype=float32), o_activation=array([[[28.790226  , -0.1577815 , -0.16131367, -0.16171676,
         -0.14153086, -0.13066518, -0.13336812, -0.1856503 ,
         -0.18419716, -0.21369275, -0.19937608, -0.19396783,
         -0.18803564, -0.13217717, -0.0966263 , -0.14542826,
         -0.17987628]]], dtype=float32), reward=1), transition(observation=array([[ 0.98293036,  0.016232  , -0.01340348,  0.03503076,  0.14203459,
         0.51814294,  0.32659963,  0.06062111, -0.0054081 , -0.01420007,
        -0.1595234 , -0.0238522 ,  0.07191038,  0.352154  ,  0.37301144,
         0.21446152,  0.18737362,  0.02559686, -0.04613512, -0.1481664 ,
        -0.02569209,  0.09698185,  0.12616916, -0.01484983, -0.0076649 ,
        -0.00514   , -0.0054807 ,  0.09532373, -0.11173093, -0.14402835,
         0.03552438,  0.03925635,  0.018156  ,  0.        ]],
      dtype=float32), activation=array([[[27.503742  , -0.145081  , -0.1362448 , -0.13597758,
         -0.12282205, -0.11080627, -0.1274487 , -0.20239861,
         -0.20317385, -0.23696896, -0.20241535, -0.17007062,
         -0.15572265, -0.11574893, -0.0995088 , -0.15593185,
         -0.18278225]]], dtype=float32), h_activation=array([[[ 1.8314834e+00,  4.6998949e+00,  3.1996200e+00,  9.3162489e-01,
          5.3568852e-01,  2.5642812e+00, -2.9590314e-03,  7.4904232e+00,
          6.4002931e-01, -1.3328074e-02]]], dtype=float32), o_activation=array([[[27.503742  , -0.145081  , -0.1362448 , -0.13597758,
         -0.12282205, -0.11080627, -0.1274487 , -0.20239861,
         -0.20317385, -0.23696896, -0.20241535, -0.17007062,
         -0.15572265, -0.11574893, -0.0995088 , -0.15593185,
         -0.18278225]]], dtype=float32), reward=1), transition(observation=array([[ 0.7254224 , -0.13166009, -0.09722509,  0.18329555,  0.3173596 ,
         0.42016664,  0.30811247, -0.18329571,  0.18963706,  0.0781917 ,
        -0.04922239, -0.10579653,  0.01731519,  0.37487537,  0.08983959,
         0.07280761,  0.06764843, -0.06124433,  0.04715744,  0.04995341,
         0.05211675, -0.01895628,  0.03983275,  0.12033639, -0.0482366 ,
        -0.06597282, -0.01197913, -0.12370285, -0.08936451,  0.11915966,
        -0.10358313,  0.16907674, -0.11770727,  0.        ]],
      dtype=float32), activation=array([[[16.43294   , -0.06305275, -0.0916245 , -0.12835975,
         -0.09166644, -0.04070955, -0.05768757, -0.17523824,
         -0.18637334, -0.24143875, -0.20027846, -0.14368084,
         -0.10896579, -0.05277351, -0.02893124, -0.07573642,
         -0.09565378]]], dtype=float32), h_activation=array([[[ 2.0645702e+00,  5.4047656e+00,  2.4277818e+00,  5.1403880e-02,
         -1.2575471e-03,  1.8007807e+00,  2.6200968e-01,  6.6386137e+00,
         -3.9495766e-04, -1.5704976e-02]]], dtype=float32), o_activation=array([[[16.43294   , -0.06305275, -0.0916245 , -0.12835975,
         -0.09166644, -0.04070955, -0.05768757, -0.17523824,
         -0.18637334, -0.24143875, -0.20027846, -0.14368084,
         -0.10896579, -0.05277351, -0.02893124, -0.07573642,
         -0.09565378]]], dtype=float32), reward=1), transition(observation=array([[0., 0., 0., 0., 0., 0., 0., 0., 0., 0., 0., 0., 0., 0., 0., 0.,
        0., 0., 0., 0., 0., 0., 0., 0., 0., 0., 0., 0., 0., 0., 0., 0.,
        0., 0.]], dtype=float32), activation=array([[[-0.08706434,  4.485901  ,  1.223891  ,  0.45749617,
          9.224674  , 13.443466  ,  5.7208962 , -0.08792537,
         -0.07798988, -0.10832126, -0.09496117, -0.04829747,
          0.7156685 ,  6.6417847 ,  7.0796757 ,  3.4237351 ,
          2.4734883 ]]], dtype=float32), h_activation=array([[[1.6529818e+00, 4.5436897e+00, 1.8891792e+00, 1.7662621e-01,
         2.4870431e-01, 1.6253574e+00, 6.7206746e-01, 5.2520866e+00,
         6.1033809e-01, 2.2449791e-03]]], dtype=float32), o_activation=array([[[-0.08706434,  4.485901  ,  1.223891  ,  0.45749617,
          9.224674  , 13.443466  ,  5.7208962 , -0.08792537,
         -0.07798988, -0.10832126, -0.09496117, -0.04829747,
          0.7156685 ,  6.6417847 ,  7.0796757 ,  3.4237351 ,
          2.4734883 ]]], dtype=float32), reward=1), transition(observation=array([[0., 0., 0., 0., 0., 0., 0., 0., 0., 0., 0., 0., 0., 0., 0., 0.,
        0., 0., 0., 0., 0., 0., 0., 0., 0., 0., 0., 0., 0., 0., 0., 0.,
        0., 0.]], dtype=float32), activation=array([[[-0.08464052,  3.0872307 ,  0.9259213 ,  0.4551096 ,
          7.3349266 , 10.720697  ,  4.2046957 , -0.07616006,
         -0.06088852, -0.07616094, -0.06827219, -0.03757077,
          0.49754363,  5.400903  ,  5.7259083 ,  2.5229583 ,
          1.3939309 ]]], dtype=float32), h_activation=array([[[1.276541  , 3.8588808 , 1.597939  , 0.3634442 , 0.3285735 ,
         1.4776602 , 0.81560296, 4.1914835 , 0.8800508 , 0.0506041 ]]],
      dtype=float32), o_activation=array([[[-0.08464052,  3.0872307 ,  0.9259213 ,  0.4551096 ,
          7.3349266 , 10.720697  ,  4.2046957 , -0.07616006,
         -0.06088852, -0.07616094, -0.06827219, -0.03757077,
          0.49754363,  5.400903  ,  5.7259083 ,  2.5229583 ,
          1.3939309 ]]], dtype=float32), reward=1)], success=True), configuration(episode=27, buffer=[transition(observation=array([[1., 0., 0., 0., 0., 0., 0., 0., 0., 0., 0., 0., 0., 0., 0., 0.,
        0., 0., 0., 0., 0., 0., 0., 0., 0., 0., 0., 0., 0., 0., 0., 0.,
        0., 0.]], dtype=float32), activation=array([[[21.951925  , -0.16273472, -0.09903108, -0.06986514,
         -0.08627328, -0.08463791, -0.07808341, -0.07997513,
         -0.07514796, -0.08803788, -0.13114357, -0.16107212,
         -0.12245279, -0.08242273, -0.10989129, -0.17945905,
         -0.20810315]]], dtype=float32), h_activation=array([[[ 0.65741384,  1.0077157 ,  0.8094139 ,  1.0622857 ,
          0.5178273 ,  0.82935977, -0.00975731,  0.98335665,
          0.01363628,  0.61610925]]], dtype=float32), o_activation=array([[[21.951925  , -0.16273472, -0.09903108, -0.06986514,
         -0.08627328, -0.08463791, -0.07808341, -0.07997513,
         -0.07514796, -0.08803788, -0.13114357, -0.16107212,
         -0.12245279, -0.08242273, -0.10989129, -0.17945905,
         -0.20810315]]], dtype=float32), reward=1), transition(observation=array([[1., 0., 0., 0., 0., 0., 0., 0., 0., 0., 0., 0., 0., 0., 0., 0.,
        0., 0., 0., 0., 0., 0., 0., 0., 0., 0., 0., 0., 0., 0., 0., 0.,
        0., 0.]], dtype=float32), activation=array([[[21.146324  , -0.14792708, -0.104919  , -0.07433729,
         -0.07984799, -0.09023384, -0.08298661, -0.07847466,
         -0.07545355, -0.10006521, -0.13596888, -0.15759169,
         -0.1181853 , -0.08480775, -0.10400171, -0.15609512,
         -0.1784867 ]]], dtype=float32), h_activation=array([[[ 1.211765  ,  1.7285006 ,  1.2898107 ,  1.7559597 ,
          1.0133047 ,  1.457543  , -0.00780531,  1.724515  ,
          0.25897866,  1.0671432 ]]], dtype=float32), o_activation=array([[[21.146324  , -0.14792708, -0.104919  , -0.07433729,
         -0.07984799, -0.09023384, -0.08298661, -0.07847466,
         -0.07545355, -0.10006521, -0.13596888, -0.15759169,
         -0.1181853 , -0.08480775, -0.10400171, -0.15609512,
         -0.1784867 ]]], dtype=float32), reward=1), transition(observation=array([[1., 0., 0., 0., 0., 0., 0., 0., 0., 0., 0., 0., 0., 0., 0., 0.,
        0., 0., 0., 0., 0., 0., 0., 0., 0., 0., 0., 0., 0., 0., 0., 0.,
        0., 0.]], dtype=float32), activation=array([[[20.430962  , -0.13669364, -0.10844178, -0.08017697,
         -0.07913208, -0.09574541, -0.08695398, -0.0815801 ,
         -0.079727  , -0.10858901, -0.1358045 , -0.15104309,
         -0.11423667, -0.08659025, -0.09905452, -0.14056572,
         -0.15914483]]], dtype=float32), h_activation=array([[[ 1.6570485 ,  2.2222865 ,  1.5444682 ,  2.1770654 ,
          1.4570724 ,  1.9150693 , -0.00590907,  2.2735069 ,
          0.62183607,  1.3858216 ]]], dtype=float32), o_activation=array([[[20.430962  , -0.13669364, -0.10844178, -0.08017697,
         -0.07913208, -0.09574541, -0.08695398, -0.0815801 ,
         -0.079727  , -0.10858901, -0.1358045 , -0.15104309,
         -0.11423667, -0.08659025, -0.09905452, -0.14056572,
         -0.15914483]]], dtype=float32), reward=1), transition(observation=array([[ 1.0845045 ,  0.08612723,  0.32446188,  0.31590784,  0.37389338,
        -0.00751489, -0.0894131 ,  0.1118333 , -0.20101504, -0.11610268,
         0.13860348,  0.06291914,  0.05245122, -0.07219652, -0.02247969,
         0.15425654,  0.4945995 , -0.06195086, -0.18927151,  0.07238467,
         0.01705703, -0.19835456, -0.06437481, -0.11006722,  0.26123476,
         0.11999166,  0.24832807, -0.04961212,  0.11582777, -0.0450095 ,
         0.12207703, -0.0373015 , -0.02049242,  0.        ]],
      dtype=float32), activation=array([[[28.479485  , -0.21978217, -0.19682445, -0.16883469,
         -0.15658537, -0.14800228, -0.127135  , -0.12172648,
         -0.12514162, -0.14320908, -0.16473949, -0.17141166,
         -0.14720899, -0.12600142, -0.13278191, -0.19342314,
         -0.23125154]]], dtype=float32), h_activation=array([[[4.1242304 , 2.7102606 , 2.7331557 , 5.185199  , 1.3218559 ,
         1.4866611 , 0.88211447, 4.787323  , 1.4458091 , 2.499277  ]]],
      dtype=float32), o_activation=array([[[28.479485  , -0.21978217, -0.19682445, -0.16883469,
         -0.15658537, -0.14800228, -0.127135  , -0.12172648,
         -0.12514162, -0.14320908, -0.16473949, -0.17141166,
         -0.14720899, -0.12600142, -0.13278191, -0.19342314,
         -0.23125154]]], dtype=float32), reward=1), transition(observation=array([[ 0.88440615,  0.18858995,  0.28278902,  0.3945974 ,  0.31929502,
         0.06499044, -0.0580979 ,  0.14552581, -0.07318186, -0.06059375,
        -0.02372334, -0.16058755,  0.02454782,  0.09377401,  0.07655929,
         0.21360306,  0.51679194, -0.06760599, -0.01535512, -0.05950284,
        -0.03851567, -0.04234999,  0.14041848, -0.2176524 , -0.05780757,
        -0.0645079 , -0.03340139, -0.1156242 ,  0.05342285, -0.08484103,
         0.09783403,  0.02929251, -0.02896819,  0.        ]],
      dtype=float32), activation=array([[[23.922459  , -0.18521202, -0.1553983 , -0.08060146,
         -0.07622189, -0.13531879, -0.14399488, -0.1611157 ,
         -0.18692414, -0.18620086, -0.12266279, -0.1078312 ,
         -0.1143337 , -0.13374412, -0.13487434, -0.1460437 ,
         -0.15911116]]], dtype=float32), h_activation=array([[[5.3944607 , 3.0846975 , 4.2415915 , 6.262642  , 1.2990768 ,
         0.77943254, 2.4078865 , 6.6716833 , 0.8164575 , 3.1275046 ]]],
      dtype=float32), o_activation=array([[[23.922459  , -0.18521202, -0.1553983 , -0.08060146,
         -0.07622189, -0.13531879, -0.14399488, -0.1611157 ,
         -0.18692414, -0.18620086, -0.12266279, -0.1078312 ,
         -0.1143337 , -0.13374412, -0.13487434, -0.1460437 ,
         -0.15911116]]], dtype=float32), reward=1), transition(observation=array([[ 1.1272755 ,  0.3876877 ,  0.5232522 ,  0.3843393 ,  0.16285159,
         0.04851883,  0.05218874,  0.07362331, -0.14742175,  0.0646154 ,
        -0.01910604,  0.02300726,  0.09257101,  0.0528032 ,  0.09303163,
         0.14729646,  0.3116133 , -0.021249  ,  0.04940829,  0.13033882,
         0.1157432 , -0.11277952, -0.13994469, -0.11128442, -0.10710414,
         0.046177  ,  0.04953383, -0.12141176, -0.06561881, -0.06493454,
        -0.05452732, -0.11779309,  0.07870423,  0.        ]],
      dtype=float32), activation=array([[[34.583942  , -0.19898227, -0.17169186, -0.07194018,
         -0.07062265, -0.17164661, -0.22173394, -0.24983591,
         -0.2755791 , -0.26330185, -0.18398316, -0.16944975,
         -0.15385692, -0.16407083, -0.1605902 , -0.14622265,
         -0.14762145]]], dtype=float32), h_activation=array([[[ 6.4069886e+00,  3.0081160e+00,  4.7627444e+00,  5.9538860e+00,
          2.1757588e+00, -6.2117900e-04,  3.1490707e+00,  8.4382019e+00,
          1.5887581e+00,  4.8313184e+00]]], dtype=float32), o_activation=array([[[34.583942  , -0.19898227, -0.17169186, -0.07194018,
         -0.07062265, -0.17164661, -0.22173394, -0.24983591,
         -0.2755791 , -0.26330185, -0.18398316, -0.16944975,
         -0.15385692, -0.16407083, -0.1605902 , -0.14622265,
         -0.14762145]]], dtype=float32), reward=1), transition(observation=array([[ 1.0518607 ,  0.28565347,  0.28276134,  0.38926983,  0.2257121 ,
        -0.03387117, -0.06108829,  0.13305876,  0.0403323 , -0.09137052,
        -0.02793645,  0.02616835,  0.07221537, -0.0461228 ,  0.2783592 ,
         0.10731594,  0.36761245, -0.17273578, -0.0327236 ,  0.12246496,
        -0.04693567,  0.03221451,  0.10256051,  0.004499  ,  0.1432947 ,
         0.13473086, -0.14580299, -0.05583469, -0.10822642, -0.11228952,
         0.1632479 , -0.00417181, -0.11801124,  0.        ]],
      dtype=float32), activation=array([[[ 3.12932549e+01, -1.28382668e-01, -9.38963667e-02,
         -2.24322323e-02, -5.93442731e-02, -1.72987878e-01,
         -2.30009258e-01, -2.87415057e-01, -3.08620661e-01,
         -2.88694829e-01, -1.74365491e-01, -1.42777234e-01,
         -1.38421386e-01, -1.66541457e-01, -1.51600227e-01,
         -1.31917015e-01, -1.12856135e-01]]], dtype=float32), h_activation=array([[[6.6306443, 2.8220003, 5.0497584, 6.557976 , 2.5622869,
         0.2199018, 3.545724 , 9.212366 , 1.5747552, 5.361899 ]]],
      dtype=float32), o_activation=array([[[ 3.12932549e+01, -1.28382668e-01, -9.38963667e-02,
         -2.24322323e-02, -5.93442731e-02, -1.72987878e-01,
         -2.30009258e-01, -2.87415057e-01, -3.08620661e-01,
         -2.88694829e-01, -1.74365491e-01, -1.42777234e-01,
         -1.38421386e-01, -1.66541457e-01, -1.51600227e-01,
         -1.31917015e-01, -1.12856135e-01]]], dtype=float32), reward=1), transition(observation=array([[ 1.01931620e+00,  2.75276899e-01,  3.61023545e-01,
         3.66190255e-01,  1.79820701e-01,  1.57369934e-02,
        -6.89097121e-02,  8.30557123e-02,  2.76376188e-01,
         1.11364603e-01, -7.50378313e-05,  3.28631029e-02,
         1.54323783e-02,  1.13844685e-01,  1.69788361e-01,
         1.08488038e-01,  2.93067545e-01, -1.28174517e-02,
        -1.77704263e-02, -5.42730466e-02,  5.33023290e-03,
        -2.15130240e-01,  4.38503213e-02,  1.32401928e-01,
         1.35831699e-01, -5.04897535e-02, -5.02604134e-02,
        -4.35744040e-02,  3.38719552e-03,  9.79255065e-02,
         1.54214762e-02, -9.70276967e-02, -2.34773353e-01,
         0.00000000e+00]], dtype=float32), activation=array([[[ 3.19682159e+01, -1.17048301e-01, -7.91804567e-02,
         -1.07566165e-02, -6.28813133e-02, -1.91210777e-01,
         -2.47987822e-01, -3.04958194e-01, -3.38359088e-01,
         -3.25837702e-01, -1.92072332e-01, -1.49422377e-01,
         -1.43567577e-01, -1.70040473e-01, -1.41515166e-01,
         -1.10639147e-01, -9.49156731e-02]]], dtype=float32), h_activation=array([[[6.415628  , 2.9204113 , 4.600279  , 6.008275  , 3.335717  ,
         0.44335315, 4.2085648 , 8.723897  , 1.1324016 , 6.3207946 ]]],
      dtype=float32), o_activation=array([[[ 3.19682159e+01, -1.17048301e-01, -7.91804567e-02,
         -1.07566165e-02, -6.28813133e-02, -1.91210777e-01,
         -2.47987822e-01, -3.04958194e-01, -3.38359088e-01,
         -3.25837702e-01, -1.92072332e-01, -1.49422377e-01,
         -1.43567577e-01, -1.70040473e-01, -1.41515166e-01,
         -1.10639147e-01, -9.49156731e-02]]], dtype=float32), reward=1), transition(observation=array([[0., 0., 0., 0., 0., 0., 0., 0., 0., 0., 0., 0., 0., 0., 0., 0.,
        0., 0., 0., 0., 0., 0., 0., 0., 0., 0., 0., 0., 0., 0., 0., 0.,
        0., 0.]], dtype=float32), activation=array([[[-4.9737837e-02,  1.1636073e+01,  1.3359429e+01,  1.7191410e+01,
          9.7196398e+00, -6.9943123e-02, -1.3723920e-01, -1.5234654e-01,
         -1.3134474e-01, -1.2666370e-01, -3.2016214e-02, -2.6496626e-03,
          2.0334015e+00, -7.3121213e-03,  2.2961006e+00,  9.5447788e+00,
          1.3714769e+01]]], dtype=float32), h_activation=array([[[4.7638206 , 2.5892625 , 3.678908  , 4.576122  , 2.8264365 ,
         0.48810792, 3.8820634 , 6.5470467 , 1.6203789 , 4.6889873 ]]],
      dtype=float32), o_activation=array([[[-4.9737837e-02,  1.1636073e+01,  1.3359429e+01,  1.7191410e+01,
          9.7196398e+00, -6.9943123e-02, -1.3723920e-01, -1.5234654e-01,
         -1.3134474e-01, -1.2666370e-01, -3.2016214e-02, -2.6496626e-03,
          2.0334015e+00, -7.3121213e-03,  2.2961006e+00,  9.5447788e+00,
          1.3714769e+01]]], dtype=float32), reward=1), transition(observation=array([[0., 0., 0., 0., 0., 0., 0., 0., 0., 0., 0., 0., 0., 0., 0., 0.,
        0., 0., 0., 0., 0., 0., 0., 0., 0., 0., 0., 0., 0., 0., 0., 0.,
        0., 0.]], dtype=float32), activation=array([[[-5.52206933e-02,  8.51251316e+00,  9.90637207e+00,
          1.28018188e+01,  7.17472696e+00, -5.17460555e-02,
         -1.07709415e-01, -1.24519497e-01, -1.00432850e-01,
         -8.50578398e-02, -1.72855128e-02, -3.67908459e-03,
          1.40966368e+00, -2.01306818e-03,  1.86835945e+00,
          7.04161692e+00,  1.00663567e+01]]], dtype=float32), h_activation=array([[[3.4668708 , 2.321423  , 3.1061244 , 3.642158  , 2.2856848 ,
         0.52639854, 3.3477674 , 4.9434032 , 1.6885035 , 3.5128562 ]]],
      dtype=float32), o_activation=array([[[-5.52206933e-02,  8.51251316e+00,  9.90637207e+00,
          1.28018188e+01,  7.17472696e+00, -5.17460555e-02,
         -1.07709415e-01, -1.24519497e-01, -1.00432850e-01,
         -8.50578398e-02, -1.72855128e-02, -3.67908459e-03,
          1.40966368e+00, -2.01306818e-03,  1.86835945e+00,
          7.04161692e+00,  1.00663567e+01]]], dtype=float32), reward=1)], success=True), configuration(episode=28, buffer=[transition(observation=array([[1., 0., 0., 0., 0., 0., 0., 0., 0., 0., 0., 0., 0., 0., 0., 0.,
        0., 0., 0., 0., 0., 0., 0., 0., 0., 0., 0., 0., 0., 0., 0., 0.,
        0., 0.]], dtype=float32), activation=array([[[21.951925  , -0.16273472, -0.09903108, -0.06986514,
         -0.08627328, -0.08463791, -0.07808341, -0.07997513,
         -0.07514796, -0.08803788, -0.13114357, -0.16107212,
         -0.12245279, -0.08242273, -0.10989129, -0.17945905,
         -0.20810315]]], dtype=float32), h_activation=array([[[ 0.65741384,  1.0077157 ,  0.8094139 ,  1.0622857 ,
          0.5178273 ,  0.82935977, -0.00975731,  0.98335665,
          0.01363628,  0.61610925]]], dtype=float32), o_activation=array([[[21.951925  , -0.16273472, -0.09903108, -0.06986514,
         -0.08627328, -0.08463791, -0.07808341, -0.07997513,
         -0.07514796, -0.08803788, -0.13114357, -0.16107212,
         -0.12245279, -0.08242273, -0.10989129, -0.17945905,
         -0.20810315]]], dtype=float32), reward=1), transition(observation=array([[1., 0., 0., 0., 0., 0., 0., 0., 0., 0., 0., 0., 0., 0., 0., 0.,
        0., 0., 0., 0., 0., 0., 0., 0., 0., 0., 0., 0., 0., 0., 0., 0.,
        0., 0.]], dtype=float32), activation=array([[[21.146324  , -0.14792708, -0.104919  , -0.07433729,
         -0.07984799, -0.09023384, -0.08298661, -0.07847466,
         -0.07545355, -0.10006521, -0.13596888, -0.15759169,
         -0.1181853 , -0.08480775, -0.10400171, -0.15609512,
         -0.1784867 ]]], dtype=float32), h_activation=array([[[ 1.211765  ,  1.7285006 ,  1.2898107 ,  1.7559597 ,
          1.0133047 ,  1.457543  , -0.00780531,  1.724515  ,
          0.25897866,  1.0671432 ]]], dtype=float32), o_activation=array([[[21.146324  , -0.14792708, -0.104919  , -0.07433729,
         -0.07984799, -0.09023384, -0.08298661, -0.07847466,
         -0.07545355, -0.10006521, -0.13596888, -0.15759169,
         -0.1181853 , -0.08480775, -0.10400171, -0.15609512,
         -0.1784867 ]]], dtype=float32), reward=1), transition(observation=array([[1., 0., 0., 0., 0., 0., 0., 0., 0., 0., 0., 0., 0., 0., 0., 0.,
        0., 0., 0., 0., 0., 0., 0., 0., 0., 0., 0., 0., 0., 0., 0., 0.,
        0., 0.]], dtype=float32), activation=array([[[20.430962  , -0.13669364, -0.10844178, -0.08017697,
         -0.07913208, -0.09574541, -0.08695398, -0.0815801 ,
         -0.079727  , -0.10858901, -0.1358045 , -0.15104309,
         -0.11423667, -0.08659025, -0.09905452, -0.14056572,
         -0.15914483]]], dtype=float32), h_activation=array([[[ 1.6570485 ,  2.2222865 ,  1.5444682 ,  2.1770654 ,
          1.4570724 ,  1.9150693 , -0.00590907,  2.2735069 ,
          0.62183607,  1.3858216 ]]], dtype=float32), o_activation=array([[[20.430962  , -0.13669364, -0.10844178, -0.08017697,
         -0.07913208, -0.09574541, -0.08695398, -0.0815801 ,
         -0.079727  , -0.10858901, -0.1358045 , -0.15104309,
         -0.11423667, -0.08659025, -0.09905452, -0.14056572,
         -0.15914483]]], dtype=float32), reward=1), transition(observation=array([[ 0.98623884, -0.01096633,  0.04836139,  0.30835223,  0.63664716,
         0.5445344 ,  0.33104372, -0.04268397, -0.0278705 ,  0.08907969,
         0.0395494 ,  0.08415761, -0.20929225,  0.05218013,  0.11166891,
        -0.01065391, -0.02010992, -0.20782427, -0.0011464 ,  0.06783223,
         0.13865447, -0.00129682, -0.05087197,  0.03668792, -0.04982195,
        -0.02413059,  0.01394224,  0.01514204,  0.01030275,  0.02128152,
         0.11681975, -0.16799316,  0.00674102,  0.        ]],
      dtype=float32), activation=array([[[27.131065  , -0.15253606, -0.15699331, -0.16536938,
         -0.18778509, -0.19668035, -0.15789358, -0.12207536,
         -0.10612673, -0.13318522, -0.15521535, -0.16073379,
         -0.12440353, -0.0952363 , -0.10310241, -0.14450665,
         -0.16950738]]], dtype=float32), h_activation=array([[[ 1.9572382e+00,  4.2375932e+00,  5.9831524e-01,  2.6526470e+00,
         -2.4271526e-03, -4.0433407e-03, -1.5091407e-02,  3.7416120e+00,
          8.4405184e-01,  5.8669746e-01]]], dtype=float32), o_activation=array([[[27.131065  , -0.15253606, -0.15699331, -0.16536938,
         -0.18778509, -0.19668035, -0.15789358, -0.12207536,
         -0.10612673, -0.13318522, -0.15521535, -0.16073379,
         -0.12440353, -0.0952363 , -0.10310241, -0.14450665,
         -0.16950738]]], dtype=float32), reward=1), transition(observation=array([[ 0.9722262 ,  0.13960522,  0.28267047,  0.5859047 ,  0.47489458,
         0.6203814 ,  0.3178896 ,  0.06650292,  0.14186023, -0.11058822,
         0.06231491,  0.1047503 ,  0.0479147 , -0.06721056, -0.04643753,
         0.22890665,  0.00492097, -0.02474349, -0.03966639, -0.02591999,
        -0.00601857,  0.15400404,  0.00846118,  0.16111748,  0.20115499,
        -0.06902587,  0.09788316,  0.04819539,  0.18076803, -0.06388641,
         0.05888531, -0.10235191, -0.04801095,  0.        ]],
      dtype=float32), activation=array([[[30.173302  , -0.1970407 , -0.18602827, -0.1544771 ,
         -0.11954776, -0.11583036, -0.15320641, -0.20180432,
         -0.18956168, -0.1643986 , -0.15976934, -0.18117628,
         -0.17486799, -0.12859927, -0.11381736, -0.16287751,
         -0.20261161]]], dtype=float32), h_activation=array([[[ 2.4159689e+00,  4.2381330e+00, -2.3769098e-03,  3.5664039e+00,
         -2.2904374e-02, -1.1310498e-02, -5.1798681e-03,  5.3131084e+00,
          1.7137516e+00,  1.6861084e+00]]], dtype=float32), o_activation=array([[[30.173302  , -0.1970407 , -0.18602827, -0.1544771 ,
         -0.11954776, -0.11583036, -0.15320641, -0.20180432,
         -0.18956168, -0.1643986 , -0.15976934, -0.18117628,
         -0.17486799, -0.12859927, -0.11381736, -0.16287751,
         -0.20261161]]], dtype=float32), reward=1), transition(observation=array([[ 1.034336  ,  0.03035945,  0.24539138,  0.47200376,  0.5006392 ,
         0.43764648,  0.15712175,  0.07321246, -0.06368521, -0.09229056,
        -0.13881288,  0.0338505 , -0.01743225, -0.02926105,  0.01115976,
        -0.03928439, -0.08624338,  0.01598278, -0.05396616,  0.10677841,
         0.10200685, -0.06673396,  0.1420584 ,  0.00411747,  0.0969575 ,
         0.00506987, -0.01055375,  0.19491963,  0.01192233,  0.1042164 ,
        -0.08521866, -0.05918819,  0.13760595,  0.        ]],
      dtype=float32), activation=array([[[24.301771  , -0.1620072 , -0.13589177, -0.11259379,
         -0.0780699 , -0.08376755, -0.12645826, -0.19478495,
         -0.18083882, -0.16481176, -0.12859872, -0.1399546 ,
         -0.16455683, -0.1428849 , -0.09228197, -0.11851335,
         -0.16777423]]], dtype=float32), h_activation=array([[[ 2.9594839e+00,  3.7479682e+00, -6.0666003e-03,  3.6158524e+00,
         -2.0268358e-02, -1.6700190e-02, -9.6304417e-03,  6.3706503e+00,
          1.4242253e+00,  1.7792089e+00]]], dtype=float32), o_activation=array([[[24.301771  , -0.1620072 , -0.13589177, -0.11259379,
         -0.0780699 , -0.08376755, -0.12645826, -0.19478495,
         -0.18083882, -0.16481176, -0.12859872, -0.1399546 ,
         -0.16455683, -0.1428849 , -0.09228197, -0.11851335,
         -0.16777423]]], dtype=float32), reward=1), transition(observation=array([[ 1.0152162 , -0.0125086 ,  0.14527385,  0.23829477,  0.61322564,
         0.5041416 ,  0.22467324,  0.08393641,  0.07205078,  0.0135069 ,
         0.00833545,  0.09220561,  0.02132831, -0.13331051, -0.13165762,
        -0.0560489 ,  0.09177414, -0.10427253,  0.0151909 , -0.01026211,
         0.15014394, -0.04766914, -0.0664923 ,  0.17081904, -0.08336774,
         0.09281914, -0.06803355, -0.05079347,  0.0363576 ,  0.05762147,
         0.03554106, -0.14193127,  0.0157775 ,  0.        ]],
      dtype=float32), activation=array([[[26.661617  , -0.14822431, -0.10743193, -0.08581607,
         -0.08000973, -0.09770544, -0.14297126, -0.22563966,
         -0.2246829 , -0.21627842, -0.1625764 , -0.15407287,
         -0.15971474, -0.12281944, -0.07238089, -0.10960548,
         -0.17048661]]], dtype=float32), h_activation=array([[[ 3.3367138e+00,  4.9216247e+00, -4.6764067e-03,  3.7685137e+00,
         -1.9859234e-02, -1.0619007e-02, -7.5193583e-03,  5.8147440e+00,
          2.0336571e+00,  2.1269288e+00]]], dtype=float32), o_activation=array([[[26.661617  , -0.14822431, -0.10743193, -0.08581607,
         -0.08000973, -0.09770544, -0.14297126, -0.22563966,
         -0.2246829 , -0.21627842, -0.1625764 , -0.15407287,
         -0.15971474, -0.12281944, -0.07238089, -0.10960548,
         -0.17048661]]], dtype=float32), reward=1), transition(observation=array([[ 1.0753586 ,  0.01033489,  0.23727064,  0.45561773,  0.71371824,
         0.6049072 ,  0.37474072,  0.05117208,  0.03129633,  0.01628523,
         0.11766589, -0.10700576,  0.10223546,  0.06561384, -0.10539904,
         0.12696728,  0.07869092,  0.08047011,  0.04746796,  0.02939131,
         0.0350809 , -0.06222567,  0.06234081,  0.02839183,  0.05442434,
        -0.00742777,  0.04915651,  0.08585311, -0.18051094, -0.05306489,
         0.04099574,  0.00831176,  0.13003635,  0.        ]],
      dtype=float32), activation=array([[[30.923855  , -0.17689762, -0.15728658, -0.13644847,
         -0.11128835, -0.11758493, -0.17367233, -0.251528  ,
         -0.2366363 , -0.21071374, -0.16300741, -0.16476713,
         -0.18548128, -0.17109646, -0.12688817, -0.15317562,
         -0.19426495]]], dtype=float32), h_activation=array([[[ 3.9909511e+00,  5.5241461e+00, -3.1821488e-03,  3.8037653e+00,
         -2.0901954e-02, -1.8569892e-02, -5.6306719e-05,  6.3591776e+00,
          2.0221765e+00,  1.5235432e+00]]], dtype=float32), o_activation=array([[[30.923855  , -0.17689762, -0.15728658, -0.13644847,
         -0.11128835, -0.11758493, -0.17367233, -0.251528  ,
         -0.2366363 , -0.21071374, -0.16300741, -0.16476713,
         -0.18548128, -0.17109646, -0.12688817, -0.15317562,
         -0.19426495]]], dtype=float32), reward=1), transition(observation=array([[0., 0., 0., 0., 0., 0., 0., 0., 0., 0., 0., 0., 0., 0., 0., 0.,
        0., 0., 0., 0., 0., 0., 0., 0., 0., 0., 0., 0., 0., 0., 0., 0.,
        0., 0.]], dtype=float32), activation=array([[[-1.0235590e-01,  2.2071099e+00,  3.8956764e+00,  9.8919220e+00,
          1.6739479e+01,  1.4001692e+01,  3.8201804e+00, -9.6539296e-02,
         -9.9406831e-02, -7.4408002e-02, -9.7352052e-03, -3.7661719e-03,
         -2.5172705e-02, -6.9651268e-03,  2.5940108e+00,  2.6605501e+00,
          2.2181888e+00]]], dtype=float32), h_activation=array([[[ 3.1419222e+00,  4.5448351e+00, -7.2464882e-04,  2.9054260e+00,
          2.9256606e-01,  3.2788557e-01,  7.8371054e-01,  5.0451870e+00,
          2.3710291e+00,  1.2422298e+00]]], dtype=float32), o_activation=array([[[-1.0235590e-01,  2.2071099e+00,  3.8956764e+00,  9.8919220e+00,
          1.6739479e+01,  1.4001692e+01,  3.8201804e+00, -9.6539296e-02,
         -9.9406831e-02, -7.4408002e-02, -9.7352052e-03, -3.7661719e-03,
         -2.5172705e-02, -6.9651268e-03,  2.5940108e+00,  2.6605501e+00,
          2.2181888e+00]]], dtype=float32), reward=0), transition(observation=array([[0., 0., 0., 0., 0., 0., 0., 0., 0., 0., 0., 0., 0., 0., 0., 0.,
        0., 0., 0., 0., 0., 0., 0., 0., 0., 0., 0., 0., 0., 0., 0., 0.,
        0., 0.]], dtype=float32), activation=array([[[-9.4946869e-02,  1.6252537e+00,  3.1683211e+00,  7.3493047e+00,
          1.2489552e+01,  1.0660360e+01,  1.9075068e+00, -9.3183056e-02,
         -8.1717111e-02, -4.9882673e-02, -1.2044847e-03,  9.3992710e-02,
         -1.6133074e-02, -3.3835219e-03,  2.2497253e+00,  2.1255536e+00,
          1.3497205e+00]]], dtype=float32), h_activation=array([[[2.3822207 , 3.767903  , 0.10498729, 2.3426023 , 0.37618998,
         0.52533567, 1.1440604 , 4.0133104 , 2.345376  , 1.0300485 ]]],
      dtype=float32), o_activation=array([[[-9.4946869e-02,  1.6252537e+00,  3.1683211e+00,  7.3493047e+00,
          1.2489552e+01,  1.0660360e+01,  1.9075068e+00, -9.3183056e-02,
         -8.1717111e-02, -4.9882673e-02, -1.2044847e-03,  9.3992710e-02,
         -1.6133074e-02, -3.3835219e-03,  2.2497253e+00,  2.1255536e+00,
          1.3497205e+00]]], dtype=float32), reward=0)], success=False), configuration(episode=29, buffer=[transition(observation=array([[1., 0., 0., 0., 0., 0., 0., 0., 0., 0., 0., 0., 0., 0., 0., 0.,
        0., 0., 0., 0., 0., 0., 0., 0., 0., 0., 0., 0., 0., 0., 0., 0.,
        0., 0.]], dtype=float32), activation=array([[[21.951925  , -0.16273472, -0.09903108, -0.06986514,
         -0.08627328, -0.08463791, -0.07808341, -0.07997513,
         -0.07514796, -0.08803788, -0.13114357, -0.16107212,
         -0.12245279, -0.08242273, -0.10989129, -0.17945905,
         -0.20810315]]], dtype=float32), h_activation=array([[[ 0.65741384,  1.0077157 ,  0.8094139 ,  1.0622857 ,
          0.5178273 ,  0.82935977, -0.00975731,  0.98335665,
          0.01363628,  0.61610925]]], dtype=float32), o_activation=array([[[21.951925  , -0.16273472, -0.09903108, -0.06986514,
         -0.08627328, -0.08463791, -0.07808341, -0.07997513,
         -0.07514796, -0.08803788, -0.13114357, -0.16107212,
         -0.12245279, -0.08242273, -0.10989129, -0.17945905,
         -0.20810315]]], dtype=float32), reward=1), transition(observation=array([[1., 0., 0., 0., 0., 0., 0., 0., 0., 0., 0., 0., 0., 0., 0., 0.,
        0., 0., 0., 0., 0., 0., 0., 0., 0., 0., 0., 0., 0., 0., 0., 0.,
        0., 0.]], dtype=float32), activation=array([[[21.146324  , -0.14792708, -0.104919  , -0.07433729,
         -0.07984799, -0.09023384, -0.08298661, -0.07847466,
         -0.07545355, -0.10006521, -0.13596888, -0.15759169,
         -0.1181853 , -0.08480775, -0.10400171, -0.15609512,
         -0.1784867 ]]], dtype=float32), h_activation=array([[[ 1.211765  ,  1.7285006 ,  1.2898107 ,  1.7559597 ,
          1.0133047 ,  1.457543  , -0.00780531,  1.724515  ,
          0.25897866,  1.0671432 ]]], dtype=float32), o_activation=array([[[21.146324  , -0.14792708, -0.104919  , -0.07433729,
         -0.07984799, -0.09023384, -0.08298661, -0.07847466,
         -0.07545355, -0.10006521, -0.13596888, -0.15759169,
         -0.1181853 , -0.08480775, -0.10400171, -0.15609512,
         -0.1784867 ]]], dtype=float32), reward=1), transition(observation=array([[1., 0., 0., 0., 0., 0., 0., 0., 0., 0., 0., 0., 0., 0., 0., 0.,
        0., 0., 0., 0., 0., 0., 0., 0., 0., 0., 0., 0., 0., 0., 0., 0.,
        0., 0.]], dtype=float32), activation=array([[[20.430962  , -0.13669364, -0.10844178, -0.08017697,
         -0.07913208, -0.09574541, -0.08695398, -0.0815801 ,
         -0.079727  , -0.10858901, -0.1358045 , -0.15104309,
         -0.11423667, -0.08659025, -0.09905452, -0.14056572,
         -0.15914483]]], dtype=float32), h_activation=array([[[ 1.6570485 ,  2.2222865 ,  1.5444682 ,  2.1770654 ,
          1.4570724 ,  1.9150693 , -0.00590907,  2.2735069 ,
          0.62183607,  1.3858216 ]]], dtype=float32), o_activation=array([[[20.430962  , -0.13669364, -0.10844178, -0.08017697,
         -0.07913208, -0.09574541, -0.08695398, -0.0815801 ,
         -0.079727  , -0.10858901, -0.1358045 , -0.15104309,
         -0.11423667, -0.08659025, -0.09905452, -0.14056572,
         -0.15914483]]], dtype=float32), reward=1), transition(observation=array([[ 0.7430155 ,  0.0375032 ,  0.0340703 ,  0.02508163,  0.4952442 ,
         0.5947529 ,  0.16152078,  0.28024545,  0.11603169, -0.00910085,
         0.21668164,  0.27272254,  0.28388914,  0.2201011 ,  0.11102971,
        -0.11155012,  0.01752243,  0.05260167,  0.04466394, -0.06067142,
         0.16482367,  0.09708221,  0.16810323, -0.04008288, -0.02306254,
        -0.21702015,  0.02370179, -0.04507094, -0.04546336, -0.00434124,
        -0.14804338, -0.04810033, -0.00128149,  0.        ]],
      dtype=float32), activation=array([[[24.461273  , -0.12324396, -0.1268767 , -0.1199733 ,
         -0.14798206, -0.16864581, -0.14713441, -0.12002834,
         -0.10740364, -0.13933603, -0.17697288, -0.18816772,
         -0.15461618, -0.11169111, -0.1023837 , -0.1214373 ,
         -0.13745028]]], dtype=float32), h_activation=array([[[ 2.7615943 ,  3.738024  ,  1.5610883 ,  2.2453604 ,
          0.39613304,  1.7037622 , -0.02694157,  2.3103204 ,
          1.3056742 ,  1.0221004 ]]], dtype=float32), o_activation=array([[[24.461273  , -0.12324396, -0.1268767 , -0.1199733 ,
         -0.14798206, -0.16864581, -0.14713441, -0.12002834,
         -0.10740364, -0.13933603, -0.17697288, -0.18816772,
         -0.15461618, -0.11169111, -0.1023837 , -0.1214373 ,
         -0.13745028]]], dtype=float32), reward=1), transition(observation=array([[ 1.1741513 ,  0.3386702 , -0.09983051, -0.02125485,  0.49575606,
         0.5746099 ,  0.10894966, -0.03253387,  0.22569992,  0.09759744,
         0.23182608,  0.39153415,  0.09356393, -0.00477349, -0.11754259,
        -0.25379464, -0.0622319 ,  0.11748584,  0.1131167 ,  0.07528722,
        -0.18836063, -0.07426127,  0.0120267 ,  0.1154577 ,  0.01409713,
         0.00534127,  0.01101886, -0.15020213, -0.12475049,  0.01518202,
        -0.0267373 , -0.08162469, -0.12410852,  0.        ]],
      dtype=float32), activation=array([[[33.280796  , -0.16339347, -0.18958288, -0.16287571,
         -0.13585475, -0.13635078, -0.15870136, -0.18108635,
         -0.17046782, -0.18242475, -0.21578343, -0.21877207,
         -0.16227937, -0.12584522, -0.13832933, -0.1607119 ,
         -0.16803567]]], dtype=float32), h_activation=array([[[ 4.1510034 ,  6.69445   ,  0.85879713,  1.6499717 ,
          0.06171598,  1.4334058 , -0.02544119,  1.9175131 ,
          2.3970523 ,  2.557438  ]]], dtype=float32), o_activation=array([[[33.280796  , -0.16339347, -0.18958288, -0.16287571,
         -0.13585475, -0.13635078, -0.15870136, -0.18108635,
         -0.17046782, -0.18242475, -0.21578343, -0.21877207,
         -0.16227937, -0.12584522, -0.13832933, -0.1607119 ,
         -0.16803567]]], dtype=float32), reward=1), transition(observation=array([[ 1.1014445 , -0.08238462, -0.08836931,  0.16695997,  0.32184532,
         0.2914116 ,  0.29322794,  0.14361836, -0.23930739,  0.26805854,
         0.11917534,  0.43596366,  0.2206015 ,  0.04740332,  0.00600391,
         0.15415767, -0.07548217, -0.17413425, -0.01025341,  0.16333064,
         0.21379761,  0.20754024,  0.11266872,  0.0731483 ,  0.06746095,
        -0.14086865, -0.00163059, -0.0216673 ,  0.05997384,  0.08399896,
        -0.06660052, -0.11673225,  0.0640642 ,  0.        ]],
      dtype=float32), activation=array([[[29.0676    , -0.10703067, -0.17210445, -0.15431654,
         -0.07597123, -0.06034086, -0.15041204, -0.21018815,
         -0.14697424, -0.12691024, -0.19430119, -0.20117688,
         -0.16017962, -0.18374062, -0.21147482, -0.19083636,
         -0.13618448]]], dtype=float32), h_activation=array([[[ 4.6723504 ,  6.4783535 ,  0.16843086,  2.8980746 ,
          0.05163745,  2.3215017 , -0.00737577,  2.5380237 ,
          4.403865  ,  1.20871   ]]], dtype=float32), o_activation=array([[[29.0676    , -0.10703067, -0.17210445, -0.15431654,
         -0.07597123, -0.06034086, -0.15041204, -0.21018815,
         -0.14697424, -0.12691024, -0.19430119, -0.20117688,
         -0.16017962, -0.18374062, -0.21147482, -0.19083636,
         -0.13618448]]], dtype=float32), reward=1), transition(observation=array([[ 1.118769  ,  0.00364054, -0.01717748,  0.26470047,  0.34212965,
         0.39954633,  0.33013418,  0.02028529,  0.14537154, -0.08569218,
         0.2852907 ,  0.38987395, -0.00318792,  0.10129187,  0.10274629,
         0.00277594, -0.06635068, -0.1019977 , -0.21907546, -0.04795185,
        -0.04589005,  0.23607844,  0.12119997,  0.02202939, -0.1298646 ,
         0.05281327, -0.02828178, -0.01653735,  0.00348949, -0.01828216,
         0.00524803,  0.06449065,  0.0149055 ,  0.        ]],
      dtype=float32), activation=array([[[28.771236  , -0.14651735, -0.20945522, -0.18309467,
         -0.09293557, -0.06452192, -0.14597163, -0.23807603,
         -0.19607042, -0.15218124, -0.15788831, -0.15101475,
         -0.15083517, -0.17816246, -0.19283547, -0.1765713 ,
         -0.14924437]]], dtype=float32), h_activation=array([[[ 4.5437880e+00,  5.9757199e+00, -5.8716494e-03,  3.6061320e+00,
         -1.8261152e-03,  1.6907637e+00, -1.3557155e-02,  3.2174950e+00,
          5.6448836e+00,  8.6344099e-01]]], dtype=float32), o_activation=array([[[28.771236  , -0.14651735, -0.20945522, -0.18309467,
         -0.09293557, -0.06452192, -0.14597163, -0.23807603,
         -0.19607042, -0.15218124, -0.15788831, -0.15101475,
         -0.15083517, -0.17816246, -0.19283547, -0.1765713 ,
         -0.14924437]]], dtype=float32), reward=1), transition(observation=array([[ 1.0208508e+00, -1.5804959e-02, -4.3279547e-02,  5.5581603e-02,
         3.1774673e-01,  4.6663707e-01,  3.1579763e-01,  2.6031900e-02,
         1.1183032e-01,  6.4096719e-02,  1.5186834e-01,  3.2997584e-01,
         9.1757648e-02,  6.0797855e-02, -3.4641318e-02,  6.4567968e-02,
        -1.0505048e-02, -5.3017531e-02,  9.8357685e-02,  9.2925467e-02,
         2.4640089e-01, -1.0513821e-02, -5.8815223e-03,  1.5437502e-01,
         1.0509958e-01,  9.2232034e-02,  2.7788162e-02,  1.8339771e-01,
        -1.1459439e-01, -5.2921496e-02,  9.8670878e-02, -6.5270608e-04,
        -1.0462224e-01,  0.0000000e+00]], dtype=float32), activation=array([[[24.440992  , -0.13628173, -0.17404094, -0.14132762,
         -0.07226347, -0.04656104, -0.11915966, -0.23304428,
         -0.22171423, -0.16742654, -0.129563  , -0.12266914,
         -0.14986773, -0.17475125, -0.16656505, -0.15130496,
         -0.14152753]]], dtype=float32), h_activation=array([[[ 4.1958294e+00,  6.4019513e+00, -5.6366161e-03,  3.2121167e+00,
         -5.5861939e-03,  1.8970332e+00, -7.6442603e-03,  3.0463400e+00,
          6.4438496e+00,  6.4141554e-01]]], dtype=float32), o_activation=array([[[24.440992  , -0.13628173, -0.17404094, -0.14132762,
         -0.07226347, -0.04656104, -0.11915966, -0.23304428,
         -0.22171423, -0.16742654, -0.129563  , -0.12266914,
         -0.14986773, -0.17475125, -0.16656505, -0.15130496,
         -0.14152753]]], dtype=float32), reward=1), transition(observation=array([[0., 0., 0., 0., 0., 0., 0., 0., 0., 0., 0., 0., 0., 0., 0., 0.,
        0., 0., 0., 0., 0., 0., 0., 0., 0., 0., 0., 0., 0., 0., 0., 0.,
        0., 0.]], dtype=float32), activation=array([[[-1.4445519e-01,  6.1972046e-01, -4.1465674e-02, -2.1086645e-03,
          1.1578531e+01,  1.5669912e+01,  7.5297632e+00, -7.4438795e-02,
         -7.5986862e-02, -1.4877094e-02,  4.6390448e+00,  6.6041131e+00,
          1.3289633e+00, -3.2574441e-02, -2.6595116e-02,  5.6002951e-01,
          2.8412280e+00]]], dtype=float32), h_activation=array([[[ 3.1961222e+00,  4.9612408e+00, -5.6303915e-04,  2.3723688e+00,
          1.4684132e-01,  1.6620668e+00,  8.8349205e-01,  2.5624323e+00,
          5.4885921e+00,  5.9371018e-01]]], dtype=float32), o_activation=array([[[-1.4445519e-01,  6.1972046e-01, -4.1465674e-02, -2.1086645e-03,
          1.1578531e+01,  1.5669912e+01,  7.5297632e+00, -7.4438795e-02,
         -7.5986862e-02, -1.4877094e-02,  4.6390448e+00,  6.6041131e+00,
          1.3289633e+00, -3.2574441e-02, -2.6595116e-02,  5.6002951e-01,
          2.8412280e+00]]], dtype=float32), reward=1), transition(observation=array([[0., 0., 0., 0., 0., 0., 0., 0., 0., 0., 0., 0., 0., 0., 0., 0.,
        0., 0., 0., 0., 0., 0., 0., 0., 0., 0., 0., 0., 0., 0., 0., 0.,
        0., 0.]], dtype=float32), activation=array([[[-1.2300466e-01,  4.0192509e-01, -2.4579950e-02,  2.3880720e-01,
          8.6957436e+00,  1.1790459e+01,  4.3891721e+00, -7.8128412e-02,
         -6.4293385e-02, -8.1176199e-03,  3.6458969e+00,  5.0648503e+00,
          1.3074036e+00, -2.2471184e-02, -1.6996475e-02,  5.7783747e-01,
          1.7006111e+00]]], dtype=float32), h_activation=array([[[2.3400006 , 3.915463  , 0.1543037 , 1.9037932 , 0.13618216,
         1.4506979 , 1.2490728 , 2.1490746 , 4.494351  , 0.5565522 ]]],
      dtype=float32), o_activation=array([[[-1.2300466e-01,  4.0192509e-01, -2.4579950e-02,  2.3880720e-01,
          8.6957436e+00,  1.1790459e+01,  4.3891721e+00, -7.8128412e-02,
         -6.4293385e-02, -8.1176199e-03,  3.6458969e+00,  5.0648503e+00,
          1.3074036e+00, -2.2471184e-02, -1.6996475e-02,  5.7783747e-01,
          1.7006111e+00]]], dtype=float32), reward=1)], success=True), configuration(episode=30, buffer=[transition(observation=array([[1., 0., 0., 0., 0., 0., 0., 0., 0., 0., 0., 0., 0., 0., 0., 0.,
        0., 0., 0., 0., 0., 0., 0., 0., 0., 0., 0., 0., 0., 0., 0., 0.,
        0., 0.]], dtype=float32), activation=array([[[21.951925  , -0.16273472, -0.09903108, -0.06986514,
         -0.08627328, -0.08463791, -0.07808341, -0.07997513,
         -0.07514796, -0.08803788, -0.13114357, -0.16107212,
         -0.12245279, -0.08242273, -0.10989129, -0.17945905,
         -0.20810315]]], dtype=float32), h_activation=array([[[ 0.65741384,  1.0077157 ,  0.8094139 ,  1.0622857 ,
          0.5178273 ,  0.82935977, -0.00975731,  0.98335665,
          0.01363628,  0.61610925]]], dtype=float32), o_activation=array([[[21.951925  , -0.16273472, -0.09903108, -0.06986514,
         -0.08627328, -0.08463791, -0.07808341, -0.07997513,
         -0.07514796, -0.08803788, -0.13114357, -0.16107212,
         -0.12245279, -0.08242273, -0.10989129, -0.17945905,
         -0.20810315]]], dtype=float32), reward=1), transition(observation=array([[1., 0., 0., 0., 0., 0., 0., 0., 0., 0., 0., 0., 0., 0., 0., 0.,
        0., 0., 0., 0., 0., 0., 0., 0., 0., 0., 0., 0., 0., 0., 0., 0.,
        0., 0.]], dtype=float32), activation=array([[[21.146324  , -0.14792708, -0.104919  , -0.07433729,
         -0.07984799, -0.09023384, -0.08298661, -0.07847466,
         -0.07545355, -0.10006521, -0.13596888, -0.15759169,
         -0.1181853 , -0.08480775, -0.10400171, -0.15609512,
         -0.1784867 ]]], dtype=float32), h_activation=array([[[ 1.211765  ,  1.7285006 ,  1.2898107 ,  1.7559597 ,
          1.0133047 ,  1.457543  , -0.00780531,  1.724515  ,
          0.25897866,  1.0671432 ]]], dtype=float32), o_activation=array([[[21.146324  , -0.14792708, -0.104919  , -0.07433729,
         -0.07984799, -0.09023384, -0.08298661, -0.07847466,
         -0.07545355, -0.10006521, -0.13596888, -0.15759169,
         -0.1181853 , -0.08480775, -0.10400171, -0.15609512,
         -0.1784867 ]]], dtype=float32), reward=1), transition(observation=array([[1., 0., 0., 0., 0., 0., 0., 0., 0., 0., 0., 0., 0., 0., 0., 0.,
        0., 0., 0., 0., 0., 0., 0., 0., 0., 0., 0., 0., 0., 0., 0., 0.,
        0., 0.]], dtype=float32), activation=array([[[20.430962  , -0.13669364, -0.10844178, -0.08017697,
         -0.07913208, -0.09574541, -0.08695398, -0.0815801 ,
         -0.079727  , -0.10858901, -0.1358045 , -0.15104309,
         -0.11423667, -0.08659025, -0.09905452, -0.14056572,
         -0.15914483]]], dtype=float32), h_activation=array([[[ 1.6570485 ,  2.2222865 ,  1.5444682 ,  2.1770654 ,
          1.4570724 ,  1.9150693 , -0.00590907,  2.2735069 ,
          0.62183607,  1.3858216 ]]], dtype=float32), o_activation=array([[[20.430962  , -0.13669364, -0.10844178, -0.08017697,
         -0.07913208, -0.09574541, -0.08695398, -0.0815801 ,
         -0.079727  , -0.10858901, -0.1358045 , -0.15104309,
         -0.11423667, -0.08659025, -0.09905452, -0.14056572,
         -0.15914483]]], dtype=float32), reward=1), transition(observation=array([[ 1.13726473e+00, -1.19573325e-01,  1.23015903e-02,
         4.32479642e-02, -7.67663345e-02, -1.64138544e-02,
         7.20963702e-02,  2.67488956e-01,  1.22057676e-01,
         6.88070655e-02, -3.11087671e-04, -4.54636589e-02,
         2.37329796e-01,  5.34125388e-01,  5.73736191e-01,
         3.48470509e-01, -3.01468708e-02,  5.30258007e-02,
        -8.15337747e-02,  9.58159566e-03, -1.02131419e-01,
        -3.10244150e-02, -4.85269353e-02, -1.10320210e-01,
        -1.14800304e-01,  1.81666791e-01,  3.81099880e-02,
         9.30780023e-02,  8.00934955e-02,  8.67228433e-02,
        -1.76489204e-02,  3.74291167e-02, -9.34060588e-02,
         0.00000000e+00]], dtype=float32), activation=array([[[31.17229   , -0.1720571 , -0.14272414, -0.11068682,
         -0.12218322, -0.14257199, -0.14247862, -0.14543319,
         -0.14782538, -0.17768146, -0.19065468, -0.20506328,
         -0.20523468, -0.20369557, -0.20799512, -0.23304124,
         -0.21603782]]], dtype=float32), h_activation=array([[[ 1.4895620e+00,  1.4131017e+00,  2.3798208e+00,  2.4915271e+00,
          3.4084151e+00,  4.0872397e+00, -4.6080248e-03,  3.7489085e+00,
         -2.0520056e-03, -5.3403340e-03]]], dtype=float32), o_activation=array([[[31.17229   , -0.1720571 , -0.14272414, -0.11068682,
         -0.12218322, -0.14257199, -0.14247862, -0.14543319,
         -0.14782538, -0.17768146, -0.19065468, -0.20506328,
         -0.20523468, -0.20369557, -0.20799512, -0.23304124,
         -0.21603782]]], dtype=float32), reward=1), transition(observation=array([[ 0.95562834,  0.08164316,  0.08052306,  0.06351469,  0.05898071,
        -0.15307707,  0.092666  , -0.00385893,  0.08653353,  0.19035222,
         0.09876724,  0.04477531,  0.14726679,  0.42274246,  0.5396046 ,
         0.36053783, -0.00970833, -0.06431048,  0.04949095, -0.17032985,
        -0.19665603, -0.04492674, -0.14588313,  0.08996773,  0.12109539,
         0.05551549,  0.11300014, -0.06164822,  0.01375137,  0.01099528,
        -0.06920864, -0.15775649,  0.00424743,  0.        ]],
      dtype=float32), activation=array([[[27.51738   , -0.17595062, -0.15913488, -0.14723271,
         -0.1751712 , -0.18656178, -0.125474  , -0.11284183,
         -0.14701074, -0.20212992, -0.19537994, -0.19190075,
         -0.1715115 , -0.1185746 , -0.11253785, -0.17850447,
         -0.20249571]]], dtype=float32), h_activation=array([[[ 2.0976796 ,  1.5704286 ,  2.1741846 ,  2.7410111 ,
          5.4647727 ,  5.2228174 ,  0.5801925 ,  5.2718973 ,
          0.0101549 , -0.00657798]]], dtype=float32), o_activation=array([[[27.51738   , -0.17595062, -0.15913488, -0.14723271,
         -0.1751712 , -0.18656178, -0.125474  , -0.11284183,
         -0.14701074, -0.20212992, -0.19537994, -0.19190075,
         -0.1715115 , -0.1185746 , -0.11253785, -0.17850447,
         -0.20249571]]], dtype=float32), reward=1), transition(observation=array([[ 0.86760503, -0.01968246, -0.06286485,  0.07913987, -0.17080182,
        -0.23708326,  0.03280783,  0.12356903,  0.10794747,  0.17143917,
        -0.12174099, -0.14443189,  0.18204904,  0.52021295,  0.680547  ,
         0.4573999 , -0.06037952, -0.00950589,  0.04889742, -0.01518878,
         0.22606395, -0.17587967, -0.07874046,  0.0808916 ,  0.13804656,
         0.07115673, -0.00584043, -0.10453762,  0.09489606, -0.06593207,
         0.04175053, -0.19086689, -0.15424041,  0.        ]],
      dtype=float32), activation=array([[[22.863585  , -0.13912159, -0.11624571, -0.12326579,
         -0.169481  , -0.21067145, -0.14654782, -0.13577263,
         -0.15142208, -0.18087028, -0.14270926, -0.14660504,
         -0.14629269, -0.08507175, -0.06898254, -0.15053703,
         -0.1802098 ]]], dtype=float32), h_activation=array([[[ 1.4337945 ,  0.58940804,  2.4999065 ,  2.3762624 ,
          7.086861  ,  6.6638565 ,  1.6768024 ,  6.174567  ,
         -0.00970432, -0.0176013 ]]], dtype=float32), o_activation=array([[[22.863585  , -0.13912159, -0.11624571, -0.12326579,
         -0.169481  , -0.21067145, -0.14654782, -0.13577263,
         -0.15142208, -0.18087028, -0.14270926, -0.14660504,
         -0.14629269, -0.08507175, -0.06898254, -0.15053703,
         -0.1802098 ]]], dtype=float32), reward=1), transition(observation=array([[ 1.1014138 , -0.12237793,  0.14385816,  0.12759002,  0.19270943,
         0.00805698, -0.11096065,  0.10463109,  0.3110208 ,  0.23260552,
         0.06367626, -0.0351481 ,  0.14274824,  0.5622394 ,  0.6264253 ,
         0.42267212,  0.3101637 , -0.06315085, -0.03242825,  0.20172977,
         0.03419543, -0.11630607,  0.00302933, -0.15882504,  0.09050688,
         0.07965542, -0.06305751, -0.1066054 ,  0.07026136,  0.06515604,
         0.11348779,  0.11117341,  0.07326703,  0.        ]],
      dtype=float32), activation=array([[[36.529594  , -0.19900623, -0.1752357 , -0.22881733,
         -0.32091162, -0.34484154, -0.24163614, -0.20662859,
         -0.21789251, -0.2585995 , -0.21113369, -0.19823165,
         -0.1876919 , -0.10628868, -0.07013391, -0.17949036,
         -0.2468367 ]]], dtype=float32), h_activation=array([[[ 1.982295  ,  1.3067298 ,  2.382742  ,  3.1723018 ,
          7.9599876 ,  7.5631523 ,  2.8915825 ,  6.9616327 ,
         -0.01387331, -0.00957905]]], dtype=float32), o_activation=array([[[36.529594  , -0.19900623, -0.1752357 , -0.22881733,
         -0.32091162, -0.34484154, -0.24163614, -0.20662859,
         -0.21789251, -0.2585995 , -0.21113369, -0.19823165,
         -0.1876919 , -0.10628868, -0.07013391, -0.17949036,
         -0.2468367 ]]], dtype=float32), reward=1), transition(observation=array([[ 9.8392713e-01, -5.6037098e-02,  6.7430563e-02,  1.9671507e-01,
         5.5446971e-02, -1.6601849e-03,  1.8115090e-01,  3.2235317e-02,
         9.4311744e-02,  6.7354858e-02,  1.2791198e-02, -9.2586637e-02,
         2.2900130e-01,  5.4281181e-01,  6.3595033e-01,  4.1147351e-01,
         1.2929390e-01, -2.9991823e-04, -1.4814773e-01, -8.0385379e-02,
        -2.0335786e-02, -5.7483707e-02,  1.0083912e-01, -1.5313222e-01,
        -8.5578978e-02, -2.2337666e-01,  1.2771888e-01,  1.9477233e-01,
        -7.7899672e-02,  4.4881932e-02, -5.2109923e-02,  1.5042667e-01,
         1.2287547e-02,  0.0000000e+00]], dtype=float32), activation=array([[[ 3.1995037e+01, -1.6241145e-01, -1.5395443e-01, -2.1181628e-01,
         -3.0124608e-01, -3.6156806e-01, -2.8278452e-01, -2.2723256e-01,
         -1.9147311e-01, -2.0425847e-01, -1.5882358e-01, -1.6223679e-01,
         -1.5821449e-01, -7.8372054e-02, -3.1686235e-02, -1.2172159e-01,
         -1.9085184e-01]]], dtype=float32), h_activation=array([[[ 2.0277100e+00,  6.4149570e-01,  2.7869322e+00,  3.0578918e+00,
          7.9134402e+00,  7.3388300e+00,  3.5214763e+00,  8.0380764e+00,
         -4.6452857e-03, -1.9219009e-02]]], dtype=float32), o_activation=array([[[ 3.1995037e+01, -1.6241145e-01, -1.5395443e-01, -2.1181628e-01,
         -3.0124608e-01, -3.6156806e-01, -2.8278452e-01, -2.2723256e-01,
         -1.9147311e-01, -2.0425847e-01, -1.5882358e-01, -1.6223679e-01,
         -1.5821449e-01, -7.8372054e-02, -3.1686235e-02, -1.2172159e-01,
         -1.9085184e-01]]], dtype=float32), reward=1), transition(observation=array([[0., 0., 0., 0., 0., 0., 0., 0., 0., 0., 0., 0., 0., 0., 0., 0.,
        0., 0., 0., 0., 0., 0., 0., 0., 0., 0., 0., 0., 0., 0., 0., 0.,
        0., 0.]], dtype=float32), activation=array([[[-4.1347094e-02,  2.4251752e+00,  2.2222934e+00, -4.9269609e-02,
         -1.4031798e-01, -2.1906145e-01, -1.4027230e-01, -9.8566018e-02,
         -6.5640718e-02, -8.1926018e-02, -1.8836856e-02,  1.9500399e-01,
          4.2122393e+00,  1.5398918e+01,  2.1118671e+01,  1.3433813e+01,
          3.3131814e+00]]], dtype=float32), h_activation=array([[[ 1.2770796e+00,  4.0727502e-01,  2.1554704e+00,  2.3587289e+00,
          5.9568472e+00,  5.2765722e+00,  3.4102898e+00,  5.9398203e+00,
          7.3999929e-01, -9.1881986e-04]]], dtype=float32), o_activation=array([[[-4.1347094e-02,  2.4251752e+00,  2.2222934e+00, -4.9269609e-02,
         -1.4031798e-01, -2.1906145e-01, -1.4027230e-01, -9.8566018e-02,
         -6.5640718e-02, -8.1926018e-02, -1.8836856e-02,  1.9500399e-01,
          4.2122393e+00,  1.5398918e+01,  2.1118671e+01,  1.3433813e+01,
          3.3131814e+00]]], dtype=float32), reward=1), transition(observation=array([[0., 0., 0., 0., 0., 0., 0., 0., 0., 0., 0., 0., 0., 0., 0., 0.,
        0., 0., 0., 0., 0., 0., 0., 0., 0., 0., 0., 0., 0., 0., 0., 0.,
        0., 0.]], dtype=float32), activation=array([[[-4.66395766e-02,  1.24387550e+00,  2.39833570e+00,
         -2.62603089e-02, -1.03620663e-01, -1.62893996e-01,
         -1.08686082e-01, -8.23450610e-02, -5.28989956e-02,
         -5.57100661e-02, -9.21198353e-03, -1.36030198e-03,
          2.61641741e+00,  1.12415009e+01,  1.56600275e+01,
          9.74430656e+00,  1.69988871e+00]]], dtype=float32), h_activation=array([[[ 6.9497728e-01,  3.4581625e-01,  1.8850200e+00,  2.0105910e+00,
          4.3854017e+00,  3.8353534e+00,  2.9543390e+00,  4.4109163e+00,
          9.4993937e-01, -1.5076518e-04]]], dtype=float32), o_activation=array([[[-4.66395766e-02,  1.24387550e+00,  2.39833570e+00,
         -2.62603089e-02, -1.03620663e-01, -1.62893996e-01,
         -1.08686082e-01, -8.23450610e-02, -5.28989956e-02,
         -5.57100661e-02, -9.21198353e-03, -1.36030198e-03,
          2.61641741e+00,  1.12415009e+01,  1.56600275e+01,
          9.74430656e+00,  1.69988871e+00]]], dtype=float32), reward=1)], success=True), configuration(episode=31, buffer=[transition(observation=array([[1., 0., 0., 0., 0., 0., 0., 0., 0., 0., 0., 0., 0., 0., 0., 0.,
        0., 0., 0., 0., 0., 0., 0., 0., 0., 0., 0., 0., 0., 0., 0., 0.,
        0., 0.]], dtype=float32), activation=array([[[21.951925  , -0.16273472, -0.09903108, -0.06986514,
         -0.08627328, -0.08463791, -0.07808341, -0.07997513,
         -0.07514796, -0.08803788, -0.13114357, -0.16107212,
         -0.12245279, -0.08242273, -0.10989129, -0.17945905,
         -0.20810315]]], dtype=float32), h_activation=array([[[ 0.65741384,  1.0077157 ,  0.8094139 ,  1.0622857 ,
          0.5178273 ,  0.82935977, -0.00975731,  0.98335665,
          0.01363628,  0.61610925]]], dtype=float32), o_activation=array([[[21.951925  , -0.16273472, -0.09903108, -0.06986514,
         -0.08627328, -0.08463791, -0.07808341, -0.07997513,
         -0.07514796, -0.08803788, -0.13114357, -0.16107212,
         -0.12245279, -0.08242273, -0.10989129, -0.17945905,
         -0.20810315]]], dtype=float32), reward=1), transition(observation=array([[1., 0., 0., 0., 0., 0., 0., 0., 0., 0., 0., 0., 0., 0., 0., 0.,
        0., 0., 0., 0., 0., 0., 0., 0., 0., 0., 0., 0., 0., 0., 0., 0.,
        0., 0.]], dtype=float32), activation=array([[[21.146324  , -0.14792708, -0.104919  , -0.07433729,
         -0.07984799, -0.09023384, -0.08298661, -0.07847466,
         -0.07545355, -0.10006521, -0.13596888, -0.15759169,
         -0.1181853 , -0.08480775, -0.10400171, -0.15609512,
         -0.1784867 ]]], dtype=float32), h_activation=array([[[ 1.211765  ,  1.7285006 ,  1.2898107 ,  1.7559597 ,
          1.0133047 ,  1.457543  , -0.00780531,  1.724515  ,
          0.25897866,  1.0671432 ]]], dtype=float32), o_activation=array([[[21.146324  , -0.14792708, -0.104919  , -0.07433729,
         -0.07984799, -0.09023384, -0.08298661, -0.07847466,
         -0.07545355, -0.10006521, -0.13596888, -0.15759169,
         -0.1181853 , -0.08480775, -0.10400171, -0.15609512,
         -0.1784867 ]]], dtype=float32), reward=1), transition(observation=array([[1., 0., 0., 0., 0., 0., 0., 0., 0., 0., 0., 0., 0., 0., 0., 0.,
        0., 0., 0., 0., 0., 0., 0., 0., 0., 0., 0., 0., 0., 0., 0., 0.,
        0., 0.]], dtype=float32), activation=array([[[20.430962  , -0.13669364, -0.10844178, -0.08017697,
         -0.07913208, -0.09574541, -0.08695398, -0.0815801 ,
         -0.079727  , -0.10858901, -0.1358045 , -0.15104309,
         -0.11423667, -0.08659025, -0.09905452, -0.14056572,
         -0.15914483]]], dtype=float32), h_activation=array([[[ 1.6570485 ,  2.2222865 ,  1.5444682 ,  2.1770654 ,
          1.4570724 ,  1.9150693 , -0.00590907,  2.2735069 ,
          0.62183607,  1.3858216 ]]], dtype=float32), o_activation=array([[[20.430962  , -0.13669364, -0.10844178, -0.08017697,
         -0.07913208, -0.09574541, -0.08695398, -0.0815801 ,
         -0.079727  , -0.10858901, -0.1358045 , -0.15104309,
         -0.11423667, -0.08659025, -0.09905452, -0.14056572,
         -0.15914483]]], dtype=float32), reward=1), transition(observation=array([[ 9.33240652e-01, -1.22387707e-02,  9.20651257e-02,
         7.05797598e-02,  1.25773013e-01,  5.85216403e-01,
         3.16843659e-01,  1.90086186e-01,  1.01953307e-02,
        -1.39661968e-01,  7.85913914e-02, -3.15890368e-03,
        -1.91961240e-03,  4.47456054e-02,  2.78216481e-01,
         2.77052850e-01,  2.26834029e-01, -1.59254181e-04,
         5.53179011e-02, -3.45142707e-02, -1.45668387e-01,
         2.35892516e-02,  4.65276465e-02, -1.07388385e-01,
        -2.20319517e-02, -2.79121213e-02, -1.27259523e-01,
        -2.16479108e-01,  1.05162509e-01,  7.30097815e-02,
         4.38215621e-02, -1.32940993e-01,  5.79027347e-02,
         0.00000000e+00]], dtype=float32), activation=array([[[27.48964   , -0.16606681, -0.14122269, -0.12640822,
         -0.15558161, -0.17971495, -0.15985018, -0.13357946,
         -0.12050845, -0.13669854, -0.14551383, -0.15278994,
         -0.13731244, -0.12036487, -0.13135658, -0.18446527,
         -0.19902374]]], dtype=float32), h_activation=array([[[ 1.0167346 ,  3.4656508 ,  2.2278616 ,  2.6976905 ,
          0.60312617,  1.6981337 , -0.00757378,  4.3953676 ,
          1.9970068 ,  0.6515499 ]]], dtype=float32), o_activation=array([[[27.48964   , -0.16606681, -0.14122269, -0.12640822,
         -0.15558161, -0.17971495, -0.15985018, -0.13357946,
         -0.12050845, -0.13669854, -0.14551383, -0.15278994,
         -0.13731244, -0.12036487, -0.13135658, -0.18446527,
         -0.19902374]]], dtype=float32), reward=1), transition(observation=array([[ 1.1533378 ,  0.04011345,  0.05986744,  0.06769241,  0.31129757,
         0.4290183 ,  0.14654918,  0.12988691, -0.12527438,  0.14632113,
         0.02989257, -0.02334943,  0.15619685,  0.14887708,  0.04905511,
         0.20167917,  0.23218498, -0.07338171,  0.22392009,  0.05458669,
         0.07616639, -0.12017955, -0.14042383,  0.00412565, -0.17052747,
        -0.02364021, -0.11189698,  0.15143292,  0.16168302, -0.03847548,
         0.005887  , -0.0136743 ,  0.00149737,  0.        ]],
      dtype=float32), activation=array([[[30.25193   , -0.18483141, -0.17209953, -0.16439793,
         -0.15599756, -0.13001782, -0.11762863, -0.16534342,
         -0.19444805, -0.22874159, -0.20239276, -0.19151874,
         -0.19327323, -0.1651547 , -0.13166106, -0.1671559 ,
         -0.2060739 ]]], dtype=float32), h_activation=array([[[2.2775123 , 5.0508666 , 2.829067  , 2.827828  , 0.51184773,
         1.7518915 , 0.06763744, 5.241969  , 2.2026944 , 0.30742964]]],
      dtype=float32), o_activation=array([[[30.25193   , -0.18483141, -0.17209953, -0.16439793,
         -0.15599756, -0.13001782, -0.11762863, -0.16534342,
         -0.19444805, -0.22874159, -0.20239276, -0.19151874,
         -0.19327323, -0.1651547 , -0.13166106, -0.1671559 ,
         -0.2060739 ]]], dtype=float32), reward=1), transition(observation=array([[ 0.84581846, -0.1507596 , -0.07456873,  0.03346695,  0.3768418 ,
         0.3777174 ,  0.26029754, -0.03519075, -0.03463983,  0.11707045,
        -0.09837844,  0.00281032,  0.04476168,  0.10923807,  0.07558781,
         0.1424144 ,  0.21625382,  0.09645295, -0.01206989, -0.00699263,
        -0.13027653,  0.05259541,  0.03841328,  0.03569302, -0.16477658,
         0.01732599, -0.02252222, -0.0933672 ,  0.06313131,  0.05855765,
         0.0506427 , -0.09990983, -0.03725472,  0.        ]],
      dtype=float32), activation=array([[[18.714186  , -0.09914269, -0.12420849, -0.11419412,
         -0.07625038, -0.05730437, -0.07306838, -0.15332393,
         -0.1730068 , -0.19091351, -0.15395424, -0.13403033,
         -0.12578043, -0.09665874, -0.08488537, -0.10706989,
         -0.10830373]]], dtype=float32), h_activation=array([[[ 2.5157259e+00,  6.1436954e+00,  2.5790646e+00,  2.6756811e+00,
         -4.0047909e-03,  1.8975090e+00,  3.4012681e-01,  5.3370533e+00,
          2.1387258e+00, -8.8145100e-03]]], dtype=float32), o_activation=array([[[18.714186  , -0.09914269, -0.12420849, -0.11419412,
         -0.07625038, -0.05730437, -0.07306838, -0.15332393,
         -0.1730068 , -0.19091351, -0.15395424, -0.13403033,
         -0.12578043, -0.09665874, -0.08488537, -0.10706989,
         -0.10830373]]], dtype=float32), reward=1), transition(observation=array([[ 1.0221639 ,  0.02665927, -0.11637402, -0.05243534,  0.3604032 ,
         0.5483357 ,  0.38232347,  0.05373314, -0.00696401,  0.08453126,
        -0.04046199,  0.09045763, -0.12238946,  0.0638364 ,  0.08214066,
         0.13244861,  0.19992487, -0.06883366, -0.16003874,  0.05803414,
         0.06663705,  0.05767518,  0.02953289, -0.07776324, -0.05233951,
         0.1313163 ,  0.02101931,  0.00321385,  0.13739094,  0.03707333,
         0.07852522, -0.23405439, -0.11351046,  0.        ]],
      dtype=float32), activation=array([[[25.709148  , -0.12240493, -0.16019446, -0.14482877,
         -0.08621529, -0.06520014, -0.11750548, -0.21412444,
         -0.21111639, -0.2091797 , -0.17735416, -0.1554107 ,
         -0.13799545, -0.10986584, -0.10507527, -0.13250643,
         -0.13665785]]], dtype=float32), h_activation=array([[[ 2.0284181e+00,  7.8838997e+00,  2.8761160e+00,  2.2986336e+00,
         -6.8474105e-03,  1.3643063e+00, -3.8835951e-03,  5.4727859e+00,
          3.0920401e+00, -6.3459459e-03]]], dtype=float32), o_activation=array([[[25.709148  , -0.12240493, -0.16019446, -0.14482877,
         -0.08621529, -0.06520014, -0.11750548, -0.21412444,
         -0.21111639, -0.2091797 , -0.17735416, -0.1554107 ,
         -0.13799545, -0.10986584, -0.10507527, -0.13250643,
         -0.13665785]]], dtype=float32), reward=1), transition(observation=array([[ 0.784043  ,  0.01404222,  0.04544121, -0.04768403,  0.34874588,
         0.56429017,  0.23287468,  0.07542364, -0.17952916,  0.05612817,
         0.02233238,  0.04766668, -0.0180729 , -0.03590857,  0.03940449,
         0.33658263,  0.22096623, -0.06500442, -0.01964747,  0.04785452,
         0.10603136, -0.07280878,  0.09261092, -0.01492283, -0.14688101,
        -0.06113958, -0.13743575, -0.12951942, -0.13930026,  0.10973723,
         0.05041773, -0.08371953, -0.03080899,  0.        ]],
      dtype=float32), activation=array([[[16.964533  , -0.09570576, -0.15420902, -0.15044573,
         -0.05230324,  0.85634375, -0.04963381, -0.17675428,
         -0.18619105, -0.17876545, -0.1466563 , -0.13325986,
         -0.13556953, -0.10522768, -0.09020773, -0.11349697,
         -0.10780069]]], dtype=float32), h_activation=array([[[ 1.9810429e+00,  8.9115610e+00,  2.5544350e+00,  2.5603399e+00,
         -7.6911310e-03,  1.2890337e+00,  3.5200089e-01,  6.4858751e+00,
          4.1582322e+00, -5.0302176e-03]]], dtype=float32), o_activation=array([[[16.964533  , -0.09570576, -0.15420902, -0.15044573,
         -0.05230324,  0.85634375, -0.04963381, -0.17675428,
         -0.18619105, -0.17876545, -0.1466563 , -0.13325986,
         -0.13556953, -0.10522768, -0.09020773, -0.11349697,
         -0.10780069]]], dtype=float32), reward=1), transition(observation=array([[0., 0., 0., 0., 0., 0., 0., 0., 0., 0., 0., 0., 0., 0., 0., 0.,
        0., 0., 0., 0., 0., 0., 0., 0., 0., 0., 0., 0., 0., 0., 0., 0.,
        0., 0.]], dtype=float32), activation=array([[[-1.4404382e-01,  4.7963743e+00, -2.7724389e-02, -1.7193669e-02,
          1.3134826e+01,  2.0221304e+01,  1.0820820e+01, -8.0965906e-02,
         -9.9540748e-02, -8.5903235e-02, -2.9656610e-02, -1.1076872e-02,
         -3.7850700e-02, -7.5529572e-03,  3.9979644e+00,  5.6507821e+00,
          6.6764722e+00]]], dtype=float32), h_activation=array([[[ 1.5428164e+00,  6.9279051e+00,  1.7845223e+00,  1.8680296e+00,
          2.6109996e-01,  1.2340033e+00,  1.0511987e+00,  5.0545149e+00,
          3.9386020e+00, -1.5583544e-04]]], dtype=float32), o_activation=array([[[-1.4404382e-01,  4.7963743e+00, -2.7724389e-02, -1.7193669e-02,
          1.3134826e+01,  2.0221304e+01,  1.0820820e+01, -8.0965906e-02,
         -9.9540748e-02, -8.5903235e-02, -2.9656610e-02, -1.1076872e-02,
         -3.7850700e-02, -7.5529572e-03,  3.9979644e+00,  5.6507821e+00,
          6.6764722e+00]]], dtype=float32), reward=1), transition(observation=array([[0., 0., 0., 0., 0., 0., 0., 0., 0., 0., 0., 0., 0., 0., 0., 0.,
        0., 0., 0., 0., 0., 0., 0., 0., 0., 0., 0., 0., 0., 0., 0., 0.,
        0., 0.]], dtype=float32), activation=array([[[-1.2481401e-01,  3.3147869e+00, -1.7311677e-02, -1.2693891e-02,
          9.6599960e+00,  1.5269030e+01,  7.1358995e+00, -8.1916228e-02,
         -8.1920967e-02, -5.7393979e-02, -1.5486442e-02, -4.9871276e-03,
         -2.6378617e-02, -2.8756643e-03,  3.3783774e+00,  4.1581435e+00,
          4.2663274e+00]]], dtype=float32), h_activation=array([[[1.1059463, 5.4390974, 1.4122226, 1.498902 , 0.3079057,
         1.1463206, 1.3249607, 3.954373 , 3.4698257, 0.0166018]]],
      dtype=float32), o_activation=array([[[-1.2481401e-01,  3.3147869e+00, -1.7311677e-02, -1.2693891e-02,
          9.6599960e+00,  1.5269030e+01,  7.1358995e+00, -8.1916228e-02,
         -8.1920967e-02, -5.7393979e-02, -1.5486442e-02, -4.9871276e-03,
         -2.6378617e-02, -2.8756643e-03,  3.3783774e+00,  4.1581435e+00,
          4.2663274e+00]]], dtype=float32), reward=1)], success=True), configuration(episode=32, buffer=[transition(observation=array([[1., 0., 0., 0., 0., 0., 0., 0., 0., 0., 0., 0., 0., 0., 0., 0.,
        0., 0., 0., 0., 0., 0., 0., 0., 0., 0., 0., 0., 0., 0., 0., 0.,
        0., 0.]], dtype=float32), activation=array([[[21.951925  , -0.16273472, -0.09903108, -0.06986514,
         -0.08627328, -0.08463791, -0.07808341, -0.07997513,
         -0.07514796, -0.08803788, -0.13114357, -0.16107212,
         -0.12245279, -0.08242273, -0.10989129, -0.17945905,
         -0.20810315]]], dtype=float32), h_activation=array([[[ 0.65741384,  1.0077157 ,  0.8094139 ,  1.0622857 ,
          0.5178273 ,  0.82935977, -0.00975731,  0.98335665,
          0.01363628,  0.61610925]]], dtype=float32), o_activation=array([[[21.951925  , -0.16273472, -0.09903108, -0.06986514,
         -0.08627328, -0.08463791, -0.07808341, -0.07997513,
         -0.07514796, -0.08803788, -0.13114357, -0.16107212,
         -0.12245279, -0.08242273, -0.10989129, -0.17945905,
         -0.20810315]]], dtype=float32), reward=1), transition(observation=array([[1., 0., 0., 0., 0., 0., 0., 0., 0., 0., 0., 0., 0., 0., 0., 0.,
        0., 0., 0., 0., 0., 0., 0., 0., 0., 0., 0., 0., 0., 0., 0., 0.,
        0., 0.]], dtype=float32), activation=array([[[21.146324  , -0.14792708, -0.104919  , -0.07433729,
         -0.07984799, -0.09023384, -0.08298661, -0.07847466,
         -0.07545355, -0.10006521, -0.13596888, -0.15759169,
         -0.1181853 , -0.08480775, -0.10400171, -0.15609512,
         -0.1784867 ]]], dtype=float32), h_activation=array([[[ 1.211765  ,  1.7285006 ,  1.2898107 ,  1.7559597 ,
          1.0133047 ,  1.457543  , -0.00780531,  1.724515  ,
          0.25897866,  1.0671432 ]]], dtype=float32), o_activation=array([[[21.146324  , -0.14792708, -0.104919  , -0.07433729,
         -0.07984799, -0.09023384, -0.08298661, -0.07847466,
         -0.07545355, -0.10006521, -0.13596888, -0.15759169,
         -0.1181853 , -0.08480775, -0.10400171, -0.15609512,
         -0.1784867 ]]], dtype=float32), reward=1), transition(observation=array([[1., 0., 0., 0., 0., 0., 0., 0., 0., 0., 0., 0., 0., 0., 0., 0.,
        0., 0., 0., 0., 0., 0., 0., 0., 0., 0., 0., 0., 0., 0., 0., 0.,
        0., 0.]], dtype=float32), activation=array([[[20.430962  , -0.13669364, -0.10844178, -0.08017697,
         -0.07913208, -0.09574541, -0.08695398, -0.0815801 ,
         -0.079727  , -0.10858901, -0.1358045 , -0.15104309,
         -0.11423667, -0.08659025, -0.09905452, -0.14056572,
         -0.15914483]]], dtype=float32), h_activation=array([[[ 1.6570485 ,  2.2222865 ,  1.5444682 ,  2.1770654 ,
          1.4570724 ,  1.9150693 , -0.00590907,  2.2735069 ,
          0.62183607,  1.3858216 ]]], dtype=float32), o_activation=array([[[20.430962  , -0.13669364, -0.10844178, -0.08017697,
         -0.07913208, -0.09574541, -0.08695398, -0.0815801 ,
         -0.079727  , -0.10858901, -0.1358045 , -0.15104309,
         -0.11423667, -0.08659025, -0.09905452, -0.14056572,
         -0.15914483]]], dtype=float32), reward=1), transition(observation=array([[ 0.83361787,  0.00888372,  0.09704637, -0.01436185,  0.2543657 ,
         0.10975423, -0.0878254 ,  0.25997746,  0.24567474,  0.37837544,
         0.22167687,  0.41554904,  0.31698006,  0.3027932 , -0.12923893,
         0.21200009,  0.04057106,  0.08700527, -0.10938193, -0.12855127,
         0.00102358, -0.05777684, -0.06810938,  0.07480529,  0.06320578,
         0.06973247, -0.17462875,  0.08312169, -0.0943888 , -0.0807696 ,
         0.04118223,  0.11924771, -0.05742808,  0.        ]],
      dtype=float32), activation=array([[[26.810349  , -0.14211562, -0.1318091 , -0.10628564,
         -0.11748383, -0.12458295, -0.11846213, -0.12654372,
         -0.14605477, -0.18807591, -0.22264293, -0.22284561,
         -0.17889526, -0.13820516, -0.13120002, -0.14732955,
         -0.16208404]]], dtype=float32), h_activation=array([[[ 3.1411881e+00,  3.0901606e+00,  9.7323573e-01,  3.1421094e+00,
          2.4682915e+00,  4.2640114e+00, -2.7335850e-03,  1.1428093e+00,
          1.2739857e+00,  2.2116687e+00]]], dtype=float32), o_activation=array([[[26.810349  , -0.14211562, -0.1318091 , -0.10628564,
         -0.11748383, -0.12458295, -0.11846213, -0.12654372,
         -0.14605477, -0.18807591, -0.22264293, -0.22284561,
         -0.17889526, -0.13820516, -0.13120002, -0.14732955,
         -0.16208404]]], dtype=float32), reward=1), transition(observation=array([[ 1.148089  ,  0.04175893, -0.14268368, -0.1475834 , -0.03232044,
        -0.01517787, -0.03792138,  0.23875083,  0.36929268,  0.33712244,
         0.37585047,  0.38554272,  0.1915568 ,  0.09949985, -0.09811575,
        -0.16652149,  0.0303943 ,  0.02652369,  0.09300871, -0.06266955,
         0.22291778, -0.17123446,  0.04116789,  0.22707577,  0.09793242,
        -0.2554231 , -0.0242519 , -0.11859015, -0.03344106, -0.13820642,
        -0.25508112, -0.06959498, -0.03113412,  0.        ]],
      dtype=float32), activation=array([[[30.170643  , -0.14405645, -0.1647426 , -0.13173869,
         -0.12216941, -0.15889843, -0.16564712, -0.14088906,
         -0.12633707, -0.15817119, -0.20846897, -0.20725274,
         -0.14891729, -0.13959906, -0.1490661 , -0.1496098 ,
         -0.15300724]]], dtype=float32), h_activation=array([[[ 3.6002917 ,  3.8955498 ,  0.8143717 ,  3.317122  ,
          4.397465  ,  5.706464  , -0.00978538, -0.01157802,
          2.8481545 ,  3.33909   ]]], dtype=float32), o_activation=array([[[30.170643  , -0.14405645, -0.1647426 , -0.13173869,
         -0.12216941, -0.15889843, -0.16564712, -0.14088906,
         -0.12633707, -0.15817119, -0.20846897, -0.20725274,
         -0.14891729, -0.13959906, -0.1490661 , -0.1496098 ,
         -0.15300724]]], dtype=float32), reward=1), transition(observation=array([[ 0.9717428 ,  0.16798586, -0.09730919,  0.00251841, -0.05186878,
         0.16123146, -0.03082097,  0.32410505,  0.3957418 ,  0.20552136,
         0.33630574,  0.43067622,  0.40002665,  0.11283854,  0.07506363,
        -0.05874956, -0.18361509,  0.13514796,  0.13641827,  0.16709284,
        -0.06878612,  0.05024478, -0.0099878 , -0.06036966, -0.08503997,
         0.10967948, -0.1287106 , -0.01758832, -0.01877479, -0.05958564,
         0.11185522, -0.02946858,  0.10039804,  0.        ]],
      dtype=float32), activation=array([[[26.606026  , -0.13044772, -0.18594456, -0.18291721,
         -0.17427959, -0.20721883, -0.18573764, -0.118356  ,
         -0.07597394, -0.08714169, -0.15661407, -0.17200324,
         -0.14137554, -0.15910384, -0.1623655 , -0.14344406,
         -0.1340316 ]]], dtype=float32), h_activation=array([[[ 3.6700990e+00,  3.4674985e+00, -2.7023017e-04,  2.8475666e+00,
          5.1434736e+00,  6.9413404e+00, -1.3710117e-02, -1.2503424e-02,
          4.0677886e+00,  4.0762801e+00]]], dtype=float32), o_activation=array([[[26.606026  , -0.13044772, -0.18594456, -0.18291721,
         -0.17427959, -0.20721883, -0.18573764, -0.118356  ,
         -0.07597394, -0.08714169, -0.15661407, -0.17200324,
         -0.14137554, -0.15910384, -0.1623655 , -0.14344406,
         -0.1340316 ]]], dtype=float32), reward=1), transition(observation=array([[ 0.98196465,  0.01827116, -0.11834539, -0.02484002, -0.12109013,
         0.03440368,  0.12895206,  0.17518245,  0.27312854,  0.4075359 ,
         0.33703178,  0.34113082,  0.20119163,  0.09023684,  0.07477342,
         0.02677731, -0.05123528, -0.00441327, -0.00191437, -0.03465216,
        -0.3461239 ,  0.11581805, -0.10357919, -0.08280278, -0.04146916,
        -0.08309358,  0.11889283,  0.00273034,  0.07218266, -0.02552126,
         0.03273104, -0.10578495,  0.3379208 ,  0.        ]],
      dtype=float32), activation=array([[[24.038416  , -0.12007163, -0.16909446, -0.20233631,
         -0.21366034, -0.22588001, -0.18375772, -0.11765166,
         -0.06903302, -0.0828443 , -0.138178  , -0.12638256,
         -0.10914343, -0.15931362, -0.15530886, -0.14809111,
         -0.1489102 ]]], dtype=float32), h_activation=array([[[ 3.1249237 ,  3.306222  , -0.00760729,  2.4932935 ,
          6.268508  ,  7.470313  ,  0.22787076, -0.01213176,
          5.513156  ,  3.8775916 ]]], dtype=float32), o_activation=array([[[24.038416  , -0.12007163, -0.16909446, -0.20233631,
         -0.21366034, -0.22588001, -0.18375772, -0.11765166,
         -0.06903302, -0.0828443 , -0.138178  , -0.12638256,
         -0.10914343, -0.15931362, -0.15530886, -0.14809111,
         -0.1489102 ]]], dtype=float32), reward=1), transition(observation=array([[ 1.0665889 ,  0.05282291,  0.05264154, -0.05018691,  0.19853245,
        -0.02200534, -0.02326579,  0.40494478,  0.35341164,  0.3246828 ,
         0.22374836,  0.4328181 ,  0.43624225,  0.21743345, -0.00369639,
        -0.13227929, -0.0809255 , -0.03787211, -0.07604861, -0.07006768,
         0.00118644, -0.04879729,  0.08051587,  0.26877996,  0.04716586,
        -0.06145016,  0.06488714, -0.0856393 ,  0.00797057,  0.01495011,
         0.0698487 ,  0.06356403, -0.17435819,  0.        ]],
      dtype=float32), activation=array([[[27.023373  , -0.14514756, -0.20689495, -0.2706439 ,
         -0.28442746, -0.27260968, -0.20145549, -0.14358145,
         -0.09563719, -0.09018192, -0.13962397, -0.13826916,
         -0.14781637, -0.18657465, -0.15495391, -0.14766107,
         -0.17007126]]], dtype=float32), h_activation=array([[[ 3.7926354e+00,  2.4833939e+00, -2.4692027e-03,  2.3181214e+00,
          6.3274770e+00,  7.9095197e+00, -7.9428395e-03, -1.6854217e-02,
          5.3488703e+00,  4.4217153e+00]]], dtype=float32), o_activation=array([[[27.023373  , -0.14514756, -0.20689495, -0.2706439 ,
         -0.28442746, -0.27260968, -0.20145549, -0.14358145,
         -0.09563719, -0.09018192, -0.13962397, -0.13826916,
         -0.14781637, -0.18657465, -0.15495391, -0.14766107,
         -0.17007126]]], dtype=float32), reward=1), transition(observation=array([[0., 0., 0., 0., 0., 0., 0., 0., 0., 0., 0., 0., 0., 0., 0., 0.,
        0., 0., 0., 0., 0., 0., 0., 0., 0., 0., 0., 0., 0., 0., 0., 0.,
        0., 0.]], dtype=float32), activation=array([[[-1.3245435e-01,  7.5361538e-01, -4.8690207e-02, -1.2061015e-01,
         -1.3385326e-01, -1.3643165e-01, -4.4264916e-02,  3.9491093e+00,
          1.0103685e+01,  1.0064182e+01,  7.6098628e+00,  1.0189892e+01,
          8.5306797e+00,  3.9769745e-01,  5.0669110e-01,  1.1685538e+00,
         -2.9241943e-03]]], dtype=float32), h_activation=array([[[ 2.8965514e+00,  1.7235780e+00, -2.2760294e-03,  1.5599670e+00,
          4.8851156e+00,  5.9999452e+00,  9.9534470e-01,  3.4340525e-01,
          4.8266840e+00,  3.4928427e+00]]], dtype=float32), o_activation=array([[[-1.3245435e-01,  7.5361538e-01, -4.8690207e-02, -1.2061015e-01,
         -1.3385326e-01, -1.3643165e-01, -4.4264916e-02,  3.9491093e+00,
          1.0103685e+01,  1.0064182e+01,  7.6098628e+00,  1.0189892e+01,
          8.5306797e+00,  3.9769745e-01,  5.0669110e-01,  1.1685538e+00,
         -2.9241943e-03]]], dtype=float32), reward=1), transition(observation=array([[0., 0., 0., 0., 0., 0., 0., 0., 0., 0., 0., 0., 0., 0., 0., 0.,
        0., 0., 0., 0., 0., 0., 0., 0., 0., 0., 0., 0., 0., 0., 0., 0.,
        0., 0.]], dtype=float32), activation=array([[[-0.11262589,  0.65232563, -0.02323566, -0.08292727,
         -0.10450567, -0.10536047, -0.0472525 ,  0.21802926,
          6.119585  ,  7.2613983 ,  5.8013463 ,  7.950086  ,
          6.735158  ,  0.38311052,  0.6723536 ,  0.90456057,
         -0.00884497]]], dtype=float32), h_activation=array([[[2.0937994 , 1.2559674 , 0.04146385, 1.1831405 , 3.665779  ,
         4.555092  , 1.412895  , 0.52394867, 4.088479  , 2.7645311 ]]],
      dtype=float32), o_activation=array([[[-0.11262589,  0.65232563, -0.02323566, -0.08292727,
         -0.10450567, -0.10536047, -0.0472525 ,  0.21802926,
          6.119585  ,  7.2613983 ,  5.8013463 ,  7.950086  ,
          6.735158  ,  0.38311052,  0.6723536 ,  0.90456057,
         -0.00884497]]], dtype=float32), reward=1)], success=True), configuration(episode=33, buffer=[transition(observation=array([[1., 0., 0., 0., 0., 0., 0., 0., 0., 0., 0., 0., 0., 0., 0., 0.,
        0., 0., 0., 0., 0., 0., 0., 0., 0., 0., 0., 0., 0., 0., 0., 0.,
        0., 0.]], dtype=float32), activation=array([[[21.951925  , -0.16273472, -0.09903108, -0.06986514,
         -0.08627328, -0.08463791, -0.07808341, -0.07997513,
         -0.07514796, -0.08803788, -0.13114357, -0.16107212,
         -0.12245279, -0.08242273, -0.10989129, -0.17945905,
         -0.20810315]]], dtype=float32), h_activation=array([[[ 0.65741384,  1.0077157 ,  0.8094139 ,  1.0622857 ,
          0.5178273 ,  0.82935977, -0.00975731,  0.98335665,
          0.01363628,  0.61610925]]], dtype=float32), o_activation=array([[[21.951925  , -0.16273472, -0.09903108, -0.06986514,
         -0.08627328, -0.08463791, -0.07808341, -0.07997513,
         -0.07514796, -0.08803788, -0.13114357, -0.16107212,
         -0.12245279, -0.08242273, -0.10989129, -0.17945905,
         -0.20810315]]], dtype=float32), reward=1), transition(observation=array([[1., 0., 0., 0., 0., 0., 0., 0., 0., 0., 0., 0., 0., 0., 0., 0.,
        0., 0., 0., 0., 0., 0., 0., 0., 0., 0., 0., 0., 0., 0., 0., 0.,
        0., 0.]], dtype=float32), activation=array([[[21.146324  , -0.14792708, -0.104919  , -0.07433729,
         -0.07984799, -0.09023384, -0.08298661, -0.07847466,
         -0.07545355, -0.10006521, -0.13596888, -0.15759169,
         -0.1181853 , -0.08480775, -0.10400171, -0.15609512,
         -0.1784867 ]]], dtype=float32), h_activation=array([[[ 1.211765  ,  1.7285006 ,  1.2898107 ,  1.7559597 ,
          1.0133047 ,  1.457543  , -0.00780531,  1.724515  ,
          0.25897866,  1.0671432 ]]], dtype=float32), o_activation=array([[[21.146324  , -0.14792708, -0.104919  , -0.07433729,
         -0.07984799, -0.09023384, -0.08298661, -0.07847466,
         -0.07545355, -0.10006521, -0.13596888, -0.15759169,
         -0.1181853 , -0.08480775, -0.10400171, -0.15609512,
         -0.1784867 ]]], dtype=float32), reward=1), transition(observation=array([[1., 0., 0., 0., 0., 0., 0., 0., 0., 0., 0., 0., 0., 0., 0., 0.,
        0., 0., 0., 0., 0., 0., 0., 0., 0., 0., 0., 0., 0., 0., 0., 0.,
        0., 0.]], dtype=float32), activation=array([[[20.430962  , -0.13669364, -0.10844178, -0.08017697,
         -0.07913208, -0.09574541, -0.08695398, -0.0815801 ,
         -0.079727  , -0.10858901, -0.1358045 , -0.15104309,
         -0.11423667, -0.08659025, -0.09905452, -0.14056572,
         -0.15914483]]], dtype=float32), h_activation=array([[[ 1.6570485 ,  2.2222865 ,  1.5444682 ,  2.1770654 ,
          1.4570724 ,  1.9150693 , -0.00590907,  2.2735069 ,
          0.62183607,  1.3858216 ]]], dtype=float32), o_activation=array([[[20.430962  , -0.13669364, -0.10844178, -0.08017697,
         -0.07913208, -0.09574541, -0.08695398, -0.0815801 ,
         -0.079727  , -0.10858901, -0.1358045 , -0.15104309,
         -0.11423667, -0.08659025, -0.09905452, -0.14056572,
         -0.15914483]]], dtype=float32), reward=1), transition(observation=array([[ 1.0201195 ,  0.22462569,  0.529921  ,  0.24876401,  0.24220361,
        -0.0461327 ,  0.05016788,  0.4636741 ,  0.10077101, -0.05403754,
        -0.02565151,  0.01365728, -0.06725416, -0.13540949,  0.04628269,
         0.02214072,  0.00994906, -0.15538889, -0.22633179,  0.0593445 ,
         0.08421936,  0.08708628, -0.1102115 ,  0.15766756, -0.07754282,
        -0.06668956, -0.02799073,  0.03599812, -0.00512927, -0.00294512,
        -0.04024458, -0.0938223 ,  0.07234118,  0.        ]],
      dtype=float32), activation=array([[[26.854954  , -0.20225559, -0.18281421, -0.15352514,
         -0.13159625, -0.14453153, -0.13381884, -0.13716215,
         -0.1401165 , -0.14014591, -0.1424488 , -0.14629523,
         -0.12117282, -0.09858055, -0.10325167, -0.15437809,
         -0.20276366]]], dtype=float32), h_activation=array([[[ 1.4520752 ,  1.0491904 ,  2.013211  ,  3.4711285 ,
          1.2168347 ,  0.3315681 , -0.01107391,  3.3471968 ,
          0.92952   ,  3.892837  ]]], dtype=float32), o_activation=array([[[26.854954  , -0.20225559, -0.18281421, -0.15352514,
         -0.13159625, -0.14453153, -0.13381884, -0.13716215,
         -0.1401165 , -0.14014591, -0.1424488 , -0.14629523,
         -0.12117282, -0.09858055, -0.10325167, -0.15437809,
         -0.20276366]]], dtype=float32), reward=1), transition(observation=array([[ 1.0084642 ,  0.21723159,  0.41941196,  0.14434303,  0.27027693,
         0.13568354,  0.2548863 ,  0.19701385,  0.34716395,  0.05349067,
         0.00727404,  0.09399368,  0.04018806, -0.09939803,  0.11669576,
         0.09404635,  0.02273168, -0.16374625, -0.11206862,  0.08509982,
        -0.09257691, -0.09014329, -0.10080492, -0.13934511,  0.04225853,
         0.24510035, -0.06049283,  0.1415095 ,  0.14204592,  0.09508237,
         0.001202  ,  0.10219239, -0.01371733,  0.        ]],
      dtype=float32), activation=array([[[29.180244  , -0.1805265 , -0.11669306, -0.08941708,
         -0.14415985, -0.18309431, -0.14623614, -0.12705053,
         -0.1622442 , -0.20724577, -0.18338493, -0.1749075 ,
         -0.17347653, -0.17329395, -0.1355312 , -0.15655701,
         -0.20070672]]], dtype=float32), h_activation=array([[[ 1.0905066 ,  1.4721241 ,  1.5264579 ,  3.2347236 ,
          0.98751926,  0.34565625, -0.00880873,  3.742028  ,
          1.5162697 ,  5.4442325 ]]], dtype=float32), o_activation=array([[[29.180244  , -0.1805265 , -0.11669306, -0.08941708,
         -0.14415985, -0.18309431, -0.14623614, -0.12705053,
         -0.1622442 , -0.20724577, -0.18338493, -0.1749075 ,
         -0.17347653, -0.17329395, -0.1355312 , -0.15655701,
         -0.20070672]]], dtype=float32), reward=1), transition(observation=array([[ 1.22785258e+00,  2.84675986e-01,  2.47256488e-01,
         5.47530167e-02, -2.81106159e-02,  7.78510794e-02,
         1.32256389e-01,  5.07612705e-01,  2.00520515e-01,
         1.50122672e-01, -2.02195495e-01,  1.64453790e-01,
         1.43976972e-01, -1.13258414e-01,  4.08026874e-02,
         3.67034338e-02,  5.39788962e-05,  7.23841134e-03,
         3.95148583e-02,  6.43990189e-02,  1.83752269e-01,
         2.54262835e-01, -2.34753657e-02, -1.67721093e-01,
         3.35852392e-02,  3.94697413e-02, -4.01570722e-02,
        -6.62037507e-02, -4.83550783e-03, -1.10946298e-02,
        -1.74481384e-02,  3.85456607e-02, -1.45141870e-01,
         0.00000000e+00]], dtype=float32), activation=array([[[31.966217  , -0.17546968, -0.09700884, -0.08248241,
         -0.13540788, -0.17268573, -0.1560532 , -0.15253022,
         -0.17313701, -0.22152843, -0.20560206, -0.18743095,
         -0.20274438, -0.23201774, -0.16317177, -0.16669117,
         -0.22109409]]], dtype=float32), h_activation=array([[[ 0.59254503,  1.1915712 ,  2.3178673 ,  2.6559834 ,
          1.2735022 ,  1.2251003 , -0.01159836,  3.1285446 ,
          2.3079834 ,  6.9006886 ]]], dtype=float32), o_activation=array([[[31.966217  , -0.17546968, -0.09700884, -0.08248241,
         -0.13540788, -0.17268573, -0.1560532 , -0.15253022,
         -0.17313701, -0.22152843, -0.20560206, -0.18743095,
         -0.20274438, -0.23201774, -0.16317177, -0.16669117,
         -0.22109409]]], dtype=float32), reward=1), transition(observation=array([[ 0.91757137,  0.09694386,  0.61682993,  0.22285728,  0.21012923,
         0.05641629,  0.3176489 ,  0.4072168 ,  0.2525341 , -0.21313757,
         0.05197287, -0.02837299, -0.04328267, -0.08535296, -0.04380249,
         0.0349842 , -0.10305872,  0.04770269,  0.04661036, -0.21790884,
        -0.06889103, -0.05005271, -0.0534799 , -0.30456614, -0.03683339,
         0.03673138, -0.0440163 ,  0.04293002, -0.04697244, -0.01594589,
        -0.00273036,  0.03560483, -0.02084419,  0.        ]],
      dtype=float32), activation=array([[[20.926432  , -0.1275533 , -0.08048388, -0.11562758,
         -0.17101611, -0.17903318, -0.12239383, -0.08170768,
         -0.08849634, -0.16734043, -0.16179052, -0.12192417,
         -0.13951226, -0.20130055, -0.12663625, -0.10686371,
         -0.16188024]]], dtype=float32), h_activation=array([[[-1.8943768e-03, -6.2316647e-03,  2.0647945e+00,  2.8969684e+00,
          3.5947889e-01, -7.0779440e-03, -1.4729664e-02,  3.4571934e+00,
          2.8897529e+00,  7.5335908e+00]]], dtype=float32), o_activation=array([[[20.926432  , -0.1275533 , -0.08048388, -0.11562758,
         -0.17101611, -0.17903318, -0.12239383, -0.08170768,
         -0.08849634, -0.16734043, -0.16179052, -0.12192417,
         -0.13951226, -0.20130055, -0.12663625, -0.10686371,
         -0.16188024]]], dtype=float32), reward=1), transition(observation=array([[ 0.9737131 ,  0.34475005,  0.64325035,  0.17195858, -0.01405157,
        -0.06993829,  0.15576373,  0.4050242 ,  0.1392248 ,  0.00989779,
         0.0925433 , -0.04529979,  0.11422285, -0.02769205,  0.1295386 ,
        -0.09761291,  0.14090976, -0.05340738, -0.05025176, -0.03771355,
         0.10093208,  0.19897977,  0.19126152,  0.05985011, -0.0352047 ,
         0.05468751,  0.06341944, -0.02927279,  0.0057528 ,  0.00359348,
        -0.06770175, -0.07635865, -0.1373485 ,  0.        ]],
      dtype=float32), activation=array([[[23.722391  , -0.17024192, -0.07235061, -0.08438376,
         -0.15567756, -0.15398444, -0.09582826, -0.08507071,
         -0.13623227, -0.2294127 , -0.1987568 , -0.14392725,
         -0.19193064, -0.27180228, -0.16778511, -0.14055853,
         -0.21003042]]], dtype=float32), h_activation=array([[[ 4.3110991e-01, -8.7994030e-03,  3.2077320e+00,  2.4052310e+00,
          1.7956103e+00, -1.0759946e-02, -7.1590059e-03,  3.9292390e+00,
          3.3038740e+00,  8.9335384e+00]]], dtype=float32), o_activation=array([[[23.722391  , -0.17024192, -0.07235061, -0.08438376,
         -0.15567756, -0.15398444, -0.09582826, -0.08507071,
         -0.13623227, -0.2294127 , -0.1987568 , -0.14392725,
         -0.19193064, -0.27180228, -0.16778511, -0.14055853,
         -0.21003042]]], dtype=float32), reward=1), transition(observation=array([[0., 0., 0., 0., 0., 0., 0., 0., 0., 0., 0., 0., 0., 0., 0., 0.,
        0., 0., 0., 0., 0., 0., 0., 0., 0., 0., 0., 0., 0., 0., 0., 0.,
        0., 0.]], dtype=float32), activation=array([[[-1.2917969e-01,  7.4683733e+00,  1.4104557e+01,  7.8085008e+00,
         -3.7731867e-02, -4.6020914e-02,  5.2636213e+00,  9.0634689e+00,
          4.1449561e+00, -9.0884753e-02, -6.9612183e-02, -5.9118411e-03,
         -4.0671557e-02, -1.2577944e-01, -2.8844008e-02,  3.0704288e+00,
          1.6467423e+00]]], dtype=float32), h_activation=array([[[0.47640193, 0.2945292 , 2.4452364 , 1.802272  , 1.6676164 ,
         0.30327418, 0.1396448 , 3.1691527 , 3.0892024 , 6.8005447 ]]],
      dtype=float32), o_activation=array([[[-1.2917969e-01,  7.4683733e+00,  1.4104557e+01,  7.8085008e+00,
         -3.7731867e-02, -4.6020914e-02,  5.2636213e+00,  9.0634689e+00,
          4.1449561e+00, -9.0884753e-02, -6.9612183e-02, -5.9118411e-03,
         -4.0671557e-02, -1.2577944e-01, -2.8844008e-02,  3.0704288e+00,
          1.6467423e+00]]], dtype=float32), reward=1), transition(observation=array([[0., 0., 0., 0., 0., 0., 0., 0., 0., 0., 0., 0., 0., 0., 0., 0.,
        0., 0., 0., 0., 0., 0., 0., 0., 0., 0., 0., 0., 0., 0., 0., 0.,
        0., 0.]], dtype=float32), activation=array([[[-1.18248545e-01,  5.19868946e+00,  1.07102623e+01,
          5.78677845e+00, -2.96782348e-02, -3.01107075e-02,
          4.62998009e+00,  6.65515327e+00,  3.19479442e+00,
         -6.52077496e-02, -5.14330268e-02, -5.05866529e-03,
         -2.95695607e-02, -8.84052813e-02, -1.73316710e-02,
          1.76278591e+00,  1.75084591e-01]]], dtype=float32), h_activation=array([[[0.46015716, 0.5339901 , 1.9559329 , 1.4516668 , 1.469068  ,
         0.5191373 , 0.19159168, 2.6094387 , 2.7768679 , 5.2168937 ]]],
      dtype=float32), o_activation=array([[[-1.18248545e-01,  5.19868946e+00,  1.07102623e+01,
          5.78677845e+00, -2.96782348e-02, -3.01107075e-02,
          4.62998009e+00,  6.65515327e+00,  3.19479442e+00,
         -6.52077496e-02, -5.14330268e-02, -5.05866529e-03,
         -2.95695607e-02, -8.84052813e-02, -1.73316710e-02,
          1.76278591e+00,  1.75084591e-01]]], dtype=float32), reward=1)], success=True), configuration(episode=34, buffer=[transition(observation=array([[1., 0., 0., 0., 0., 0., 0., 0., 0., 0., 0., 0., 0., 0., 0., 0.,
        0., 0., 0., 0., 0., 0., 0., 0., 0., 0., 0., 0., 0., 0., 0., 0.,
        0., 0.]], dtype=float32), activation=array([[[21.951925  , -0.16273472, -0.09903108, -0.06986514,
         -0.08627328, -0.08463791, -0.07808341, -0.07997513,
         -0.07514796, -0.08803788, -0.13114357, -0.16107212,
         -0.12245279, -0.08242273, -0.10989129, -0.17945905,
         -0.20810315]]], dtype=float32), h_activation=array([[[ 0.65741384,  1.0077157 ,  0.8094139 ,  1.0622857 ,
          0.5178273 ,  0.82935977, -0.00975731,  0.98335665,
          0.01363628,  0.61610925]]], dtype=float32), o_activation=array([[[21.951925  , -0.16273472, -0.09903108, -0.06986514,
         -0.08627328, -0.08463791, -0.07808341, -0.07997513,
         -0.07514796, -0.08803788, -0.13114357, -0.16107212,
         -0.12245279, -0.08242273, -0.10989129, -0.17945905,
         -0.20810315]]], dtype=float32), reward=1), transition(observation=array([[1., 0., 0., 0., 0., 0., 0., 0., 0., 0., 0., 0., 0., 0., 0., 0.,
        0., 0., 0., 0., 0., 0., 0., 0., 0., 0., 0., 0., 0., 0., 0., 0.,
        0., 0.]], dtype=float32), activation=array([[[21.146324  , -0.14792708, -0.104919  , -0.07433729,
         -0.07984799, -0.09023384, -0.08298661, -0.07847466,
         -0.07545355, -0.10006521, -0.13596888, -0.15759169,
         -0.1181853 , -0.08480775, -0.10400171, -0.15609512,
         -0.1784867 ]]], dtype=float32), h_activation=array([[[ 1.211765  ,  1.7285006 ,  1.2898107 ,  1.7559597 ,
          1.0133047 ,  1.457543  , -0.00780531,  1.724515  ,
          0.25897866,  1.0671432 ]]], dtype=float32), o_activation=array([[[21.146324  , -0.14792708, -0.104919  , -0.07433729,
         -0.07984799, -0.09023384, -0.08298661, -0.07847466,
         -0.07545355, -0.10006521, -0.13596888, -0.15759169,
         -0.1181853 , -0.08480775, -0.10400171, -0.15609512,
         -0.1784867 ]]], dtype=float32), reward=1), transition(observation=array([[1., 0., 0., 0., 0., 0., 0., 0., 0., 0., 0., 0., 0., 0., 0., 0.,
        0., 0., 0., 0., 0., 0., 0., 0., 0., 0., 0., 0., 0., 0., 0., 0.,
        0., 0.]], dtype=float32), activation=array([[[20.430962  , -0.13669364, -0.10844178, -0.08017697,
         -0.07913208, -0.09574541, -0.08695398, -0.0815801 ,
         -0.079727  , -0.10858901, -0.1358045 , -0.15104309,
         -0.11423667, -0.08659025, -0.09905452, -0.14056572,
         -0.15914483]]], dtype=float32), h_activation=array([[[ 1.6570485 ,  2.2222865 ,  1.5444682 ,  2.1770654 ,
          1.4570724 ,  1.9150693 , -0.00590907,  2.2735069 ,
          0.62183607,  1.3858216 ]]], dtype=float32), o_activation=array([[[20.430962  , -0.13669364, -0.10844178, -0.08017697,
         -0.07913208, -0.09574541, -0.08695398, -0.0815801 ,
         -0.079727  , -0.10858901, -0.1358045 , -0.15104309,
         -0.11423667, -0.08659025, -0.09905452, -0.14056572,
         -0.15914483]]], dtype=float32), reward=1), transition(observation=array([[ 0.78535765,  0.32905558,  0.6109    ,  0.22088234,  0.1264334 ,
         0.01095386,  0.03833246,  0.07953184, -0.02402583,  0.07819632,
         0.07250264,  0.05540431, -0.09331106, -0.05160606, -0.07970011,
         0.14307645,  0.00496036,  0.04606448,  0.03176879, -0.15468717,
        -0.14320953,  0.13565566,  0.07767452,  0.03090825, -0.17695467,
         0.08885106, -0.00475082,  0.0838797 ,  0.05566196, -0.16299814,
        -0.03657109,  0.06811446, -0.20931363,  0.        ]],
      dtype=float32), activation=array([[[19.941135  , -0.1825941 , -0.16383061, -0.13203907,
         -0.1047158 , -0.1064883 , -0.09187458, -0.09510943,
         -0.10813265, -0.12173798, -0.12885547, -0.13120484,
         -0.10143238, -0.07605414, -0.08095939, -0.12728563,
         -0.17502956]]], dtype=float32), h_activation=array([[[2.2127972, 1.8953369, 1.2800233, 2.5209956, 1.9574912,
         0.2997335, 0.3321095, 4.0368137, 1.5961679, 4.158999 ]]],
      dtype=float32), o_activation=array([[[19.941135  , -0.1825941 , -0.16383061, -0.13203907,
         -0.1047158 , -0.1064883 , -0.09187458, -0.09510943,
         -0.10813265, -0.12173798, -0.12885547, -0.13120484,
         -0.10143238, -0.07605414, -0.08095939, -0.12728563,
         -0.17502956]]], dtype=float32), reward=1), transition(observation=array([[ 0.94661987,  0.3908678 ,  0.6337614 ,  0.41568935,  0.21532279,
         0.00667549,  0.12371223,  0.03290279,  0.17627542,  0.17774442,
        -0.02777904,  0.16591659, -0.05530292,  0.19657922,  0.09415049,
        -0.15222394,  0.02949495, -0.01556818, -0.00699168,  0.05124402,
         0.1336353 ,  0.01089661, -0.0490747 , -0.06332041,  0.14363286,
        -0.01294849,  0.00876441, -0.15987259, -0.09890512, -0.15822557,
        -0.14702228,  0.02534196, -0.04474521,  0.        ]],
      dtype=float32), activation=array([[[26.884914  , -0.18310833, -0.13395959, -0.12281381,
         -0.14372103, -0.1547374 , -0.13946351, -0.16154522,
         -0.18196572, -0.1921447 , -0.16600005, -0.16400476,
         -0.1749243 , -0.17034708, -0.12638785, -0.15737288,
         -0.20201978]]], dtype=float32), h_activation=array([[[ 3.2043087 ,  1.2822303 ,  1.0793905 ,  1.6496255 ,
          2.7708569 , -0.01432191,  0.17316914,  5.004549  ,
          1.3810331 ,  6.3292155 ]]], dtype=float32), o_activation=array([[[26.884914  , -0.18310833, -0.13395959, -0.12281381,
         -0.14372103, -0.1547374 , -0.13946351, -0.16154522,
         -0.18196572, -0.1921447 , -0.16600005, -0.16400476,
         -0.1749243 , -0.17034708, -0.12638785, -0.15737288,
         -0.20201978]]], dtype=float32), reward=1), transition(observation=array([[ 1.0023999 ,  0.43134564,  0.61796755,  0.46510622,  0.05452643,
         0.15059102,  0.00269089, -0.03920528,  0.10065841,  0.10679977,
         0.05649432,  0.26595446, -0.08500926, -0.25575247,  0.05394405,
         0.18923505,  0.02634485, -0.14503135, -0.07694183, -0.04971462,
         0.06675667, -0.09178471, -0.00240054, -0.1308151 , -0.04000491,
         0.13019475,  0.01690882,  0.12346012,  0.00613915,  0.02602926,
        -0.05644882,  0.0288325 , -0.21648571,  0.        ]],
      dtype=float32), activation=array([[[28.406643  , -0.16404542, -0.08810146, -0.11127664,
         -0.17084377, -0.18275727, -0.15955614, -0.1787811 ,
         -0.1922458 , -0.21396936, -0.18615356, -0.16002342,
         -0.1540731 , -0.16821194, -0.12842502, -0.18109223,
         -0.23253788]]], dtype=float32), h_activation=array([[[ 3.3781109e+00,  1.3283058e+00, -5.3955154e-03,  2.1416793e+00,
          2.9058518e+00, -5.8297310e-03,  1.3130448e+00,  6.7472906e+00,
          3.1632376e+00,  8.7078571e+00]]], dtype=float32), o_activation=array([[[28.406643  , -0.16404542, -0.08810146, -0.11127664,
         -0.17084377, -0.18275727, -0.15955614, -0.1787811 ,
         -0.1922458 , -0.21396936, -0.18615356, -0.16002342,
         -0.1540731 , -0.16821194, -0.12842502, -0.18109223,
         -0.23253788]]], dtype=float32), reward=1), transition(observation=array([[ 1.0291213 ,  0.2943627 ,  0.6886817 ,  0.28950238,  0.05471412,
        -0.04516766, -0.03984595, -0.02837186,  0.14507055,  0.09447286,
         0.01302186,  0.07160547,  0.21779956,  0.01621997, -0.02952969,
         0.05631253,  0.05142922,  0.10281912,  0.08503699,  0.02025063,
        -0.12483   , -0.11906468,  0.07679678, -0.07886168, -0.18747392,
        -0.00969252, -0.07018008,  0.0595931 , -0.07028197,  0.24714184,
         0.08898137, -0.14244112,  0.02392318,  0.        ]],
      dtype=float32), activation=array([[[26.1806    , -0.12986581, -0.02875022, -0.07892971,
         -0.15494676, -0.17355423, -0.18221898, -0.23242722,
         -0.22041409, -0.23421995, -0.1740363 , -0.13366163,
         -0.18160215, -0.24792255, -0.14328425, -0.15061538,
         -0.2131065 ]]], dtype=float32), h_activation=array([[[ 4.1714873e+00,  3.7212074e-01, -4.5855171e-03,  1.3005877e+00,
          3.3771465e+00, -3.6814509e-04,  2.5875342e+00,  7.0940857e+00,
          3.2651665e+00,  9.8750000e+00]]], dtype=float32), o_activation=array([[[26.1806    , -0.12986581, -0.02875022, -0.07892971,
         -0.15494676, -0.17355423, -0.18221898, -0.23242722,
         -0.22041409, -0.23421995, -0.1740363 , -0.13366163,
         -0.18160215, -0.24792255, -0.14328425, -0.15061538,
         -0.2131065 ]]], dtype=float32), reward=1), transition(observation=array([[ 1.0145812 ,  0.36700544,  0.6376815 ,  0.42754093,  0.22949849,
        -0.10668747, -0.00501041,  0.10919767,  0.01453399,  0.10435718,
         0.17357557, -0.00892391, -0.0415719 , -0.05606076, -0.04001357,
         0.06057069,  0.15068175,  0.01777032, -0.13458747, -0.12429042,
         0.01840228,  0.05797041,  0.00419204, -0.1623562 , -0.02152092,
         0.06268632, -0.07284167, -0.11107067,  0.21354038,  0.10836232,
         0.00607167, -0.00528198,  0.00986033,  0.        ]],
      dtype=float32), activation=array([[[ 2.8070816e+01, -1.1339116e-01, -5.9217070e-03, -8.1305623e-02,
         -1.9401246e-01, -2.2318667e-01, -2.3886383e-01, -2.8662136e-01,
         -2.4676496e-01, -2.4204718e-01, -1.7168024e-01, -1.0664463e-01,
         -1.3821675e-01, -2.2854835e-01, -1.3926862e-01, -1.5443945e-01,
         -2.1770038e-01]]], dtype=float32), h_activation=array([[[ 4.514088  ,  0.04090542,  0.37438345,  2.0442514 ,
          3.8815813 , -0.01881204,  3.6810536 ,  7.4126005 ,
          3.505356  , 10.475914  ]]], dtype=float32), o_activation=array([[[ 2.8070816e+01, -1.1339116e-01, -5.9217070e-03, -8.1305623e-02,
         -1.9401246e-01, -2.2318667e-01, -2.3886383e-01, -2.8662136e-01,
         -2.4676496e-01, -2.4204718e-01, -1.7168024e-01, -1.0664463e-01,
         -1.3821675e-01, -2.2854835e-01, -1.3926862e-01, -1.5443945e-01,
         -2.1770038e-01]]], dtype=float32), reward=1), transition(observation=array([[0., 0., 0., 0., 0., 0., 0., 0., 0., 0., 0., 0., 0., 0., 0., 0.,
        0., 0., 0., 0., 0., 0., 0., 0., 0., 0., 0., 0., 0., 0., 0., 0.,
        0., 0.]], dtype=float32), activation=array([[[-7.5257406e-02,  1.2631768e+01,  2.2408079e+01,  1.4155617e+01,
         -1.6648674e-02, -1.0798906e-01, -1.3701437e-01, -1.5551901e-01,
         -8.8297419e-02, -9.2141286e-02, -1.7481016e-02,  4.3145280e+00,
          6.9083124e-01, -9.8301806e-02, -2.8563701e-03,  4.2301011e+00,
          2.6406722e+00]]], dtype=float32), h_activation=array([[[ 3.0464292e+00,  1.2506437e-01,  3.9851618e-01,  1.2857097e+00,
          3.0782528e+00, -6.5883697e-04,  3.7536721e+00,  5.5057888e+00,
          3.2783988e+00,  7.6927619e+00]]], dtype=float32), o_activation=array([[[-7.5257406e-02,  1.2631768e+01,  2.2408079e+01,  1.4155617e+01,
         -1.6648674e-02, -1.0798906e-01, -1.3701437e-01, -1.5551901e-01,
         -8.8297419e-02, -9.2141286e-02, -1.7481016e-02,  4.3145280e+00,
          6.9083124e-01, -9.8301806e-02, -2.8563701e-03,  4.2301011e+00,
          2.6406722e+00]]], dtype=float32), reward=1), transition(observation=array([[0., 0., 0., 0., 0., 0., 0., 0., 0., 0., 0., 0., 0., 0., 0., 0.,
        0., 0., 0., 0., 0., 0., 0., 0., 0., 0., 0., 0., 0., 0., 0., 0.,
        0., 0.]], dtype=float32), activation=array([[[-6.9712199e-02,  9.1771097e+00,  1.7158203e+01,  1.0637239e+01,
         -1.7263250e-02, -8.1844918e-02, -1.1289993e-01, -1.3375646e-01,
         -7.0312515e-02, -6.0275383e-02, -9.6487142e-03,  2.8046188e+00,
          3.3379155e-01, -6.9631711e-02,  1.1712408e-01,  3.0302672e+00,
          1.3368831e+00]]], dtype=float32), h_activation=array([[[ 1.9182427e+00,  2.4890032e-01,  6.2394863e-01,  9.7517633e-01,
          2.3137000e+00, -1.1728137e-04,  3.3821061e+00,  4.0991039e+00,
          2.7544727e+00,  5.6746578e+00]]], dtype=float32), o_activation=array([[[-6.9712199e-02,  9.1771097e+00,  1.7158203e+01,  1.0637239e+01,
         -1.7263250e-02, -8.1844918e-02, -1.1289993e-01, -1.3375646e-01,
         -7.0312515e-02, -6.0275383e-02, -9.6487142e-03,  2.8046188e+00,
          3.3379155e-01, -6.9631711e-02,  1.1712408e-01,  3.0302672e+00,
          1.3368831e+00]]], dtype=float32), reward=1)], success=True), configuration(episode=35, buffer=[transition(observation=array([[1., 0., 0., 0., 0., 0., 0., 0., 0., 0., 0., 0., 0., 0., 0., 0.,
        0., 0., 0., 0., 0., 0., 0., 0., 0., 0., 0., 0., 0., 0., 0., 0.,
        0., 0.]], dtype=float32), activation=array([[[21.951925  , -0.16273472, -0.09903108, -0.06986514,
         -0.08627328, -0.08463791, -0.07808341, -0.07997513,
         -0.07514796, -0.08803788, -0.13114357, -0.16107212,
         -0.12245279, -0.08242273, -0.10989129, -0.17945905,
         -0.20810315]]], dtype=float32), h_activation=array([[[ 0.65741384,  1.0077157 ,  0.8094139 ,  1.0622857 ,
          0.5178273 ,  0.82935977, -0.00975731,  0.98335665,
          0.01363628,  0.61610925]]], dtype=float32), o_activation=array([[[21.951925  , -0.16273472, -0.09903108, -0.06986514,
         -0.08627328, -0.08463791, -0.07808341, -0.07997513,
         -0.07514796, -0.08803788, -0.13114357, -0.16107212,
         -0.12245279, -0.08242273, -0.10989129, -0.17945905,
         -0.20810315]]], dtype=float32), reward=1), transition(observation=array([[1., 0., 0., 0., 0., 0., 0., 0., 0., 0., 0., 0., 0., 0., 0., 0.,
        0., 0., 0., 0., 0., 0., 0., 0., 0., 0., 0., 0., 0., 0., 0., 0.,
        0., 0.]], dtype=float32), activation=array([[[21.146324  , -0.14792708, -0.104919  , -0.07433729,
         -0.07984799, -0.09023384, -0.08298661, -0.07847466,
         -0.07545355, -0.10006521, -0.13596888, -0.15759169,
         -0.1181853 , -0.08480775, -0.10400171, -0.15609512,
         -0.1784867 ]]], dtype=float32), h_activation=array([[[ 1.211765  ,  1.7285006 ,  1.2898107 ,  1.7559597 ,
          1.0133047 ,  1.457543  , -0.00780531,  1.724515  ,
          0.25897866,  1.0671432 ]]], dtype=float32), o_activation=array([[[21.146324  , -0.14792708, -0.104919  , -0.07433729,
         -0.07984799, -0.09023384, -0.08298661, -0.07847466,
         -0.07545355, -0.10006521, -0.13596888, -0.15759169,
         -0.1181853 , -0.08480775, -0.10400171, -0.15609512,
         -0.1784867 ]]], dtype=float32), reward=1), transition(observation=array([[1., 0., 0., 0., 0., 0., 0., 0., 0., 0., 0., 0., 0., 0., 0., 0.,
        0., 0., 0., 0., 0., 0., 0., 0., 0., 0., 0., 0., 0., 0., 0., 0.,
        0., 0.]], dtype=float32), activation=array([[[20.430962  , -0.13669364, -0.10844178, -0.08017697,
         -0.07913208, -0.09574541, -0.08695398, -0.0815801 ,
         -0.079727  , -0.10858901, -0.1358045 , -0.15104309,
         -0.11423667, -0.08659025, -0.09905452, -0.14056572,
         -0.15914483]]], dtype=float32), h_activation=array([[[ 1.6570485 ,  2.2222865 ,  1.5444682 ,  2.1770654 ,
          1.4570724 ,  1.9150693 , -0.00590907,  2.2735069 ,
          0.62183607,  1.3858216 ]]], dtype=float32), o_activation=array([[[20.430962  , -0.13669364, -0.10844178, -0.08017697,
         -0.07913208, -0.09574541, -0.08695398, -0.0815801 ,
         -0.079727  , -0.10858901, -0.1358045 , -0.15104309,
         -0.11423667, -0.08659025, -0.09905452, -0.14056572,
         -0.15914483]]], dtype=float32), reward=1), transition(observation=array([[ 1.1333772 ,  0.19813764,  0.15917331,  0.06380714, -0.0655387 ,
         0.05779142,  0.09064658, -0.18695562,  0.05844188,  0.02247655,
         0.0649654 ,  0.06118526, -0.20055717, -0.0485023 ,  0.35726097,
         0.722108  ,  0.7157287 , -0.2645968 , -0.03865965, -0.12799963,
        -0.09104347,  0.11685515,  0.10331129,  0.0786325 ,  0.11538166,
         0.03396348, -0.03605959, -0.03315517, -0.00633805,  0.08570388,
         0.08093672,  0.01709808, -0.07902862,  0.        ]],
      dtype=float32), activation=array([[[32.92465   , -0.24616604, -0.18914819, -0.14411885,
         -0.15121667, -0.14640199, -0.1345043 , -0.14274386,
         -0.16831417, -0.18909195, -0.17769243, -0.16951507,
         -0.1609086 , -0.16959903, -0.1956877 , -0.2768032 ,
         -0.29642478]]], dtype=float32), h_activation=array([[[2.0875254, 4.50158  , 2.7406895, 4.525456 , 3.168128 ,
         4.1300488, 3.0653536, 6.307932 , 2.2848766, 2.3923666]]],
      dtype=float32), o_activation=array([[[32.92465   , -0.24616604, -0.18914819, -0.14411885,
         -0.15121667, -0.14640199, -0.1345043 , -0.14274386,
         -0.16831417, -0.18909195, -0.17769243, -0.16951507,
         -0.1609086 , -0.16959903, -0.1956877 , -0.2768032 ,
         -0.29642478]]], dtype=float32), reward=1), transition(observation=array([[ 0.91890246,  0.22436596, -0.05508789, -0.03163351, -0.02692964,
        -0.05335331, -0.09265803,  0.01068202,  0.1777561 , -0.02861236,
        -0.08025856, -0.09219294,  0.05191448, -0.01786465,  0.40386555,
         0.59705096,  0.80612105,  0.08450339,  0.11483756, -0.05528102,
        -0.20718797,  0.1176716 ,  0.05029842, -0.17313492, -0.1703927 ,
        -0.02114199, -0.18013416, -0.05298367,  0.21712635,  0.07283919,
         0.08694465,  0.0538271 ,  0.03882417,  0.        ]],
      dtype=float32), activation=array([[[24.648064  , -0.16217262, -0.13954414, -0.11864043,
         -0.11602058, -0.14631018, -0.18226701, -0.22065194,
         -0.21015668, -0.20802614, -0.13393818, -0.10598258,
         -0.13870616, -0.17066476, -0.12257343, -0.14171773,
         -0.17677318]]], dtype=float32), h_activation=array([[[2.3944168, 5.764131 , 4.8291183, 5.828575 , 4.1135063,
         6.5730987, 5.7777686, 7.8871813, 2.0952244, 2.740155 ]]],
      dtype=float32), o_activation=array([[[24.648064  , -0.16217262, -0.13954414, -0.11864043,
         -0.11602058, -0.14631018, -0.18226701, -0.22065194,
         -0.21015668, -0.20802614, -0.13393818, -0.10598258,
         -0.13870616, -0.17066476, -0.12257343, -0.14171773,
         -0.17677318]]], dtype=float32), reward=1), transition(observation=array([[ 9.54410255e-01,  1.37448892e-01,  1.04478039e-01,
         1.50396265e-02,  2.26784665e-02, -1.26923889e-01,
         7.62415156e-02, -4.69315648e-02, -6.13787286e-02,
        -5.36184423e-02,  2.26915795e-02, -3.31624411e-02,
         1.05450019e-01, -9.91217699e-03,  3.90523285e-01,
         5.94000101e-01,  4.84005064e-01,  1.18542254e-01,
        -1.03458896e-01, -1.52063631e-02, -8.05987269e-02,
        -1.65086821e-01,  4.32286486e-02,  9.15216953e-02,
        -5.91691919e-02, -1.64565057e-01, -1.24763295e-01,
        -6.28357008e-02,  5.95695525e-02,  7.48661160e-03,
         7.90603235e-02, -8.43984820e-03,  9.47785738e-04,
         0.00000000e+00]], dtype=float32), activation=array([[[25.807785  , -0.11637885, -0.15885083, -0.16341014,
         -0.14388008, -0.20207006, -0.26379842, -0.26769483,
         -0.20395853, -0.21201566, -0.15619527, -0.11420639,
         -0.12220442, -0.16434866, -0.09517942, -0.0495827 ,
         -0.07599711]]], dtype=float32), h_activation=array([[[2.4754765, 5.3770685, 5.562808 , 6.7906322, 4.688493 ,
         7.3534765, 7.140839 , 9.439967 , 2.8417618, 2.1466336]]],
      dtype=float32), o_activation=array([[[25.807785  , -0.11637885, -0.15885083, -0.16341014,
         -0.14388008, -0.20207006, -0.26379842, -0.26769483,
         -0.20395853, -0.21201566, -0.15619527, -0.11420639,
         -0.12220442, -0.16434866, -0.09517942, -0.0495827 ,
         -0.07599711]]], dtype=float32), reward=1), transition(observation=array([[ 9.79926288e-01,  1.64124548e-01,  2.42346659e-01,
         2.03980103e-01, -9.57070962e-02, -5.68590313e-02,
         1.12148307e-01,  1.43096268e-01,  6.99769408e-02,
        -8.15860704e-02, -1.74248412e-01, -7.08724782e-02,
         6.34471923e-02,  2.93416027e-02,  3.69191170e-01,
         6.00999415e-01,  6.04330480e-01, -4.24857164e-04,
        -1.25439703e-01,  1.02218576e-01,  2.10527331e-02,
         6.61529088e-03, -2.21753910e-01,  4.62474264e-02,
         2.04448447e-01, -6.54082820e-02, -8.26361775e-02,
        -6.41501620e-02, -1.72259942e-01,  5.89048071e-03,
         1.94652379e-02,  8.63976926e-02,  1.18523791e-01,
         0.00000000e+00]], dtype=float32), activation=array([[[ 2.9071323e+01, -1.4317378e-01, -1.7986028e-01, -1.8435439e-01,
         -1.7807473e-01, -2.4990243e-01, -3.1477240e-01, -3.3263704e-01,
         -2.7282393e-01, -2.5420228e-01, -1.4613587e-01, -8.8720873e-02,
         -1.1678465e-01, -1.6089667e-01, -7.0243061e-02, -2.5145030e-02,
         -7.9292737e-02]]], dtype=float32), h_activation=array([[[ 1.8377261,  3.9457793,  6.780324 ,  7.3319263,  4.431236 ,
          7.365041 ,  8.510724 , 10.451486 ,  2.8772109,  2.4336157]]],
      dtype=float32), o_activation=array([[[ 2.9071323e+01, -1.4317378e-01, -1.7986028e-01, -1.8435439e-01,
         -1.7807473e-01, -2.4990243e-01, -3.1477240e-01, -3.3263704e-01,
         -2.7282393e-01, -2.5420228e-01, -1.4613587e-01, -8.8720873e-02,
         -1.1678465e-01, -1.6089667e-01, -7.0243061e-02, -2.5145030e-02,
         -7.9292737e-02]]], dtype=float32), reward=1), transition(observation=array([[ 1.0807319 ,  0.31736338, -0.14645925, -0.06729892,  0.05435859,
        -0.06124668,  0.0306926 , -0.01232441, -0.14734715,  0.1884297 ,
        -0.00574015, -0.02246667, -0.12493978,  0.2244052 ,  0.34895018,
         0.92177033,  0.582078  ,  0.11440598, -0.01811106,  0.09309707,
        -0.00707559, -0.0884917 ,  0.0889981 , -0.11266865,  0.10949272,
        -0.02574967,  0.04799641, -0.13647036, -0.04399082,  0.02811747,
         0.05894984,  0.03547126, -0.12385576,  0.        ]],
      dtype=float32), activation=array([[[ 3.3306477e+01, -1.2706400e-01, -1.4542900e-01, -1.5774882e-01,
         -2.0817512e-01, -2.9102907e-01, -3.3815968e-01, -3.4532541e-01,
         -3.0944920e-01, -3.3533633e-01, -2.0624107e-01, -1.1926361e-01,
         -1.3890909e-01, -1.9551083e-01, -9.0179279e-02, -2.6364474e-02,
         -7.7397428e-02]]], dtype=float32), h_activation=array([[[ 1.8616831,  5.8386745,  8.276881 ,  8.217873 ,  5.831071 ,
          8.197423 ,  9.952256 , 11.395399 ,  3.008886 ,  1.2230079]]],
      dtype=float32), o_activation=array([[[ 3.3306477e+01, -1.2706400e-01, -1.4542900e-01, -1.5774882e-01,
         -2.0817512e-01, -2.9102907e-01, -3.3815968e-01, -3.4532541e-01,
         -3.0944920e-01, -3.3533633e-01, -2.0624107e-01, -1.1926361e-01,
         -1.3890909e-01, -1.9551083e-01, -9.0179279e-02, -2.6364474e-02,
         -7.7397428e-02]]], dtype=float32), reward=1), transition(observation=array([[0., 0., 0., 0., 0., 0., 0., 0., 0., 0., 0., 0., 0., 0., 0., 0.,
        0., 0., 0., 0., 0., 0., 0., 0., 0., 0., 0., 0., 0., 0., 0., 0.,
        0., 0.]], dtype=float32), activation=array([[[-5.8895249e-02,  1.1225558e+01, -5.2320883e-03, -3.9670210e-02,
         -4.2664178e-02, -1.6000660e-01, -2.2110030e-01, -2.1707632e-01,
         -1.4713541e-01, -1.5305874e-01, -3.8131770e-02,  1.8763313e+00,
          3.0764785e+00,  4.8106160e+00,  1.7533440e+01,  3.0486444e+01,
          2.6044348e+01]]], dtype=float32), h_activation=array([[[0.73446304, 4.10665   , 6.791995  , 6.413133  , 4.224511  ,
         5.79108   , 8.084137  , 8.031323  , 2.7042105 , 0.7126472 ]]],
      dtype=float32), o_activation=array([[[-5.8895249e-02,  1.1225558e+01, -5.2320883e-03, -3.9670210e-02,
         -4.2664178e-02, -1.6000660e-01, -2.2110030e-01, -2.1707632e-01,
         -1.4713541e-01, -1.5305874e-01, -3.8131770e-02,  1.8763313e+00,
          3.0764785e+00,  4.8106160e+00,  1.7533440e+01,  3.0486444e+01,
          2.6044348e+01]]], dtype=float32), reward=1), transition(observation=array([[0., 0., 0., 0., 0., 0., 0., 0., 0., 0., 0., 0., 0., 0., 0., 0.,
        0., 0., 0., 0., 0., 0., 0., 0., 0., 0., 0., 0., 0., 0., 0., 0.,
        0., 0.]], dtype=float32), activation=array([[[-5.93843721e-02,  7.32529926e+00, -3.64727364e-03,
         -1.84357930e-02, -3.10706366e-02, -1.20929904e-01,
         -1.58633515e-01, -1.46072462e-01, -1.00498445e-01,
         -1.08076230e-01, -2.95277350e-02,  1.59335613e-01,
          1.30742645e+00,  3.41627407e+00,  1.27165670e+01,
          2.25937939e+01,  1.91101494e+01]]], dtype=float32), h_activation=array([[[0.02131984, 3.0188813 , 5.7921014 , 5.2632055 , 2.9610674 ,
         4.1692367 , 6.1864915 , 5.6810217 , 2.1500764 , 0.45931512]]],
      dtype=float32), o_activation=array([[[-5.93843721e-02,  7.32529926e+00, -3.64727364e-03,
         -1.84357930e-02, -3.10706366e-02, -1.20929904e-01,
         -1.58633515e-01, -1.46072462e-01, -1.00498445e-01,
         -1.08076230e-01, -2.95277350e-02,  1.59335613e-01,
          1.30742645e+00,  3.41627407e+00,  1.27165670e+01,
          2.25937939e+01,  1.91101494e+01]]], dtype=float32), reward=1)], success=True), configuration(episode=36, buffer=[transition(observation=array([[1., 0., 0., 0., 0., 0., 0., 0., 0., 0., 0., 0., 0., 0., 0., 0.,
        0., 0., 0., 0., 0., 0., 0., 0., 0., 0., 0., 0., 0., 0., 0., 0.,
        0., 0.]], dtype=float32), activation=array([[[21.951925  , -0.16273472, -0.09903108, -0.06986514,
         -0.08627328, -0.08463791, -0.07808341, -0.07997513,
         -0.07514796, -0.08803788, -0.13114357, -0.16107212,
         -0.12245279, -0.08242273, -0.10989129, -0.17945905,
         -0.20810315]]], dtype=float32), h_activation=array([[[ 0.65741384,  1.0077157 ,  0.8094139 ,  1.0622857 ,
          0.5178273 ,  0.82935977, -0.00975731,  0.98335665,
          0.01363628,  0.61610925]]], dtype=float32), o_activation=array([[[21.951925  , -0.16273472, -0.09903108, -0.06986514,
         -0.08627328, -0.08463791, -0.07808341, -0.07997513,
         -0.07514796, -0.08803788, -0.13114357, -0.16107212,
         -0.12245279, -0.08242273, -0.10989129, -0.17945905,
         -0.20810315]]], dtype=float32), reward=1), transition(observation=array([[1., 0., 0., 0., 0., 0., 0., 0., 0., 0., 0., 0., 0., 0., 0., 0.,
        0., 0., 0., 0., 0., 0., 0., 0., 0., 0., 0., 0., 0., 0., 0., 0.,
        0., 0.]], dtype=float32), activation=array([[[21.146324  , -0.14792708, -0.104919  , -0.07433729,
         -0.07984799, -0.09023384, -0.08298661, -0.07847466,
         -0.07545355, -0.10006521, -0.13596888, -0.15759169,
         -0.1181853 , -0.08480775, -0.10400171, -0.15609512,
         -0.1784867 ]]], dtype=float32), h_activation=array([[[ 1.211765  ,  1.7285006 ,  1.2898107 ,  1.7559597 ,
          1.0133047 ,  1.457543  , -0.00780531,  1.724515  ,
          0.25897866,  1.0671432 ]]], dtype=float32), o_activation=array([[[21.146324  , -0.14792708, -0.104919  , -0.07433729,
         -0.07984799, -0.09023384, -0.08298661, -0.07847466,
         -0.07545355, -0.10006521, -0.13596888, -0.15759169,
         -0.1181853 , -0.08480775, -0.10400171, -0.15609512,
         -0.1784867 ]]], dtype=float32), reward=1), transition(observation=array([[1., 0., 0., 0., 0., 0., 0., 0., 0., 0., 0., 0., 0., 0., 0., 0.,
        0., 0., 0., 0., 0., 0., 0., 0., 0., 0., 0., 0., 0., 0., 0., 0.,
        0., 0.]], dtype=float32), activation=array([[[20.430962  , -0.13669364, -0.10844178, -0.08017697,
         -0.07913208, -0.09574541, -0.08695398, -0.0815801 ,
         -0.079727  , -0.10858901, -0.1358045 , -0.15104309,
         -0.11423667, -0.08659025, -0.09905452, -0.14056572,
         -0.15914483]]], dtype=float32), h_activation=array([[[ 1.6570485 ,  2.2222865 ,  1.5444682 ,  2.1770654 ,
          1.4570724 ,  1.9150693 , -0.00590907,  2.2735069 ,
          0.62183607,  1.3858216 ]]], dtype=float32), o_activation=array([[[20.430962  , -0.13669364, -0.10844178, -0.08017697,
         -0.07913208, -0.09574541, -0.08695398, -0.0815801 ,
         -0.079727  , -0.10858901, -0.1358045 , -0.15104309,
         -0.11423667, -0.08659025, -0.09905452, -0.14056572,
         -0.15914483]]], dtype=float32), reward=1), transition(observation=array([[ 0.9375807 ,  0.2059253 ,  0.06218765, -0.20993458,  0.01838481,
         0.2414259 ,  0.44233388,  0.49509948,  0.41453567, -0.04659116,
         0.10183195, -0.01674127,  0.33288202, -0.06032405, -0.12090922,
         0.21665537,  0.34217346, -0.01253067,  0.14283636,  0.02343385,
        -0.05447087,  0.02835864,  0.00666894,  0.07934132,  0.06269003,
        -0.15309721,  0.10666341, -0.2801359 ,  0.26515597,  0.09722514,
        -0.19925456, -0.01163535, -0.04495107,  0.        ]],
      dtype=float32), activation=array([[[29.859348  , -0.17707679, -0.137732  , -0.09816214,
         -0.12609309, -0.16789243, -0.16972557, -0.1709107 ,
         -0.17130266, -0.169898  , -0.16676264, -0.17113996,
         -0.14413296, -0.11430166, -0.11782841, -0.17617834,
         -0.20979881]]], dtype=float32), h_activation=array([[[ 0.910708  ,  3.1161544 ,  4.0368414 ,  2.2210128 ,
          0.90976465,  3.2864423 , -0.00688684,  1.1119907 ,
          2.3971736 ,  2.9428167 ]]], dtype=float32), o_activation=array([[[29.859348  , -0.17707679, -0.137732  , -0.09816214,
         -0.12609309, -0.16789243, -0.16972557, -0.1709107 ,
         -0.17130266, -0.169898  , -0.16676264, -0.17113996,
         -0.14413296, -0.11430166, -0.11782841, -0.17617834,
         -0.20979881]]], dtype=float32), reward=1), transition(observation=array([[ 1.0853764 ,  0.1701389 , -0.04937879, -0.04820971, -0.06141257,
         0.034246  ,  0.43307394,  0.38841507,  0.19615847,  0.01930307,
        -0.21082984, -0.09752245, -0.13255543, -0.09509738, -0.10271638,
         0.13082622,  0.2463587 ,  0.05149209,  0.07516813,  0.05346417,
        -0.03118796,  0.00443646,  0.00489517,  0.03345243, -0.15993223,
        -0.0183311 , -0.00949493,  0.04821921,  0.0434277 , -0.11314664,
         0.10170037, -0.01164638,  0.00621977,  0.        ]],
      dtype=float32), activation=array([[[23.133091  , -0.14514606, -0.16157553, -0.15577538,
         -0.1442284 , -0.142682  , -0.10598508, -0.08471415,
         -0.09340761, -0.14280495, -0.15055671, -0.11506027,
         -0.08669547, -0.13330147, -0.14610915, -0.14641069,
         -0.15463175]]], dtype=float32), h_activation=array([[[-3.9626043e-03,  3.2267468e+00,  5.9122057e+00,  2.3081920e+00,
          5.8009529e-01,  2.7728338e+00, -5.0064372e-03,  8.6444932e-01,
          2.9058342e+00,  3.5302114e+00]]], dtype=float32), o_activation=array([[[23.133091  , -0.14514606, -0.16157553, -0.15577538,
         -0.1442284 , -0.142682  , -0.10598508, -0.08471415,
         -0.09340761, -0.14280495, -0.15055671, -0.11506027,
         -0.08669547, -0.13330147, -0.14610915, -0.14641069,
         -0.15463175]]], dtype=float32), reward=1), transition(observation=array([[ 0.85335654,  0.18370862, -0.03675009, -0.12709463,  0.00142376,
        -0.04682137,  0.28236037,  0.49672192,  0.19199757,  0.2055092 ,
        -0.04584343,  0.02817904, -0.22162841,  0.04261112, -0.1891903 ,
         0.20301576,  0.52090704,  0.03194373,  0.03804037,  0.09554504,
         0.07494001,  0.07807839, -0.04539949,  0.06424205, -0.06562557,
        -0.03194841,  0.04594602,  0.14517297,  0.03418909, -0.21621986,
         0.08968941, -0.24325544, -0.06351272,  0.        ]],
      dtype=float32), activation=array([[[18.521544  , -0.11955035, -0.1492173 , -0.14186119,
         -0.13648213, -0.11090917, -0.04985224, -0.02947116,
         -0.08804287, -0.17570683, -0.18259588, -0.12764394,
         -0.09402578, -0.14668079, -0.15220015, -0.12946033,
         -0.12322378]]], dtype=float32), h_activation=array([[[-3.5850580e-03,  4.2296696e+00,  8.0266962e+00,  3.4126105e+00,
          1.5166645e+00,  2.8421991e+00,  1.3755208e-01,  8.5593641e-02,
          3.4882174e+00,  4.3028474e+00]]], dtype=float32), o_activation=array([[[18.521544  , -0.11955035, -0.1492173 , -0.14186119,
         -0.13648213, -0.11090917, -0.04985224, -0.02947116,
         -0.08804287, -0.17570683, -0.18259588, -0.12764394,
         -0.09402578, -0.14668079, -0.15220015, -0.12946033,
         -0.12322378]]], dtype=float32), reward=1), transition(observation=array([[ 0.9290758 ,  0.05281004,  0.02043433, -0.03297432,  0.13145462,
         0.01455596,  0.36689594,  0.5699335 ,  0.30252415,  0.08329172,
        -0.2241565 , -0.10253223, -0.00238649, -0.08785765,  0.11695631,
         0.33177495,  0.24218594, -0.2950189 , -0.14408213,  0.0060769 ,
        -0.0582508 ,  0.00546252,  0.04178315,  0.02003454, -0.28628647,
        -0.04564669,  0.09020339, -0.09680565, -0.1945568 ,  0.02464993,
        -0.14656267,  0.12751123,  0.06038142,  0.        ]],
      dtype=float32), activation=array([[[19.65174   , -0.10413674, -0.17620452, -0.17423958,
         -0.17060357, -0.16220893, -0.0663659 ,  0.24842548,
         -0.06087672, -0.15283439, -0.16686718, -0.13294178,
         -0.11283039, -0.18319967, -0.19700819, -0.13730477,
         -0.0834287 ]]], dtype=float32), h_activation=array([[[-1.3236294e-02,  3.7983296e+00,  8.3021898e+00,  4.1404648e+00,
          8.9288390e-01,  3.5895271e+00, -6.4915763e-03,  3.1681913e-01,
          2.8320003e+00,  4.1107435e+00]]], dtype=float32), o_activation=array([[[19.65174   , -0.10413674, -0.17620452, -0.17423958,
         -0.17060357, -0.16220893, -0.0663659 ,  0.24842548,
         -0.06087672, -0.15283439, -0.16686718, -0.13294178,
         -0.11283039, -0.18319967, -0.19700819, -0.13730477,
         -0.0834287 ]]], dtype=float32), reward=1), transition(observation=array([[ 9.3582964e-01,  1.4664894e-01,  4.9553532e-03,  5.0211050e-02,
        -2.9854709e-04,  5.5161580e-03,  1.6482824e-01,  5.5425930e-01,
         3.1363639e-01,  6.8650536e-02,  5.3627890e-02, -1.4869528e-02,
         1.4714785e-01,  1.8146120e-01,  1.6809119e-01,  4.6441112e-02,
         3.9212531e-01,  3.5960652e-02, -4.4046503e-02, -1.7226645e-01,
        -7.7062391e-02,  1.4162782e-02, -8.2984753e-03,  4.2692412e-02,
        -1.4217031e-02, -1.6110781e-01,  5.5891924e-02,  8.0755111e-03,
         7.1054645e-02, -1.9151129e-02,  9.9085197e-02, -1.1108891e-01,
         3.3587031e-02,  0.0000000e+00]], dtype=float32), activation=array([[[22.161556  , -0.12834607, -0.20159969, -0.17561164,
         -0.16060029, -0.15135035, -0.05807735,  1.6307323 ,
         -0.06226443, -0.19313698, -0.22313236, -0.17529841,
         -0.14641973, -0.21089461, -0.21124458, -0.13024683,
         -0.08190946]]], dtype=float32), h_activation=array([[[ 0.4834522 ,  3.468263  ,  9.368006  ,  4.5651946 ,
          2.1210318 ,  4.1556344 , -0.00954648,  0.1650976 ,
          2.445414  ,  4.263935  ]]], dtype=float32), o_activation=array([[[22.161556  , -0.12834607, -0.20159969, -0.17561164,
         -0.16060029, -0.15135035, -0.05807735,  1.6307323 ,
         -0.06226443, -0.19313698, -0.22313236, -0.17529841,
         -0.14641973, -0.21089461, -0.21124458, -0.13024683,
         -0.08190946]]], dtype=float32), reward=1), transition(observation=array([[0., 0., 0., 0., 0., 0., 0., 0., 0., 0., 0., 0., 0., 0., 0., 0.,
        0., 0., 0., 0., 0., 0., 0., 0., 0., 0., 0., 0., 0., 0., 0., 0.,
        0., 0.]], dtype=float32), activation=array([[[-0.13650799,  5.1649294 , -0.06195379, -0.05364097,
         -0.03952879, -0.0475119 ,  9.140973  , 21.595188  ,
         13.605494  , -0.0257769 , -0.07551076, -0.03265369,
          2.1473796 , -0.02894404, -0.04417363,  6.746407  ,
         14.033512  ]]], dtype=float32), h_activation=array([[[ 8.6910182e-01,  3.1157289e+00,  7.2620254e+00,  3.8551998e+00,
          1.9557416e+00,  3.6751769e+00, -5.2903728e-03,  5.5274636e-01,
          2.2620606e+00,  3.5288606e+00]]], dtype=float32), o_activation=array([[[-0.13650799,  5.1649294 , -0.06195379, -0.05364097,
         -0.03952879, -0.0475119 ,  9.140973  , 21.595188  ,
         13.605494  , -0.0257769 , -0.07551076, -0.03265369,
          2.1473796 , -0.02894404, -0.04417363,  6.746407  ,
         14.033512  ]]], dtype=float32), reward=1), transition(observation=array([[0., 0., 0., 0., 0., 0., 0., 0., 0., 0., 0., 0., 0., 0., 0., 0.,
        0., 0., 0., 0., 0., 0., 0., 0., 0., 0., 0., 0., 0., 0., 0., 0.,
        0., 0.]], dtype=float32), activation=array([[[-1.2491217e-01,  3.6970048e+00, -4.7316492e-02, -3.7175167e-02,
         -2.3720583e-02, -3.2115892e-02,  7.4145641e+00,  1.6497011e+01,
          1.0636566e+01, -1.8929809e-02, -5.8333594e-02, -2.4453554e-02,
          2.0722325e+00, -1.5877366e-02, -3.0184340e-02,  5.0017095e+00,
          1.0289200e+01]]], dtype=float32), h_activation=array([[[ 1.0663731e+00,  2.8223419e+00,  5.6755958e+00,  3.2960343e+00,
          1.7657405e+00,  3.2556925e+00, -3.6499433e-03,  8.2444865e-01,
          2.1022344e+00,  2.9494641e+00]]], dtype=float32), o_activation=array([[[-1.2491217e-01,  3.6970048e+00, -4.7316492e-02, -3.7175167e-02,
         -2.3720583e-02, -3.2115892e-02,  7.4145641e+00,  1.6497011e+01,
          1.0636566e+01, -1.8929809e-02, -5.8333594e-02, -2.4453554e-02,
          2.0722325e+00, -1.5877366e-02, -3.0184340e-02,  5.0017095e+00,
          1.0289200e+01]]], dtype=float32), reward=1)], success=True), configuration(episode=37, buffer=[transition(observation=array([[1., 0., 0., 0., 0., 0., 0., 0., 0., 0., 0., 0., 0., 0., 0., 0.,
        0., 0., 0., 0., 0., 0., 0., 0., 0., 0., 0., 0., 0., 0., 0., 0.,
        0., 0.]], dtype=float32), activation=array([[[21.951925  , -0.16273472, -0.09903108, -0.06986514,
         -0.08627328, -0.08463791, -0.07808341, -0.07997513,
         -0.07514796, -0.08803788, -0.13114357, -0.16107212,
         -0.12245279, -0.08242273, -0.10989129, -0.17945905,
         -0.20810315]]], dtype=float32), h_activation=array([[[ 0.65741384,  1.0077157 ,  0.8094139 ,  1.0622857 ,
          0.5178273 ,  0.82935977, -0.00975731,  0.98335665,
          0.01363628,  0.61610925]]], dtype=float32), o_activation=array([[[21.951925  , -0.16273472, -0.09903108, -0.06986514,
         -0.08627328, -0.08463791, -0.07808341, -0.07997513,
         -0.07514796, -0.08803788, -0.13114357, -0.16107212,
         -0.12245279, -0.08242273, -0.10989129, -0.17945905,
         -0.20810315]]], dtype=float32), reward=1), transition(observation=array([[1., 0., 0., 0., 0., 0., 0., 0., 0., 0., 0., 0., 0., 0., 0., 0.,
        0., 0., 0., 0., 0., 0., 0., 0., 0., 0., 0., 0., 0., 0., 0., 0.,
        0., 0.]], dtype=float32), activation=array([[[21.146324  , -0.14792708, -0.104919  , -0.07433729,
         -0.07984799, -0.09023384, -0.08298661, -0.07847466,
         -0.07545355, -0.10006521, -0.13596888, -0.15759169,
         -0.1181853 , -0.08480775, -0.10400171, -0.15609512,
         -0.1784867 ]]], dtype=float32), h_activation=array([[[ 1.211765  ,  1.7285006 ,  1.2898107 ,  1.7559597 ,
          1.0133047 ,  1.457543  , -0.00780531,  1.724515  ,
          0.25897866,  1.0671432 ]]], dtype=float32), o_activation=array([[[21.146324  , -0.14792708, -0.104919  , -0.07433729,
         -0.07984799, -0.09023384, -0.08298661, -0.07847466,
         -0.07545355, -0.10006521, -0.13596888, -0.15759169,
         -0.1181853 , -0.08480775, -0.10400171, -0.15609512,
         -0.1784867 ]]], dtype=float32), reward=1), transition(observation=array([[1., 0., 0., 0., 0., 0., 0., 0., 0., 0., 0., 0., 0., 0., 0., 0.,
        0., 0., 0., 0., 0., 0., 0., 0., 0., 0., 0., 0., 0., 0., 0., 0.,
        0., 0.]], dtype=float32), activation=array([[[20.430962  , -0.13669364, -0.10844178, -0.08017697,
         -0.07913208, -0.09574541, -0.08695398, -0.0815801 ,
         -0.079727  , -0.10858901, -0.1358045 , -0.15104309,
         -0.11423667, -0.08659025, -0.09905452, -0.14056572,
         -0.15914483]]], dtype=float32), h_activation=array([[[ 1.6570485 ,  2.2222865 ,  1.5444682 ,  2.1770654 ,
          1.4570724 ,  1.9150693 , -0.00590907,  2.2735069 ,
          0.62183607,  1.3858216 ]]], dtype=float32), o_activation=array([[[20.430962  , -0.13669364, -0.10844178, -0.08017697,
         -0.07913208, -0.09574541, -0.08695398, -0.0815801 ,
         -0.079727  , -0.10858901, -0.1358045 , -0.15104309,
         -0.11423667, -0.08659025, -0.09905452, -0.14056572,
         -0.15914483]]], dtype=float32), reward=1), transition(observation=array([[ 1.1811156e+00,  9.4863772e-02, -1.8767896e-01, -6.0710523e-02,
         1.7530453e-01, -1.2904328e-01, -2.4991368e-01,  2.6748523e-02,
         2.0741303e-02, -1.4378284e-01,  1.1900028e-01,  2.8884214e-01,
         5.2143711e-01,  4.2079186e-01,  2.5427943e-01,  1.6107579e-01,
         3.4845283e-03, -1.3979273e-01,  9.4509639e-02, -5.3960048e-02,
        -7.5193644e-02, -8.5925851e-03, -1.4327531e-01,  4.4384185e-02,
         1.0555092e-01,  4.6277922e-02, -1.5851395e-01,  2.3198676e-01,
         5.0792493e-02,  1.0443904e-01,  3.9702166e-02,  8.2288897e-03,
         1.7687332e-04,  0.0000000e+00]], dtype=float32), activation=array([[[30.146751  , -0.16503982, -0.14907275, -0.1149901 ,
         -0.11410492, -0.11977295, -0.11581988, -0.11835463,
         -0.1184883 , -0.16554125, -0.21414678, -0.23968612,
         -0.22230962, -0.20250845, -0.19304329, -0.2071818 ,
         -0.19998579]]], dtype=float32), h_activation=array([[[ 4.767023  ,  2.54246   ,  2.370995  ,  3.4781585 ,
          3.0541792 ,  5.557201  , -0.01048454,  3.6349509 ,
          0.36524597,  0.64204115]]], dtype=float32), o_activation=array([[[30.146751  , -0.16503982, -0.14907275, -0.1149901 ,
         -0.11410492, -0.11977295, -0.11581988, -0.11835463,
         -0.1184883 , -0.16554125, -0.21414678, -0.23968612,
         -0.22230962, -0.20250845, -0.19304329, -0.2071818 ,
         -0.19998579]]], dtype=float32), reward=1), transition(observation=array([[ 0.9648387 ,  0.0275053 ,  0.12446263,  0.13232039,  0.07285035,
         0.1994351 ,  0.08307146,  0.11311954,  0.02387468,  0.16644768,
         0.18785805,  0.28082162,  0.5427609 ,  0.47459036,  0.18891455,
         0.13411735,  0.08602711,  0.0602909 , -0.05506801,  0.01881841,
        -0.07261771, -0.0783756 , -0.08786113, -0.09431921, -0.13285045,
         0.10741933,  0.0691127 ,  0.04153347, -0.00266899,  0.12533012,
        -0.0584641 , -0.01310043,  0.13403304,  0.        ]],
      dtype=float32), activation=array([[[31.687065  , -0.17071578, -0.2010537 , -0.16480175,
         -0.1595782 , -0.20159198, -0.18780151, -0.17099915,
         -0.16177365, -0.1972228 , -0.21978813, -0.19973151,
         -0.14368683, -0.1180701 , -0.1448942 , -0.16063964,
         -0.1554872 ]]], dtype=float32), h_activation=array([[[6.31546   , 2.346709  , 2.339527  , 3.0082312 , 4.0000973 ,
         6.4849133 , 0.15450877, 4.154774  , 1.5499796 , 0.3435253 ]]],
      dtype=float32), o_activation=array([[[31.687065  , -0.17071578, -0.2010537 , -0.16480175,
         -0.1595782 , -0.20159198, -0.18780151, -0.17099915,
         -0.16177365, -0.1972228 , -0.21978813, -0.19973151,
         -0.14368683, -0.1180701 , -0.1448942 , -0.16063964,
         -0.1554872 ]]], dtype=float32), reward=1), transition(observation=array([[ 1.084401  , -0.25390655,  0.03277443,  0.03433846,  0.04017173,
         0.2884269 ,  0.01926432, -0.035894  ,  0.03732811, -0.06453132,
         0.0450808 ,  0.30654788,  0.46608254,  0.32582402,  0.25488973,
         0.26762384,  0.04051113, -0.0154668 , -0.07407609, -0.06778578,
         0.07819869,  0.21743543, -0.12409721,  0.22734587,  0.01221756,
         0.06478012, -0.064745  ,  0.04464902,  0.13389163, -0.06262471,
         0.10079114, -0.09192894,  0.0582015 ,  0.        ]],
      dtype=float32), activation=array([[[30.930603  , -0.14238384, -0.1855114 , -0.17543404,
         -0.18074934, -0.22132055, -0.1994377 , -0.20085403,
         -0.17600538, -0.18669802, -0.1890852 , -0.1551954 ,
         -0.09906803, -0.08999952, -0.14117905, -0.1691148 ,
         -0.1497394 ]]], dtype=float32), h_activation=array([[[ 6.6903973e+00,  2.0456607e+00,  1.2097850e+00,  3.0767798e+00,
          3.5950148e+00,  8.2174139e+00,  4.8904115e-01,  5.2913752e+00,
          2.5956204e+00, -7.3891007e-03]]], dtype=float32), o_activation=array([[[30.930603  , -0.14238384, -0.1855114 , -0.17543404,
         -0.18074934, -0.22132055, -0.1994377 , -0.20085403,
         -0.17600538, -0.18669802, -0.1890852 , -0.1551954 ,
         -0.09906803, -0.08999952, -0.14117905, -0.1691148 ,
         -0.1497394 ]]], dtype=float32), reward=1), transition(observation=array([[ 1.0892085 ,  0.10680962, -0.03414656,  0.10745612, -0.07171106,
        -0.25474662, -0.10753474,  0.29240936,  0.01027588,  0.0349366 ,
         0.17818576,  0.13913946,  0.6051764 ,  0.25543752,  0.34168872,
         0.15230867,  0.04026474,  0.07734087, -0.00566231,  0.03533348,
         0.07861954, -0.14239211, -0.07583221,  0.11794025,  0.03250221,
         0.27367806, -0.1473947 , -0.02405464, -0.00578387,  0.05332124,
         0.00920349,  0.08642962, -0.10351856,  0.        ]],
      dtype=float32), activation=array([[[29.875298  , -0.17429803, -0.20321976, -0.18712619,
         -0.15947492, -0.1787666 , -0.18815933, -0.25067493,
         -0.22829078, -0.23451737, -0.19785494, -0.12003644,
         -0.08336394, -0.10115144, -0.12654123, -0.15403946,
         -0.1748135 ]]], dtype=float32), h_activation=array([[[ 7.2726836e+00,  6.0323876e-01,  2.1208313e+00,  3.6564050e+00,
          5.3397388e+00,  9.1621246e+00,  1.3074756e+00,  5.0950117e+00,
          3.0119753e+00, -1.3721505e-03]]], dtype=float32), o_activation=array([[[29.875298  , -0.17429803, -0.20321976, -0.18712619,
         -0.15947492, -0.1787666 , -0.18815933, -0.25067493,
         -0.22829078, -0.23451737, -0.19785494, -0.12003644,
         -0.08336394, -0.10115144, -0.12654123, -0.15403946,
         -0.1748135 ]]], dtype=float32), reward=1), transition(observation=array([[ 0.89721256, -0.18308891,  0.0539848 ,  0.1300678 ,  0.05152179,
         0.04283094, -0.08973411, -0.04066081, -0.1414828 , -0.00122943,
         0.1326147 ,  0.39522317,  0.6821936 ,  0.15769905,  0.42535523,
         0.37409243,  0.3512935 ,  0.13005193, -0.21188448, -0.06126664,
        -0.12901899,  0.02421372,  0.02248716,  0.06355325,  0.02976934,
        -0.11145546,  0.03688566,  0.00547431, -0.12869324, -0.06373677,
        -0.08171876, -0.05486039,  0.09859695,  0.        ]],
      dtype=float32), activation=array([[[28.451668  , -0.1615979 , -0.19461577, -0.19701359,
         -0.23087451, -0.26942632, -0.22225544, -0.22298726,
         -0.20396985, -0.21412987, -0.17978075, -0.10001701,
         -0.05932832, -0.07704911, -0.11445739, -0.1436441 ,
         -0.15290475]]], dtype=float32), h_activation=array([[[ 8.5333796e+00,  3.4193647e-01,  1.5247831e+00,  5.0677757e+00,
          5.2637835e+00,  1.1203957e+01,  3.2898047e+00,  6.8001690e+00,
          4.3150444e+00, -8.7768044e-03]]], dtype=float32), o_activation=array([[[28.451668  , -0.1615979 , -0.19461577, -0.19701359,
         -0.23087451, -0.26942632, -0.22225544, -0.22298726,
         -0.20396985, -0.21412987, -0.17978075, -0.10001701,
         -0.05932832, -0.07704911, -0.11445739, -0.1436441 ,
         -0.15290475]]], dtype=float32), reward=1), transition(observation=array([[0., 0., 0., 0., 0., 0., 0., 0., 0., 0., 0., 0., 0., 0., 0., 0.,
        0., 0., 0., 0., 0., 0., 0., 0., 0., 0., 0., 0., 0., 0., 0., 0.,
        0., 0.]], dtype=float32), activation=array([[[-0.06285655,  0.3968172 , -0.04906198, -0.0600115 ,
         -0.07591838, -0.16230102, -0.15742186, -0.18129654,
         -0.12105424, -0.09453367,  2.1034703 , 15.400084  ,
         19.31038   , 13.628906  , 11.058791  , 12.269754  ,
          7.2585397 ]]], dtype=float32), h_activation=array([[[6.246211  , 0.04576904, 1.1813164 , 3.6149173 , 4.0184927 ,
         8.073928  , 4.0678105 , 5.1454086 , 4.1597724 , 0.01258424]]],
      dtype=float32), o_activation=array([[[-0.06285655,  0.3968172 , -0.04906198, -0.0600115 ,
         -0.07591838, -0.16230102, -0.15742186, -0.18129654,
         -0.12105424, -0.09453367,  2.1034703 , 15.400084  ,
         19.31038   , 13.628906  , 11.058791  , 12.269754  ,
          7.2585397 ]]], dtype=float32), reward=1), transition(observation=array([[0., 0., 0., 0., 0., 0., 0., 0., 0., 0., 0., 0., 0., 0., 0., 0.,
        0., 0., 0., 0., 0., 0., 0., 0., 0., 0., 0., 0., 0., 0., 0., 0.,
        0., 0.]], dtype=float32), activation=array([[[-0.05467619,  0.42939377, -0.02205713, -0.03177611,
         -0.05846472, -0.12820663, -0.14535952, -0.17434141,
         -0.10981274, -0.06529629,  2.4259691 , 11.652971  ,
         14.468348  , 10.005173  ,  8.114533  ,  9.2506695 ,
          5.2228255 ]]], dtype=float32), h_activation=array([[[ 4.3865151e+00, -5.1125523e-04,  1.2285049e+00,  2.7909880e+00,
          2.8977635e+00,  5.8014345e+00,  4.0548520e+00,  3.8558691e+00,
          3.5340056e+00,  3.1735301e-02]]], dtype=float32), o_activation=array([[[-0.05467619,  0.42939377, -0.02205713, -0.03177611,
         -0.05846472, -0.12820663, -0.14535952, -0.17434141,
         -0.10981274, -0.06529629,  2.4259691 , 11.652971  ,
         14.468348  , 10.005173  ,  8.114533  ,  9.2506695 ,
          5.2228255 ]]], dtype=float32), reward=1)], success=True), configuration(episode=38, buffer=[transition(observation=array([[1., 0., 0., 0., 0., 0., 0., 0., 0., 0., 0., 0., 0., 0., 0., 0.,
        0., 0., 0., 0., 0., 0., 0., 0., 0., 0., 0., 0., 0., 0., 0., 0.,
        0., 0.]], dtype=float32), activation=array([[[21.951925  , -0.16273472, -0.09903108, -0.06986514,
         -0.08627328, -0.08463791, -0.07808341, -0.07997513,
         -0.07514796, -0.08803788, -0.13114357, -0.16107212,
         -0.12245279, -0.08242273, -0.10989129, -0.17945905,
         -0.20810315]]], dtype=float32), h_activation=array([[[ 0.65741384,  1.0077157 ,  0.8094139 ,  1.0622857 ,
          0.5178273 ,  0.82935977, -0.00975731,  0.98335665,
          0.01363628,  0.61610925]]], dtype=float32), o_activation=array([[[21.951925  , -0.16273472, -0.09903108, -0.06986514,
         -0.08627328, -0.08463791, -0.07808341, -0.07997513,
         -0.07514796, -0.08803788, -0.13114357, -0.16107212,
         -0.12245279, -0.08242273, -0.10989129, -0.17945905,
         -0.20810315]]], dtype=float32), reward=1), transition(observation=array([[1., 0., 0., 0., 0., 0., 0., 0., 0., 0., 0., 0., 0., 0., 0., 0.,
        0., 0., 0., 0., 0., 0., 0., 0., 0., 0., 0., 0., 0., 0., 0., 0.,
        0., 0.]], dtype=float32), activation=array([[[21.146324  , -0.14792708, -0.104919  , -0.07433729,
         -0.07984799, -0.09023384, -0.08298661, -0.07847466,
         -0.07545355, -0.10006521, -0.13596888, -0.15759169,
         -0.1181853 , -0.08480775, -0.10400171, -0.15609512,
         -0.1784867 ]]], dtype=float32), h_activation=array([[[ 1.211765  ,  1.7285006 ,  1.2898107 ,  1.7559597 ,
          1.0133047 ,  1.457543  , -0.00780531,  1.724515  ,
          0.25897866,  1.0671432 ]]], dtype=float32), o_activation=array([[[21.146324  , -0.14792708, -0.104919  , -0.07433729,
         -0.07984799, -0.09023384, -0.08298661, -0.07847466,
         -0.07545355, -0.10006521, -0.13596888, -0.15759169,
         -0.1181853 , -0.08480775, -0.10400171, -0.15609512,
         -0.1784867 ]]], dtype=float32), reward=1), transition(observation=array([[1., 0., 0., 0., 0., 0., 0., 0., 0., 0., 0., 0., 0., 0., 0., 0.,
        0., 0., 0., 0., 0., 0., 0., 0., 0., 0., 0., 0., 0., 0., 0., 0.,
        0., 0.]], dtype=float32), activation=array([[[20.430962  , -0.13669364, -0.10844178, -0.08017697,
         -0.07913208, -0.09574541, -0.08695398, -0.0815801 ,
         -0.079727  , -0.10858901, -0.1358045 , -0.15104309,
         -0.11423667, -0.08659025, -0.09905452, -0.14056572,
         -0.15914483]]], dtype=float32), h_activation=array([[[ 1.6570485 ,  2.2222865 ,  1.5444682 ,  2.1770654 ,
          1.4570724 ,  1.9150693 , -0.00590907,  2.2735069 ,
          0.62183607,  1.3858216 ]]], dtype=float32), o_activation=array([[[20.430962  , -0.13669364, -0.10844178, -0.08017697,
         -0.07913208, -0.09574541, -0.08695398, -0.0815801 ,
         -0.079727  , -0.10858901, -0.1358045 , -0.15104309,
         -0.11423667, -0.08659025, -0.09905452, -0.14056572,
         -0.15914483]]], dtype=float32), reward=1), transition(observation=array([[ 1.0091258 ,  0.02009371,  0.00197694, -0.09027998,  0.289935  ,
         0.69104636,  0.57952815,  0.2670815 ,  0.06328983, -0.07121561,
        -0.07337858, -0.05287726,  0.08830296, -0.05054061,  0.16257778,
         0.12536652,  0.04758848, -0.02525959, -0.14924647,  0.08311022,
         0.07714704,  0.10117809,  0.08791196,  0.03811355,  0.07564454,
        -0.04953405,  0.07444534, -0.08222208,  0.02797007,  0.05362308,
         0.24166346,  0.08585618, -0.14630593,  0.        ]],
      dtype=float32), activation=array([[[29.443245  , -0.1532907 , -0.13303481, -0.1280531 ,
         -0.17037155, -0.21071193, -0.18909149, -0.15419598,
         -0.1253413 , -0.1316662 , -0.14398925, -0.15399417,
         -0.13068831, -0.10713974, -0.11585999, -0.16412936,
         -0.18627271]]], dtype=float32), h_activation=array([[[ 0.18699342,  3.9640472 ,  2.4081779 ,  1.2774644 ,
         -0.00687361,  1.1266694 , -0.02124743,  3.1069689 ,
          1.8994249 ,  0.50124514]]], dtype=float32), o_activation=array([[[29.443245  , -0.1532907 , -0.13303481, -0.1280531 ,
         -0.17037155, -0.21071193, -0.18909149, -0.15419598,
         -0.1253413 , -0.1316662 , -0.14398925, -0.15399417,
         -0.13068831, -0.10713974, -0.11585999, -0.16412936,
         -0.18627271]]], dtype=float32), reward=1), transition(observation=array([[ 0.87944835,  0.10023721,  0.2434024 , -0.09351662,  0.46701488,
         0.9187845 ,  0.6586442 ,  0.2352749 ,  0.11686916, -0.03295221,
        -0.12155134,  0.07456774, -0.08983819,  0.13279611, -0.01296962,
        -0.11736229, -0.15243153,  0.086248  ,  0.08727075,  0.11587711,
         0.10366812, -0.10604967, -0.10663386,  0.09071399, -0.15356226,
        -0.05014763,  0.13714336,  0.02754273, -0.01069103, -0.11637108,
        -0.20205022, -0.09795364, -0.08802029,  0.        ]],
      dtype=float32), activation=array([[[24.254309  , -0.12826563, -0.14877592, -0.1711517 ,
         -0.16146655, -0.13491412, -0.12761538, -0.15435022,
         -0.14373317, -0.15498678, -0.15564577, -0.15680139,
         -0.14225094, -0.09925287, -0.07616817, -0.10821775,
         -0.14264965]]], dtype=float32), h_activation=array([[[-0.00889842,  5.38885   ,  2.3361166 , -0.00899541,
         -0.02468362, -0.01536227, -0.03582543,  3.3223078 ,
          2.5187244 ,  0.59546125]]], dtype=float32), o_activation=array([[[24.254309  , -0.12826563, -0.14877592, -0.1711517 ,
         -0.16146655, -0.13491412, -0.12761538, -0.15435022,
         -0.14373317, -0.15498678, -0.15564577, -0.15680139,
         -0.14225094, -0.09925287, -0.07616817, -0.10821775,
         -0.14264965]]], dtype=float32), reward=1), transition(observation=array([[ 0.81892115,  0.10916448,  0.26210043,  0.02855276,  0.41200957,
         0.7672493 ,  0.46630377,  0.19695508,  0.10001916,  0.11049391,
        -0.05200887,  0.03572188,  0.13919689,  0.12226567, -0.04845047,
         0.04111407, -0.01287718, -0.08557326, -0.02957865,  0.03035985,
         0.12373137,  0.12390669, -0.02887678,  0.02765293,  0.10020278,
         0.00992839,  0.03150221, -0.06060442, -0.10450672,  0.17650968,
         0.08152293,  0.19383681, -0.03188898,  0.        ]],
      dtype=float32), activation=array([[[23.05991   , -0.11966892, -0.14863111, -0.18159038,
         -0.14222385, -0.06997537, -0.08845961, -0.17390451,
         -0.1706566 , -0.1644083 , -0.17080621, -0.17693016,
         -0.17104684, -0.12251274, -0.0992324 , -0.1401146 ,
         -0.15584081]]], dtype=float32), h_activation=array([[[-9.9306228e-04,  6.2785239e+00,  2.1364255e+00, -1.2799064e-02,
         -1.8071974e-02, -1.1119223e-02, -1.8037660e-02,  3.5071409e+00,
          2.6733630e+00,  9.1768849e-01]]], dtype=float32), o_activation=array([[[23.05991   , -0.11966892, -0.14863111, -0.18159038,
         -0.14222385, -0.06997537, -0.08845961, -0.17390451,
         -0.1706566 , -0.1644083 , -0.17080621, -0.17693016,
         -0.17104684, -0.12251274, -0.0992324 , -0.1401146 ,
         -0.15584081]]], dtype=float32), reward=1), transition(observation=array([[ 0.99910027, -0.05937273,  0.0434531 ,  0.16896826,  0.4835617 ,
         0.715593  ,  0.63618666,  0.27005506,  0.13293013,  0.16534367,
        -0.06811339,  0.00920902, -0.06940481, -0.06347761, -0.19840738,
        -0.08271328,  0.03327853,  0.02696946,  0.00197245,  0.05404017,
         0.01781349, -0.05215214,  0.20295808, -0.02172229, -0.03881724,
         0.04818078, -0.10292815,  0.02976173,  0.03647418, -0.18605745,
         0.10387233,  0.01654968, -0.04047186,  0.        ]],
      dtype=float32), activation=array([[[25.31845   , -0.10666249, -0.14856167, -0.19607002,
         -0.15091409, -0.08142782, -0.10888047, -0.19840367,
         -0.1789329 , -0.16635676, -0.17169504, -0.1778143 ,
         -0.16106163, -0.10957561, -0.08573683, -0.13019615,
         -0.15137543]]], dtype=float32), h_activation=array([[[-8.3673922e-03,  6.8553758e+00,  1.9707685e+00, -3.1325775e-03,
         -2.6556570e-02, -2.0070758e-02, -1.8138330e-02,  2.2975872e+00,
          3.1352682e+00,  5.9281337e-01]]], dtype=float32), o_activation=array([[[25.31845   , -0.10666249, -0.14856167, -0.19607002,
         -0.15091409, -0.08142782, -0.10888047, -0.19840367,
         -0.1789329 , -0.16635676, -0.17169504, -0.1778143 ,
         -0.16106163, -0.10957561, -0.08573683, -0.13019615,
         -0.15137543]]], dtype=float32), reward=1), transition(observation=array([[ 0.90824085, -0.06526128,  0.12900335,  0.17167701,  0.4417535 ,
         0.7135535 ,  0.6042622 ,  0.21362245,  0.03360985,  0.12616326,
        -0.02289653, -0.11418708,  0.03317761, -0.01355295, -0.06328803,
         0.0815598 , -0.00423964, -0.04561914,  0.1306292 , -0.07054481,
        -0.01142846, -0.08886563, -0.07877187,  0.14785257, -0.08039496,
        -0.01227297,  0.00123752,  0.07920691,  0.01964922, -0.03757352,
         0.06180783, -0.04242841, -0.03621157,  0.        ]],
      dtype=float32), activation=array([[[22.511889  , -0.11248849, -0.16687334, -0.20443638,
         -0.13783094, -0.05955474, -0.09489535, -0.17541035,
         -0.15051201, -0.12089847, -0.1390567 , -0.16435453,
         -0.1609947 , -0.12437801, -0.11437376, -0.15095407,
         -0.1512313 ]]], dtype=float32), h_activation=array([[[-7.3598819e-03,  7.0565329e+00,  1.7057197e+00, -3.2449435e-03,
         -2.3490883e-02, -1.7042333e-02, -1.3004751e-02,  2.4970326e+00,
          3.2322786e+00, -1.1608192e-03]]], dtype=float32), o_activation=array([[[22.511889  , -0.11248849, -0.16687334, -0.20443638,
         -0.13783094, -0.05955474, -0.09489535, -0.17541035,
         -0.15051201, -0.12089847, -0.1390567 , -0.16435453,
         -0.1609947 , -0.12437801, -0.11437376, -0.15095407,
         -0.1512313 ]]], dtype=float32), reward=1), transition(observation=array([[0., 0., 0., 0., 0., 0., 0., 0., 0., 0., 0., 0., 0., 0., 0., 0.,
        0., 0., 0., 0., 0., 0., 0., 0., 0., 0., 0., 0., 0., 0., 0., 0.,
        0., 0.]], dtype=float32), activation=array([[[-1.2917662e-01,  2.5736136e+00, -2.9099101e-02, -3.3660345e-02,
          8.4349775e+00,  1.7196413e+01,  1.1129921e+01, -1.7916644e-02,
         -1.9308945e-02, -2.8971182e-03, -1.6675936e-02, -3.8014088e-02,
         -4.5761079e-02, -7.0890519e-03,  5.7996011e-01, -7.6419306e-03,
          1.1545949e+00]]], dtype=float32), h_activation=array([[[0.02663109, 5.684017  , 1.4037147 , 0.23448831, 0.07081623,
         0.35746586, 0.12142599, 2.1639874 , 2.7218597 , 0.08006807]]],
      dtype=float32), o_activation=array([[[-1.2917662e-01,  2.5736136e+00, -2.9099101e-02, -3.3660345e-02,
          8.4349775e+00,  1.7196413e+01,  1.1129921e+01, -1.7916644e-02,
         -1.9308945e-02, -2.8971182e-03, -1.6675936e-02, -3.8014088e-02,
         -4.5761079e-02, -7.0890519e-03,  5.7996011e-01, -7.6419306e-03,
          1.1545949e+00]]], dtype=float32), reward=1), transition(observation=array([[0., 0., 0., 0., 0., 0., 0., 0., 0., 0., 0., 0., 0., 0., 0., 0.,
        0., 0., 0., 0., 0., 0., 0., 0., 0., 0., 0., 0., 0., 0., 0., 0.,
        0., 0.]], dtype=float32), activation=array([[[-1.1758989e-01,  1.3574958e+00, -2.2556378e-02, -2.2329940e-02,
          6.9916544e+00,  1.3803093e+01,  9.1419077e+00, -9.8100826e-03,
         -8.3158184e-03, -1.1060131e-03, -1.7192895e-02, -3.3546064e-02,
         -3.5228867e-02, -1.2285041e-03,  9.0256190e-01, -5.8132550e-03,
          1.9638634e-01]]], dtype=float32), h_activation=array([[[0.05408008, 4.6652627 , 1.2499659 , 0.48402646, 0.10815787,
         0.62856495, 0.12744713, 1.9197075 , 2.2717977 , 0.18091753]]],
      dtype=float32), o_activation=array([[[-1.1758989e-01,  1.3574958e+00, -2.2556378e-02, -2.2329940e-02,
          6.9916544e+00,  1.3803093e+01,  9.1419077e+00, -9.8100826e-03,
         -8.3158184e-03, -1.1060131e-03, -1.7192895e-02, -3.3546064e-02,
         -3.5228867e-02, -1.2285041e-03,  9.0256190e-01, -5.8132550e-03,
          1.9638634e-01]]], dtype=float32), reward=1)], success=True), configuration(episode=39, buffer=[transition(observation=array([[1., 0., 0., 0., 0., 0., 0., 0., 0., 0., 0., 0., 0., 0., 0., 0.,
        0., 0., 0., 0., 0., 0., 0., 0., 0., 0., 0., 0., 0., 0., 0., 0.,
        0., 0.]], dtype=float32), activation=array([[[21.951925  , -0.16273472, -0.09903108, -0.06986514,
         -0.08627328, -0.08463791, -0.07808341, -0.07997513,
         -0.07514796, -0.08803788, -0.13114357, -0.16107212,
         -0.12245279, -0.08242273, -0.10989129, -0.17945905,
         -0.20810315]]], dtype=float32), h_activation=array([[[ 0.65741384,  1.0077157 ,  0.8094139 ,  1.0622857 ,
          0.5178273 ,  0.82935977, -0.00975731,  0.98335665,
          0.01363628,  0.61610925]]], dtype=float32), o_activation=array([[[21.951925  , -0.16273472, -0.09903108, -0.06986514,
         -0.08627328, -0.08463791, -0.07808341, -0.07997513,
         -0.07514796, -0.08803788, -0.13114357, -0.16107212,
         -0.12245279, -0.08242273, -0.10989129, -0.17945905,
         -0.20810315]]], dtype=float32), reward=1), transition(observation=array([[1., 0., 0., 0., 0., 0., 0., 0., 0., 0., 0., 0., 0., 0., 0., 0.,
        0., 0., 0., 0., 0., 0., 0., 0., 0., 0., 0., 0., 0., 0., 0., 0.,
        0., 0.]], dtype=float32), activation=array([[[21.146324  , -0.14792708, -0.104919  , -0.07433729,
         -0.07984799, -0.09023384, -0.08298661, -0.07847466,
         -0.07545355, -0.10006521, -0.13596888, -0.15759169,
         -0.1181853 , -0.08480775, -0.10400171, -0.15609512,
         -0.1784867 ]]], dtype=float32), h_activation=array([[[ 1.211765  ,  1.7285006 ,  1.2898107 ,  1.7559597 ,
          1.0133047 ,  1.457543  , -0.00780531,  1.724515  ,
          0.25897866,  1.0671432 ]]], dtype=float32), o_activation=array([[[21.146324  , -0.14792708, -0.104919  , -0.07433729,
         -0.07984799, -0.09023384, -0.08298661, -0.07847466,
         -0.07545355, -0.10006521, -0.13596888, -0.15759169,
         -0.1181853 , -0.08480775, -0.10400171, -0.15609512,
         -0.1784867 ]]], dtype=float32), reward=1), transition(observation=array([[1., 0., 0., 0., 0., 0., 0., 0., 0., 0., 0., 0., 0., 0., 0., 0.,
        0., 0., 0., 0., 0., 0., 0., 0., 0., 0., 0., 0., 0., 0., 0., 0.,
        0., 0.]], dtype=float32), activation=array([[[20.430962  , -0.13669364, -0.10844178, -0.08017697,
         -0.07913208, -0.09574541, -0.08695398, -0.0815801 ,
         -0.079727  , -0.10858901, -0.1358045 , -0.15104309,
         -0.11423667, -0.08659025, -0.09905452, -0.14056572,
         -0.15914483]]], dtype=float32), h_activation=array([[[ 1.6570485 ,  2.2222865 ,  1.5444682 ,  2.1770654 ,
          1.4570724 ,  1.9150693 , -0.00590907,  2.2735069 ,
          0.62183607,  1.3858216 ]]], dtype=float32), o_activation=array([[[20.430962  , -0.13669364, -0.10844178, -0.08017697,
         -0.07913208, -0.09574541, -0.08695398, -0.0815801 ,
         -0.079727  , -0.10858901, -0.1358045 , -0.15104309,
         -0.11423667, -0.08659025, -0.09905452, -0.14056572,
         -0.15914483]]], dtype=float32), reward=1), transition(observation=array([[ 9.7264552e-01, -5.6462374e-02, -8.3916970e-02,  1.1459356e-01,
        -1.6116349e-01, -5.7612892e-02, -1.0735925e-01,  3.2528602e-02,
         2.2719130e-02,  2.1604368e-01,  1.0552643e-01,  2.3470137e-01,
         6.2487054e-01,  3.9808252e-01,  2.4027221e-01, -2.1166131e-02,
         1.0246096e-02, -2.9132354e-01,  6.1225746e-02, -7.4372292e-02,
        -2.0243898e-02,  1.7044270e-01, -2.6503045e-02, -1.8996078e-01,
         1.8403195e-02,  4.9751092e-02,  6.1142784e-02, -8.4991631e-04,
        -9.6547343e-02, -1.0153784e-01, -4.1002214e-02, -1.3072583e-01,
        -3.7948638e-02,  0.0000000e+00]], dtype=float32), activation=array([[[25.227362  , -0.13464004, -0.12309609, -0.08829071,
         -0.08832765, -0.09765808, -0.09746972, -0.10468889,
         -0.11354932, -0.1610848 , -0.20966367, -0.22714639,
         -0.20339216, -0.17412533, -0.16080183, -0.16528201,
         -0.15727721]]], dtype=float32), h_activation=array([[[ 3.9717538e+00,  1.5205346e+00,  1.6151583e+00,  1.9838703e+00,
          3.4091315e+00,  4.9061637e+00, -1.3958156e-03,  2.2014625e+00,
          7.7552915e-01,  7.3014551e-01]]], dtype=float32), o_activation=array([[[25.227362  , -0.13464004, -0.12309609, -0.08829071,
         -0.08832765, -0.09765808, -0.09746972, -0.10468889,
         -0.11354932, -0.1610848 , -0.20966367, -0.22714639,
         -0.20339216, -0.17412533, -0.16080183, -0.16528201,
         -0.15727721]]], dtype=float32), reward=1), transition(observation=array([[ 1.08243048e+00, -2.49216333e-03,  1.14699565e-01,
         3.97066884e-02,  1.43290579e-01,  5.18081989e-03,
         7.12946579e-02, -1.11351587e-01, -3.19498107e-02,
         1.35386899e-01,  1.09147362e-01,  4.96724248e-01,
         6.55606091e-01,  3.65391076e-01,  2.71879323e-02,
         3.46836867e-04, -8.43323171e-02, -7.00448826e-02,
        -3.11654359e-02,  5.42344190e-02,  1.62318289e-01,
         4.93437909e-02,  1.62422587e-03,  7.15980679e-02,
        -5.85687608e-02,  2.96660466e-03, -6.96602017e-02,
        -6.51995689e-02,  3.31317633e-02, -1.75382048e-01,
         7.89563730e-02, -3.06578744e-02,  5.25936903e-03,
         0.00000000e+00]], dtype=float32), activation=array([[[31.823547  , -0.16377205, -0.18883616, -0.17715812,
         -0.18589075, -0.20846571, -0.17353636, -0.14883901,
         -0.12686232, -0.15736368, -0.2181812 , -0.21983597,
         -0.15639663, -0.11799852, -0.14430799, -0.16699576,
         -0.16818926]]], dtype=float32), h_activation=array([[[ 6.5330281e+00,  1.2654207e+00,  9.7600311e-01,  1.8123155e+00,
          3.8598702e+00,  6.6695704e+00, -4.8691202e-03,  2.7568204e+00,
          2.1180191e+00,  9.1379023e-01]]], dtype=float32), o_activation=array([[[31.823547  , -0.16377205, -0.18883616, -0.17715812,
         -0.18589075, -0.20846571, -0.17353636, -0.14883901,
         -0.12686232, -0.15736368, -0.2181812 , -0.21983597,
         -0.15639663, -0.11799852, -0.14430799, -0.16699576,
         -0.16818926]]], dtype=float32), reward=1), transition(observation=array([[ 0.85774815, -0.02259286,  0.03553296, -0.02219139, -0.00581171,
        -0.01834353,  0.01181934,  0.30174324,  0.1566536 ,  0.21751672,
         0.19386873,  0.52264434,  0.68642765,  0.46770644,  0.20079888,
        -0.03038395, -0.16642205,  0.01875998,  0.01850682,  0.04954467,
         0.09619864,  0.07802991, -0.14396584, -0.08448446,  0.19737525,
         0.17687835, -0.04134898, -0.02639671, -0.01110091, -0.07102948,
        -0.08164077,  0.19594976, -0.02167417,  0.        ]],
      dtype=float32), activation=array([[[27.906898  , -0.12158106, -0.16067624, -0.15211698,
         -0.16417882, -0.19669543, -0.18982795, -0.20516016,
         -0.17074037, -0.17669895, -0.20276809, -0.1588134 ,
         -0.09360034, -0.09265198, -0.13966326, -0.15372838,
         -0.13666175]]], dtype=float32), h_activation=array([[[ 7.1177993 ,  0.16426408,  0.6907934 ,  1.4300053 ,
          5.0747886 ,  8.337386  , -0.00864665,  1.6109579 ,
          3.0572371 ,  0.7031026 ]]], dtype=float32), o_activation=array([[[27.906898  , -0.12158106, -0.16067624, -0.15211698,
         -0.16417882, -0.19669543, -0.18982795, -0.20516016,
         -0.17074037, -0.17669895, -0.20276809, -0.1588134 ,
         -0.09360034, -0.09265198, -0.13966326, -0.15372838,
         -0.13666175]]], dtype=float32), reward=1), transition(observation=array([[ 1.0505306 ,  0.10102703,  0.13949706,  0.21211457, -0.06142217,
        -0.11089282,  0.13110898, -0.07654831, -0.09709659,  0.04923715,
         0.51407063,  0.3446679 ,  0.70687836,  0.29258284,  0.09773839,
        -0.0597563 , -0.09672827,  0.03735282, -0.07480484,  0.03961819,
         0.00669824,  0.0376067 ,  0.14225955, -0.03956587,  0.14507078,
         0.07607697, -0.05564224,  0.08701193,  0.00450771,  0.03539763,
        -0.1333968 , -0.02825028, -0.07383958,  0.        ]],
      dtype=float32), activation=array([[[31.27164   , -0.17510708, -0.22361939, -0.23609924,
         -0.25249708, -0.2654457 , -0.21114595, -0.1924501 ,
         -0.15257235, -0.15554655, -0.19096759, -0.14089872,
         -0.06870052, -0.07802843, -0.14415611, -0.18114562,
         -0.18108793]]], dtype=float32), h_activation=array([[[ 8.9165173e+00, -8.7940721e-03,  4.7951508e-01,  1.6070455e+00,
          6.3389549e+00,  7.9395137e+00,  3.7695187e-01,  2.2801123e+00,
          5.1350517e+00,  7.3097956e-01]]], dtype=float32), o_activation=array([[[31.27164   , -0.17510708, -0.22361939, -0.23609924,
         -0.25249708, -0.2654457 , -0.21114595, -0.1924501 ,
         -0.15257235, -0.15554655, -0.19096759, -0.14089872,
         -0.06870052, -0.07802843, -0.14415611, -0.18114562,
         -0.18108793]]], dtype=float32), reward=1), transition(observation=array([[ 1.1427528e+00, -2.5220854e-02, -1.8653010e-01, -1.3052251e-02,
         1.8271359e-02,  8.7404057e-02,  5.4935481e-02, -1.0389091e-01,
        -5.3034469e-02,  3.4356302e-01,  1.6980283e-01,  5.2923632e-01,
         7.8247398e-01,  3.5962269e-01,  1.2498762e-01, -2.8717959e-01,
         5.5825576e-04,  4.3441609e-02,  2.2370605e-01, -4.0620998e-02,
         2.0147830e-02,  6.0212601e-02, -1.5848710e-01, -1.0356279e-01,
         8.7928742e-02, -4.7583874e-02,  2.7193384e-02,  6.6225588e-02,
         5.3698793e-03,  1.0618344e-02, -2.5586903e-02, -1.2724145e-02,
        -7.7000514e-02,  0.0000000e+00]], dtype=float32), activation=array([[[32.922424  , -0.13837837, -0.18731226, -0.21025832,
         -0.26798078, -0.3001672 , -0.24295911, -0.25250018,
         -0.21861194, -0.1743234 , -0.16782372, -0.12536335,
         -0.06826319, -0.07679439, -0.15156668, -0.19323248,
         -0.16784589]]], dtype=float32), h_activation=array([[[10.363091  ,  0.6690351 ,  0.20446318,  0.24537641,
          6.7517157 ,  9.006005  ,  0.52635473,  1.325233  ,
          5.794911  ,  0.08275127]]], dtype=float32), o_activation=array([[[32.922424  , -0.13837837, -0.18731226, -0.21025832,
         -0.26798078, -0.3001672 , -0.24295911, -0.25250018,
         -0.21861194, -0.1743234 , -0.16782372, -0.12536335,
         -0.06826319, -0.07679439, -0.15156668, -0.19323248,
         -0.16784589]]], dtype=float32), reward=1), transition(observation=array([[0., 0., 0., 0., 0., 0., 0., 0., 0., 0., 0., 0., 0., 0., 0., 0.,
        0., 0., 0., 0., 0., 0., 0., 0., 0., 0., 0., 0., 0., 0., 0., 0.,
        0., 0.]], dtype=float32), activation=array([[[-7.19815418e-02,  5.94915390e-01, -7.59282857e-02,
         -1.11042701e-01, -1.15121089e-01, -1.46100983e-01,
         -1.08309984e-01, -1.40751779e-01, -7.34448805e-02,
          3.70012379e+00,  8.92354012e+00,  1.61927223e+01,
          2.26030331e+01,  1.74861507e+01,  2.45783138e+00,
         -4.45111804e-02, -6.52371859e-03]]], dtype=float32), h_activation=array([[[ 7.7552791e+00,  4.7198224e-01,  2.1006823e-02, -1.3280946e-03,
          5.1537595e+00,  6.5500560e+00,  2.0260406e+00,  1.3119061e+00,
          5.0936813e+00,  7.1310535e-02]]], dtype=float32), o_activation=array([[[-7.19815418e-02,  5.94915390e-01, -7.59282857e-02,
         -1.11042701e-01, -1.15121089e-01, -1.46100983e-01,
         -1.08309984e-01, -1.40751779e-01, -7.34448805e-02,
          3.70012379e+00,  8.92354012e+00,  1.61927223e+01,
          2.26030331e+01,  1.74861507e+01,  2.45783138e+00,
         -4.45111804e-02, -6.52371859e-03]]], dtype=float32), reward=1), transition(observation=array([[0., 0., 0., 0., 0., 0., 0., 0., 0., 0., 0., 0., 0., 0., 0., 0.,
        0., 0., 0., 0., 0., 0., 0., 0., 0., 0., 0., 0., 0., 0., 0., 0.,
        0., 0.]], dtype=float32), activation=array([[[-6.00673705e-02,  7.04310894e-01, -4.12544496e-02,
         -6.93803355e-02, -8.33237693e-02, -1.13225117e-01,
         -1.13462299e-01, -1.53037816e-01, -7.73052797e-02,
          3.22882557e+00,  7.43263674e+00,  1.22342205e+01,
          1.70819969e+01,  1.31909122e+01,  2.07639837e+00,
         -3.06067653e-02, -7.06432341e-03]]], dtype=float32), h_activation=array([[[ 5.6165986e+00,  4.0049940e-01,  2.1327472e-01, -3.5211025e-04,
          3.7724049e+00,  4.7467012e+00,  2.5998638e+00,  1.1858218e+00,
          4.1360784e+00,  6.2224507e-02]]], dtype=float32), o_activation=array([[[-6.00673705e-02,  7.04310894e-01, -4.12544496e-02,
         -6.93803355e-02, -8.33237693e-02, -1.13225117e-01,
         -1.13462299e-01, -1.53037816e-01, -7.73052797e-02,
          3.22882557e+00,  7.43263674e+00,  1.22342205e+01,
          1.70819969e+01,  1.31909122e+01,  2.07639837e+00,
         -3.06067653e-02, -7.06432341e-03]]], dtype=float32), reward=1)], success=True), configuration(episode=40, buffer=[transition(observation=array([[1., 0., 0., 0., 0., 0., 0., 0., 0., 0., 0., 0., 0., 0., 0., 0.,
        0., 0., 0., 0., 0., 0., 0., 0., 0., 0., 0., 0., 0., 0., 0., 0.,
        0., 0.]], dtype=float32), activation=array([[[21.951925  , -0.16273472, -0.09903108, -0.06986514,
         -0.08627328, -0.08463791, -0.07808341, -0.07997513,
         -0.07514796, -0.08803788, -0.13114357, -0.16107212,
         -0.12245279, -0.08242273, -0.10989129, -0.17945905,
         -0.20810315]]], dtype=float32), h_activation=array([[[ 0.65741384,  1.0077157 ,  0.8094139 ,  1.0622857 ,
          0.5178273 ,  0.82935977, -0.00975731,  0.98335665,
          0.01363628,  0.61610925]]], dtype=float32), o_activation=array([[[21.951925  , -0.16273472, -0.09903108, -0.06986514,
         -0.08627328, -0.08463791, -0.07808341, -0.07997513,
         -0.07514796, -0.08803788, -0.13114357, -0.16107212,
         -0.12245279, -0.08242273, -0.10989129, -0.17945905,
         -0.20810315]]], dtype=float32), reward=1), transition(observation=array([[1., 0., 0., 0., 0., 0., 0., 0., 0., 0., 0., 0., 0., 0., 0., 0.,
        0., 0., 0., 0., 0., 0., 0., 0., 0., 0., 0., 0., 0., 0., 0., 0.,
        0., 0.]], dtype=float32), activation=array([[[21.146324  , -0.14792708, -0.104919  , -0.07433729,
         -0.07984799, -0.09023384, -0.08298661, -0.07847466,
         -0.07545355, -0.10006521, -0.13596888, -0.15759169,
         -0.1181853 , -0.08480775, -0.10400171, -0.15609512,
         -0.1784867 ]]], dtype=float32), h_activation=array([[[ 1.211765  ,  1.7285006 ,  1.2898107 ,  1.7559597 ,
          1.0133047 ,  1.457543  , -0.00780531,  1.724515  ,
          0.25897866,  1.0671432 ]]], dtype=float32), o_activation=array([[[21.146324  , -0.14792708, -0.104919  , -0.07433729,
         -0.07984799, -0.09023384, -0.08298661, -0.07847466,
         -0.07545355, -0.10006521, -0.13596888, -0.15759169,
         -0.1181853 , -0.08480775, -0.10400171, -0.15609512,
         -0.1784867 ]]], dtype=float32), reward=1), transition(observation=array([[1., 0., 0., 0., 0., 0., 0., 0., 0., 0., 0., 0., 0., 0., 0., 0.,
        0., 0., 0., 0., 0., 0., 0., 0., 0., 0., 0., 0., 0., 0., 0., 0.,
        0., 0.]], dtype=float32), activation=array([[[20.430962  , -0.13669364, -0.10844178, -0.08017697,
         -0.07913208, -0.09574541, -0.08695398, -0.0815801 ,
         -0.079727  , -0.10858901, -0.1358045 , -0.15104309,
         -0.11423667, -0.08659025, -0.09905452, -0.14056572,
         -0.15914483]]], dtype=float32), h_activation=array([[[ 1.6570485 ,  2.2222865 ,  1.5444682 ,  2.1770654 ,
          1.4570724 ,  1.9150693 , -0.00590907,  2.2735069 ,
          0.62183607,  1.3858216 ]]], dtype=float32), o_activation=array([[[20.430962  , -0.13669364, -0.10844178, -0.08017697,
         -0.07913208, -0.09574541, -0.08695398, -0.0815801 ,
         -0.079727  , -0.10858901, -0.1358045 , -0.15104309,
         -0.11423667, -0.08659025, -0.09905452, -0.14056572,
         -0.15914483]]], dtype=float32), reward=1), transition(observation=array([[ 1.0533038 , -0.06330653,  0.14638461,  0.08593296,  0.34983453,
         0.37002996,  0.29976532,  0.14402914,  0.25536877,  0.21947238,
         0.12760578,  0.05950704,  0.01935657, -0.10526694,  0.03620701,
         0.1528145 ,  0.01049863,  0.0868469 , -0.0876012 , -0.11274225,
        -0.09660105, -0.11095028, -0.01540945, -0.10938439, -0.14495027,
        -0.03023158,  0.08164342, -0.01975121, -0.13012297,  0.02417236,
         0.06173981,  0.03042184,  0.03215316,  0.        ]],
      dtype=float32), activation=array([[[30.636925  , -0.16346653, -0.1505581 , -0.14343055,
         -0.16697763, -0.18420234, -0.16414651, -0.14886205,
         -0.15037127, -0.17494217, -0.18702978, -0.18531898,
         -0.14256246, -0.10972412, -0.11826319, -0.162954  ,
         -0.189183  ]]], dtype=float32), h_activation=array([[[ 0.9145492 ,  3.5800767 ,  0.4110266 ,  2.5786862 ,
          0.59642565,  1.7363973 , -0.00661677,  2.1643429 ,
          1.4575627 ,  1.7548193 ]]], dtype=float32), o_activation=array([[[30.636925  , -0.16346653, -0.1505581 , -0.14343055,
         -0.16697763, -0.18420234, -0.16414651, -0.14886205,
         -0.15037127, -0.17494217, -0.18702978, -0.18531898,
         -0.14256246, -0.10972412, -0.11826319, -0.162954  ,
         -0.189183  ]]], dtype=float32), reward=1), transition(observation=array([[ 1.0692267e+00, -2.4992190e-02,  2.0431739e-01, -4.3131466e-04,
         3.4994972e-01,  6.1926818e-01,  2.1726139e-01,  6.1131727e-02,
         2.2333081e-01,  2.2548346e-01,  1.1211404e-01, -6.5202035e-02,
         3.7443750e-02, -8.8219844e-02,  1.3232104e-01,  4.6563935e-03,
        -1.2838127e-01, -1.6387275e-01, -1.7045781e-01, -2.1273766e-02,
        -2.0348676e-02, -1.1911659e-01,  1.2042241e-01, -1.1438535e-01,
        -3.5842527e-03,  1.5896404e-01, -7.6282248e-02, -2.4857871e-02,
        -7.6169483e-02, -5.2308772e-02, -3.1759407e-02, -1.5680827e-01,
        -3.2651365e-02,  0.0000000e+00]], dtype=float32), activation=array([[[27.880257  , -0.1602301 , -0.15561713, -0.15350905,
         -0.14305027, -0.14031413, -0.14780878, -0.14636593,
         -0.1283436 , -0.1463551 , -0.16479355, -0.17058988,
         -0.16160594, -0.15126483, -0.12553777, -0.1459164 ,
         -0.1812963 ]]], dtype=float32), h_activation=array([[[ 1.83601499e-01,  5.23304319e+00, -1.04779722e-02,
          1.29748201e+00, -1.43561570e-03,  9.35837865e-01,
         -1.39394915e-02,  2.45126653e+00,  1.51352596e+00,
          2.00570583e+00]]], dtype=float32), o_activation=array([[[27.880257  , -0.1602301 , -0.15561713, -0.15350905,
         -0.14305027, -0.14031413, -0.14780878, -0.14636593,
         -0.1283436 , -0.1463551 , -0.16479355, -0.17058988,
         -0.16160594, -0.15126483, -0.12553777, -0.1459164 ,
         -0.1812963 ]]], dtype=float32), reward=1), transition(observation=array([[ 1.0388229 ,  0.02866288,  0.17814548,  0.17664714,  0.26604074,
         0.40781564,  0.13615836,  0.06474647,  0.14861475,  0.26879522,
         0.2146626 ,  0.07270825, -0.05912658, -0.09336415,  0.18123022,
        -0.21814345, -0.14229022,  0.06676136,  0.04971612, -0.07973693,
        -0.12662598, -0.03330043,  0.0992045 ,  0.09595536,  0.09397641,
        -0.01460236,  0.1522621 ,  0.15605019, -0.08534651, -0.01182207,
         0.075151  , -0.06415994, -0.09708554,  0.        ]],
      dtype=float32), activation=array([[[24.711102  , -0.13677868, -0.14893733, -0.16310824,
         -0.10592846, -0.05934966, -0.10719041, -0.15311113,
         -0.12234449, -0.1393453 , -0.18018329, -0.19223163,
         -0.1812121 , -0.16025886, -0.11820415, -0.13726397,
         -0.1690495 ]]], dtype=float32), h_activation=array([[[ 8.6466402e-02,  5.6997113e+00, -1.4561135e-02,  9.0464050e-01,
          3.8430214e-01, -3.3708760e-03, -1.4792669e-02,  2.3155603e+00,
          1.9164280e+00,  2.4311585e+00]]], dtype=float32), o_activation=array([[[24.711102  , -0.13677868, -0.14893733, -0.16310824,
         -0.10592846, -0.05934966, -0.10719041, -0.15311113,
         -0.12234449, -0.1393453 , -0.18018329, -0.19223163,
         -0.1812121 , -0.16025886, -0.11820415, -0.13726397,
         -0.1690495 ]]], dtype=float32), reward=1), transition(observation=array([[ 0.9064625 , -0.0127622 ,  0.01687077, -0.0171305 ,  0.31677106,
         0.6429894 ,  0.21020831,  0.08108965,  0.1926014 ,  0.56025827,
         0.14617199, -0.01874914, -0.0936322 , -0.15628041,  0.09018955,
         0.10233562, -0.1852866 , -0.01100314, -0.08801302,  0.02163028,
         0.15105514, -0.04592745,  0.04946383, -0.07800842, -0.01596324,
         0.06716049, -0.11166099,  0.00832514, -0.01232418, -0.04293497,
        -0.0224088 , -0.05198927,  0.23615594,  0.        ]],
      dtype=float32), activation=array([[[22.415321  , -0.09741695, -0.10436144, -0.13271335,
         -0.10347705, -0.06127848, -0.10440508, -0.15444836,
         -0.13127823, -0.13387206, -0.16285335, -0.17910452,
         -0.17010774, -0.14909834, -0.11565665, -0.14234342,
         -0.1590771 ]]], dtype=float32), h_activation=array([[[-1.2753329e-02,  7.8363619e+00, -2.1199495e-02, -4.9945235e-04,
          2.1276674e-01, -1.7818966e-03, -6.7110960e-03,  1.5746841e+00,
          2.1260083e+00,  2.1580839e+00]]], dtype=float32), o_activation=array([[[22.415321  , -0.09741695, -0.10436144, -0.13271335,
         -0.10347705, -0.06127848, -0.10440508, -0.15444836,
         -0.13127823, -0.13387206, -0.16285335, -0.17910452,
         -0.17010774, -0.14909834, -0.11565665, -0.14234342,
         -0.1590771 ]]], dtype=float32), reward=1), transition(observation=array([[ 1.0465068 ,  0.14389259, -0.13757089,  0.0367064 ,  0.21978769,
         0.48059395,  0.21004713,  0.17043544,  0.19860536,  0.18580633,
         0.16451101,  0.02403781,  0.05154271,  0.14490369, -0.0753146 ,
        -0.12792192, -0.27758765, -0.10793395, -0.30043444,  0.08138826,
        -0.04995681,  0.00684164,  0.05923192,  0.00459934,  0.12202044,
         0.05843208, -0.0209369 , -0.1482544 ,  0.06076707,  0.0038328 ,
        -0.10526773,  0.02725888, -0.11589883,  0.        ]],
      dtype=float32), activation=array([[[ 2.30406342e+01, -9.20769870e-02, -1.41994223e-01,
         -1.68584824e-01, -7.71466792e-02, -1.51236868e-02,
         -1.00384004e-01, -1.74325094e-01, -1.09343715e-01,
         -8.22547898e-02, -1.55352131e-01, -2.04167455e-01,
         -1.97741061e-01, -1.70597747e-01, -1.41290724e-01,
         -1.58265620e-01, -1.48144439e-01]]], dtype=float32), h_activation=array([[[ 3.3791929e-02,  7.9978175e+00, -1.3754552e-03, -8.9645851e-03,
          1.6212296e-01, -3.9601722e-03, -2.2078916e-02,  5.6812966e-01,
          2.0626202e+00,  1.8049988e+00]]], dtype=float32), o_activation=array([[[ 2.30406342e+01, -9.20769870e-02, -1.41994223e-01,
         -1.68584824e-01, -7.71466792e-02, -1.51236868e-02,
         -1.00384004e-01, -1.74325094e-01, -1.09343715e-01,
         -8.22547898e-02, -1.55352131e-01, -2.04167455e-01,
         -1.97741061e-01, -1.70597747e-01, -1.41290724e-01,
         -1.58265620e-01, -1.48144439e-01]]], dtype=float32), reward=1), transition(observation=array([[0., 0., 0., 0., 0., 0., 0., 0., 0., 0., 0., 0., 0., 0., 0., 0.,
        0., 0., 0., 0., 0., 0., 0., 0., 0., 0., 0., 0., 0., 0., 0., 0.,
        0., 0.]], dtype=float32), activation=array([[[-1.2525839e-01,  2.5635257e+00, -2.9656854e-02, -2.6475782e-02,
          1.0577930e+01,  1.6617285e+01,  6.8964100e+00, -4.8353504e-03,
          5.6958356e+00,  8.8399715e+00,  1.1483924e+00, -4.4184852e-02,
         -4.7602296e-02, -3.8804181e-02, -3.3175435e-02, -3.0568825e-02,
          1.6276169e-01]]], dtype=float32), h_activation=array([[[0.08366515, 6.4523425 , 0.13626453, 0.31719816, 0.21194053,
         0.5054172 , 0.04537994, 0.8511063 , 1.8138212 , 1.5364494 ]]],
      dtype=float32), o_activation=array([[[-1.2525839e-01,  2.5635257e+00, -2.9656854e-02, -2.6475782e-02,
          1.0577930e+01,  1.6617285e+01,  6.8964100e+00, -4.8353504e-03,
          5.6958356e+00,  8.8399715e+00,  1.1483924e+00, -4.4184852e-02,
         -4.7602296e-02, -3.8804181e-02, -3.3175435e-02, -3.0568825e-02,
          1.6276169e-01]]], dtype=float32), reward=1), transition(observation=array([[0., 0., 0., 0., 0., 0., 0., 0., 0., 0., 0., 0., 0., 0., 0., 0.,
        0., 0., 0., 0., 0., 0., 0., 0., 0., 0., 0., 0., 0., 0., 0., 0.,
        0., 0.]], dtype=float32), activation=array([[[-1.1618822e-01,  1.4243178e+00, -2.2917522e-02, -1.7851729e-02,
          8.6203060e+00,  1.3418867e+01,  6.0933843e+00,  1.6708207e-01,
          5.0357862e+00,  6.4844894e+00,  1.6413069e-01, -3.7531991e-02,
         -3.6218341e-02, -2.6346577e-02, -1.8973084e-02, -2.0253746e-02,
         -4.2988206e-03]]], dtype=float32), h_activation=array([[[0.12753862, 5.2827497 , 0.28836867, 0.5955411 , 0.23060465,
         0.84483564, 0.04608262, 1.0399652 , 1.6019195 , 1.3508062 ]]],
      dtype=float32), o_activation=array([[[-1.1618822e-01,  1.4243178e+00, -2.2917522e-02, -1.7851729e-02,
          8.6203060e+00,  1.3418867e+01,  6.0933843e+00,  1.6708207e-01,
          5.0357862e+00,  6.4844894e+00,  1.6413069e-01, -3.7531991e-02,
         -3.6218341e-02, -2.6346577e-02, -1.8973084e-02, -2.0253746e-02,
         -4.2988206e-03]]], dtype=float32), reward=1)], success=True), configuration(episode=41, buffer=[transition(observation=array([[1., 0., 0., 0., 0., 0., 0., 0., 0., 0., 0., 0., 0., 0., 0., 0.,
        0., 0., 0., 0., 0., 0., 0., 0., 0., 0., 0., 0., 0., 0., 0., 0.,
        0., 0.]], dtype=float32), activation=array([[[21.951925  , -0.16273472, -0.09903108, -0.06986514,
         -0.08627328, -0.08463791, -0.07808341, -0.07997513,
         -0.07514796, -0.08803788, -0.13114357, -0.16107212,
         -0.12245279, -0.08242273, -0.10989129, -0.17945905,
         -0.20810315]]], dtype=float32), h_activation=array([[[ 0.65741384,  1.0077157 ,  0.8094139 ,  1.0622857 ,
          0.5178273 ,  0.82935977, -0.00975731,  0.98335665,
          0.01363628,  0.61610925]]], dtype=float32), o_activation=array([[[21.951925  , -0.16273472, -0.09903108, -0.06986514,
         -0.08627328, -0.08463791, -0.07808341, -0.07997513,
         -0.07514796, -0.08803788, -0.13114357, -0.16107212,
         -0.12245279, -0.08242273, -0.10989129, -0.17945905,
         -0.20810315]]], dtype=float32), reward=1), transition(observation=array([[1., 0., 0., 0., 0., 0., 0., 0., 0., 0., 0., 0., 0., 0., 0., 0.,
        0., 0., 0., 0., 0., 0., 0., 0., 0., 0., 0., 0., 0., 0., 0., 0.,
        0., 0.]], dtype=float32), activation=array([[[21.146324  , -0.14792708, -0.104919  , -0.07433729,
         -0.07984799, -0.09023384, -0.08298661, -0.07847466,
         -0.07545355, -0.10006521, -0.13596888, -0.15759169,
         -0.1181853 , -0.08480775, -0.10400171, -0.15609512,
         -0.1784867 ]]], dtype=float32), h_activation=array([[[ 1.211765  ,  1.7285006 ,  1.2898107 ,  1.7559597 ,
          1.0133047 ,  1.457543  , -0.00780531,  1.724515  ,
          0.25897866,  1.0671432 ]]], dtype=float32), o_activation=array([[[21.146324  , -0.14792708, -0.104919  , -0.07433729,
         -0.07984799, -0.09023384, -0.08298661, -0.07847466,
         -0.07545355, -0.10006521, -0.13596888, -0.15759169,
         -0.1181853 , -0.08480775, -0.10400171, -0.15609512,
         -0.1784867 ]]], dtype=float32), reward=1), transition(observation=array([[1., 0., 0., 0., 0., 0., 0., 0., 0., 0., 0., 0., 0., 0., 0., 0.,
        0., 0., 0., 0., 0., 0., 0., 0., 0., 0., 0., 0., 0., 0., 0., 0.,
        0., 0.]], dtype=float32), activation=array([[[20.430962  , -0.13669364, -0.10844178, -0.08017697,
         -0.07913208, -0.09574541, -0.08695398, -0.0815801 ,
         -0.079727  , -0.10858901, -0.1358045 , -0.15104309,
         -0.11423667, -0.08659025, -0.09905452, -0.14056572,
         -0.15914483]]], dtype=float32), h_activation=array([[[ 1.6570485 ,  2.2222865 ,  1.5444682 ,  2.1770654 ,
          1.4570724 ,  1.9150693 , -0.00590907,  2.2735069 ,
          0.62183607,  1.3858216 ]]], dtype=float32), o_activation=array([[[20.430962  , -0.13669364, -0.10844178, -0.08017697,
         -0.07913208, -0.09574541, -0.08695398, -0.0815801 ,
         -0.079727  , -0.10858901, -0.1358045 , -0.15104309,
         -0.11423667, -0.08659025, -0.09905452, -0.14056572,
         -0.15914483]]], dtype=float32), reward=1), transition(observation=array([[ 1.1768180e+00,  4.2194515e-01,  4.2487851e-01,  4.6398124e-01,
         4.3400398e-01,  9.7000606e-02, -6.9656514e-02, -6.9130381e-04,
         7.2563708e-02, -2.0795707e-02,  4.5344703e-02, -1.4501101e-01,
        -1.1899267e-01, -3.6002755e-02, -8.8485047e-02,  1.3133815e-01,
         3.3447376e-01,  2.3314811e-03,  9.2662111e-02,  8.8775605e-02,
         1.7978702e-01,  3.1570118e-02, -1.2609371e-02,  5.6994002e-02,
        -7.7970676e-02,  1.4923812e-01,  2.0162968e-02,  9.5261678e-02,
        -1.3084166e-01, -2.5391389e-02,  2.3283134e-01, -1.2550218e-01,
        -4.0751837e-02,  0.0000000e+00]], dtype=float32), activation=array([[[32.245064  , -0.26059702, -0.23615411, -0.20773941,
         -0.1814239 , -0.16977282, -0.14549367, -0.14399222,
         -0.15642847, -0.1616564 , -0.15983531, -0.16323663,
         -0.13927297, -0.12324596, -0.13518098, -0.20456226,
         -0.26386932]]], dtype=float32), h_activation=array([[[ 3.6061337e+00,  3.3993497e+00,  2.3637669e+00,  3.6110620e+00,
          1.2600272e+00, -2.3404270e-04,  1.0180261e+00,  4.8189545e+00,
          1.6579613e-02,  4.0872397e+00]]], dtype=float32), o_activation=array([[[32.245064  , -0.26059702, -0.23615411, -0.20773941,
         -0.1814239 , -0.16977282, -0.14549367, -0.14399222,
         -0.15642847, -0.1616564 , -0.15983531, -0.16323663,
         -0.13927297, -0.12324596, -0.13518098, -0.20456226,
         -0.26386932]]], dtype=float32), reward=1), transition(observation=array([[ 1.1564602 ,  0.3945129 ,  0.5474678 ,  0.5845804 ,  0.24611147,
         0.09827891,  0.02329061,  0.04316665, -0.03620179,  0.00271821,
        -0.26486966,  0.10384787, -0.04776648, -0.07801795,  0.08601566,
         0.01819758,  0.19491579, -0.02541543,  0.11750153,  0.16957445,
         0.02262588, -0.13415177,  0.09141084,  0.02848618,  0.16722226,
        -0.06462167, -0.06526048,  0.17193195,  0.0171847 , -0.00191666,
        -0.13221893, -0.11713607,  0.06822644,  0.        ]],
      dtype=float32), activation=array([[[32.337368  , -0.20278949, -0.16992332, -0.1178892 ,
         -0.10045008, -0.15280873, -0.19022179, -0.20505823,
         -0.19369473, -0.18425262, -0.16444823, -0.17348786,
         -0.15726805, -0.16405992, -0.15394449, -0.1776013 ,
         -0.19738838]]], dtype=float32), h_activation=array([[[ 4.7093086 ,  2.7230883 ,  2.3774903 ,  3.9238138 ,
          0.7846601 , -0.01101325,  1.3878016 ,  7.263194  ,
          0.18708381,  6.270399  ]]], dtype=float32), o_activation=array([[[32.337368  , -0.20278949, -0.16992332, -0.1178892 ,
         -0.10045008, -0.15280873, -0.19022179, -0.20505823,
         -0.19369473, -0.18425262, -0.16444823, -0.17348786,
         -0.15726805, -0.16405992, -0.15394449, -0.1776013 ,
         -0.19738838]]], dtype=float32), reward=1), transition(observation=array([[ 0.9323501 ,  0.50108904,  0.43342122,  0.37038895,  0.23246661,
         0.04557389,  0.14223272, -0.03342514,  0.04088584,  0.01972902,
         0.14951594,  0.07903548, -0.10312674, -0.05717557, -0.018122  ,
        -0.04458419,  0.26198485, -0.08777656,  0.18616101,  0.12834226,
        -0.00675684, -0.04241884,  0.01941026, -0.01646824, -0.07578877,
         0.11109661, -0.02471979, -0.08865436,  0.10737883, -0.01807066,
        -0.02211026,  0.01557783, -0.06383555,  0.        ]],
      dtype=float32), activation=array([[[27.324509  , -0.13587022, -0.07764051, -0.03957053,
         -0.06098442, -0.12646721, -0.18265325, -0.228201  ,
         -0.22520487, -0.2531695 , -0.1984687 , -0.15135953,
         -0.12803589, -0.16099872, -0.12362932, -0.12244272,
         -0.15163584]]], dtype=float32), h_activation=array([[[ 5.5025916 ,  3.3753881 ,  2.8425257 ,  3.804503  ,
          1.808736  , -0.01703648,  1.9389117 ,  7.8171844 ,
          1.7713404 ,  7.8074617 ]]], dtype=float32), o_activation=array([[[27.324509  , -0.13587022, -0.07764051, -0.03957053,
         -0.06098442, -0.12646721, -0.18265325, -0.228201  ,
         -0.22520487, -0.2531695 , -0.1984687 , -0.15135953,
         -0.12803589, -0.16099872, -0.12362932, -0.12244272,
         -0.15163584]]], dtype=float32), reward=1), transition(observation=array([[ 1.0007070e+00,  2.6263982e-01,  3.9547947e-01,  5.4026020e-01,
         1.6671585e-01, -2.2133891e-02,  9.4945788e-02, -7.0660032e-02,
         6.5161020e-02, -6.6520318e-02,  6.9656827e-02,  3.6092024e-02,
        -7.8610890e-02, -1.6495287e-01,  7.1148328e-02,  4.6456620e-02,
         1.8667452e-01, -1.0860884e-02,  1.7392978e-01, -7.0279002e-02,
        -2.1980295e-03, -5.9243273e-02, -9.0615630e-02,  1.2651208e-01,
         8.0252856e-02,  5.6262588e-04,  5.8956522e-02,  1.0946063e-01,
         7.6923728e-02, -6.4866200e-02, -4.5868602e-02,  1.0833917e-01,
         9.7448878e-02,  0.0000000e+00]], dtype=float32), activation=array([[[25.381344  , -0.09409381, -0.05165361, -0.04874899,
         -0.079978  , -0.1380889 , -0.19222882, -0.24778612,
         -0.23309565, -0.24684247, -0.1775412 , -0.1253716 ,
         -0.12020811, -0.18667911, -0.14228183, -0.12267168,
         -0.12805195]]], dtype=float32), h_activation=array([[[ 5.541059  ,  2.5313523 ,  2.0576122 ,  4.3863688 ,
          1.9282014 , -0.01126157,  3.0876203 ,  8.470793  ,
          2.6909451 ,  8.139849  ]]], dtype=float32), o_activation=array([[[25.381344  , -0.09409381, -0.05165361, -0.04874899,
         -0.079978  , -0.1380889 , -0.19222882, -0.24778612,
         -0.23309565, -0.24684247, -0.1775412 , -0.1253716 ,
         -0.12020811, -0.18667911, -0.14228183, -0.12267168,
         -0.12805195]]], dtype=float32), reward=1), transition(observation=array([[ 0.9226647 ,  0.2822994 ,  0.27408114,  0.69458896,  0.24349011,
         0.00427877, -0.17780547,  0.1569011 ,  0.03630833, -0.04212909,
         0.14358275, -0.03319606, -0.19526194,  0.13280827,  0.01039346,
         0.06217153,  0.13433376,  0.18473451,  0.22940868, -0.0902252 ,
        -0.08338862,  0.06629199,  0.16469188, -0.06436316, -0.08662092,
        -0.02350622,  0.0023163 , -0.0295845 ,  0.1660596 ,  0.08503637,
        -0.06262972,  0.17214428, -0.02640774,  0.        ]],
      dtype=float32), activation=array([[[23.658867  , -0.08292686, -0.02412775, -0.02810152,
         -0.08046246, -0.15090972, -0.21528718, -0.28038126,
         -0.25738248, -0.256642  , -0.15610895, -0.09563984,
         -0.11924339, -0.20419206, -0.13394393, -0.09596172,
         -0.11354616]]], dtype=float32), h_activation=array([[[ 5.9002957,  1.6629949,  2.1704106,  5.5142326,  2.36854  ,
         -0.0192667,  3.7397857,  8.42332  ,  1.9456733,  7.729472 ]]],
      dtype=float32), o_activation=array([[[23.658867  , -0.08292686, -0.02412775, -0.02810152,
         -0.08046246, -0.15090972, -0.21528718, -0.28038126,
         -0.25738248, -0.256642  , -0.15610895, -0.09563984,
         -0.11924339, -0.20419206, -0.13394393, -0.09596172,
         -0.11354616]]], dtype=float32), reward=1), transition(observation=array([[0., 0., 0., 0., 0., 0., 0., 0., 0., 0., 0., 0., 0., 0., 0., 0.,
        0., 0., 0., 0., 0., 0., 0., 0., 0., 0., 0., 0., 0., 0., 0., 0.,
        0., 0.]], dtype=float32), activation=array([[[-0.06117155, 10.294412  , 16.956772  , 19.083263  ,
          9.475963  , -0.05454091, -0.12804471, -0.15468784,
         -0.12109213, -0.12347016, -0.02573539,  2.1623158 ,
          0.96418196, -0.06009155,  0.48287046,  8.090775  ,
          9.080223  ]]], dtype=float32), h_activation=array([[[4.3147    , 1.5579727 , 1.8277504 , 4.129049  , 2.0568423 ,
         0.11331359, 3.6314864 , 6.3294277 , 2.217428  , 5.7637706 ]]],
      dtype=float32), o_activation=array([[[-0.06117155, 10.294412  , 16.956772  , 19.083263  ,
          9.475963  , -0.05454091, -0.12804471, -0.15468784,
         -0.12109213, -0.12347016, -0.02573539,  2.1623158 ,
          0.96418196, -0.06009155,  0.48287046,  8.090775  ,
          9.080223  ]]], dtype=float32), reward=1), transition(observation=array([[0., 0., 0., 0., 0., 0., 0., 0., 0., 0., 0., 0., 0., 0., 0., 0.,
        0., 0., 0., 0., 0., 0., 0., 0., 0., 0., 0., 0., 0., 0., 0., 0.,
        0., 0.]], dtype=float32), activation=array([[[-6.25731871e-02,  7.55155754e+00,  1.28085060e+01,
          1.42830820e+01,  6.87985849e+00, -4.10543345e-02,
         -1.03209496e-01, -1.29110187e-01, -9.37043577e-02,
         -8.34420696e-02, -1.36076640e-02,  1.44089746e+00,
          6.24295771e-01, -4.23310660e-02,  5.22178531e-01,
          6.00063753e+00,  6.53265238e+00]]], dtype=float32), h_activation=array([[[3.06866   , 1.4804779 , 1.7137973 , 3.2575364 , 1.6634308 ,
         0.21783891, 3.2212539 , 4.7785234 , 2.1037178 , 4.329434  ]]],
      dtype=float32), o_activation=array([[[-6.25731871e-02,  7.55155754e+00,  1.28085060e+01,
          1.42830820e+01,  6.87985849e+00, -4.10543345e-02,
         -1.03209496e-01, -1.29110187e-01, -9.37043577e-02,
         -8.34420696e-02, -1.36076640e-02,  1.44089746e+00,
          6.24295771e-01, -4.23310660e-02,  5.22178531e-01,
          6.00063753e+00,  6.53265238e+00]]], dtype=float32), reward=1)], success=True), configuration(episode=42, buffer=[transition(observation=array([[1., 0., 0., 0., 0., 0., 0., 0., 0., 0., 0., 0., 0., 0., 0., 0.,
        0., 0., 0., 0., 0., 0., 0., 0., 0., 0., 0., 0., 0., 0., 0., 0.,
        0., 0.]], dtype=float32), activation=array([[[21.951925  , -0.16273472, -0.09903108, -0.06986514,
         -0.08627328, -0.08463791, -0.07808341, -0.07997513,
         -0.07514796, -0.08803788, -0.13114357, -0.16107212,
         -0.12245279, -0.08242273, -0.10989129, -0.17945905,
         -0.20810315]]], dtype=float32), h_activation=array([[[ 0.65741384,  1.0077157 ,  0.8094139 ,  1.0622857 ,
          0.5178273 ,  0.82935977, -0.00975731,  0.98335665,
          0.01363628,  0.61610925]]], dtype=float32), o_activation=array([[[21.951925  , -0.16273472, -0.09903108, -0.06986514,
         -0.08627328, -0.08463791, -0.07808341, -0.07997513,
         -0.07514796, -0.08803788, -0.13114357, -0.16107212,
         -0.12245279, -0.08242273, -0.10989129, -0.17945905,
         -0.20810315]]], dtype=float32), reward=1), transition(observation=array([[1., 0., 0., 0., 0., 0., 0., 0., 0., 0., 0., 0., 0., 0., 0., 0.,
        0., 0., 0., 0., 0., 0., 0., 0., 0., 0., 0., 0., 0., 0., 0., 0.,
        0., 0.]], dtype=float32), activation=array([[[21.146324  , -0.14792708, -0.104919  , -0.07433729,
         -0.07984799, -0.09023384, -0.08298661, -0.07847466,
         -0.07545355, -0.10006521, -0.13596888, -0.15759169,
         -0.1181853 , -0.08480775, -0.10400171, -0.15609512,
         -0.1784867 ]]], dtype=float32), h_activation=array([[[ 1.211765  ,  1.7285006 ,  1.2898107 ,  1.7559597 ,
          1.0133047 ,  1.457543  , -0.00780531,  1.724515  ,
          0.25897866,  1.0671432 ]]], dtype=float32), o_activation=array([[[21.146324  , -0.14792708, -0.104919  , -0.07433729,
         -0.07984799, -0.09023384, -0.08298661, -0.07847466,
         -0.07545355, -0.10006521, -0.13596888, -0.15759169,
         -0.1181853 , -0.08480775, -0.10400171, -0.15609512,
         -0.1784867 ]]], dtype=float32), reward=1), transition(observation=array([[1., 0., 0., 0., 0., 0., 0., 0., 0., 0., 0., 0., 0., 0., 0., 0.,
        0., 0., 0., 0., 0., 0., 0., 0., 0., 0., 0., 0., 0., 0., 0., 0.,
        0., 0.]], dtype=float32), activation=array([[[20.430962  , -0.13669364, -0.10844178, -0.08017697,
         -0.07913208, -0.09574541, -0.08695398, -0.0815801 ,
         -0.079727  , -0.10858901, -0.1358045 , -0.15104309,
         -0.11423667, -0.08659025, -0.09905452, -0.14056572,
         -0.15914483]]], dtype=float32), h_activation=array([[[ 1.6570485 ,  2.2222865 ,  1.5444682 ,  2.1770654 ,
          1.4570724 ,  1.9150693 , -0.00590907,  2.2735069 ,
          0.62183607,  1.3858216 ]]], dtype=float32), o_activation=array([[[20.430962  , -0.13669364, -0.10844178, -0.08017697,
         -0.07913208, -0.09574541, -0.08695398, -0.0815801 ,
         -0.079727  , -0.10858901, -0.1358045 , -0.15104309,
         -0.11423667, -0.08659025, -0.09905452, -0.14056572,
         -0.15914483]]], dtype=float32), reward=1), transition(observation=array([[ 0.9345653 , -0.00361951, -0.08982625, -0.03718301, -0.06436574,
         0.46501502,  0.45851547,  0.23650348,  0.08394755, -0.06427826,
        -0.08560368,  0.06202293,  0.19756252,  0.441322  ,  0.18484078,
         0.13292353,  0.0601913 ,  0.13643359,  0.14187668,  0.01031505,
        -0.07884634, -0.10173018, -0.10212266,  0.07883845, -0.20108488,
         0.10993583,  0.0625184 , -0.02195713, -0.0800577 ,  0.03766089,
        -0.04734241,  0.18164138, -0.10941067,  0.        ]],
      dtype=float32), activation=array([[[26.659882  , -0.14250618, -0.1165632 , -0.09583453,
         -0.1276451 , -0.16639112, -0.15961885, -0.13795464,
         -0.11737426, -0.13358098, -0.15025553, -0.171881  ,
         -0.1605049 , -0.13969097, -0.14199318, -0.17212728,
         -0.17417693]]], dtype=float32), h_activation=array([[[ 1.2386384e+00,  2.5294337e+00,  3.2935410e+00,  9.7470611e-01,
          1.0970446e+00,  2.4469490e+00, -1.5667593e-02,  2.8420041e+00,
          1.3886201e+00, -1.7565191e-03]]], dtype=float32), o_activation=array([[[26.659882  , -0.14250618, -0.1165632 , -0.09583453,
         -0.1276451 , -0.16639112, -0.15961885, -0.13795464,
         -0.11737426, -0.13358098, -0.15025553, -0.171881  ,
         -0.1605049 , -0.13969097, -0.14199318, -0.17212728,
         -0.17417693]]], dtype=float32), reward=1), transition(observation=array([[ 1.0594419 , -0.07153565,  0.19297908, -0.14852396, -0.15836169,
         0.17219009,  0.39559495, -0.0064488 ,  0.0287086 , -0.01595689,
         0.07579769,  0.12909937,  0.27120745,  0.30851582,  0.28461558,
        -0.21499605,  0.14936614, -0.00438831,  0.01830403, -0.01080917,
         0.05595986,  0.14240181, -0.04740924, -0.04290095,  0.00806089,
         0.04926817,  0.18319567,  0.02124986, -0.03133735,  0.12675658,
        -0.10092983, -0.01947849, -0.01082014,  0.        ]],
      dtype=float32), activation=array([[[26.979687  , -0.14401452, -0.15494731, -0.14796096,
         -0.14138754, -0.11856331, -0.09803147, -0.13087137,
         -0.14967206, -0.19299234, -0.20849189, -0.20051114,
         -0.16503982, -0.12064275, -0.12813981, -0.16309723,
         -0.1613215 ]]], dtype=float32), h_activation=array([[[ 1.7831478e+00,  2.2704985e+00,  3.9959595e+00, -3.6769831e-03,
          2.3277488e+00,  2.6100879e+00, -1.4616079e-02,  3.2891548e+00,
          2.6861224e+00, -2.1544278e-03]]], dtype=float32), o_activation=array([[[26.979687  , -0.14401452, -0.15494731, -0.14796096,
         -0.14138754, -0.11856331, -0.09803147, -0.13087137,
         -0.14967206, -0.19299234, -0.20849189, -0.20051114,
         -0.16503982, -0.12064275, -0.12813981, -0.16309723,
         -0.1613215 ]]], dtype=float32), reward=1), transition(observation=array([[ 1.0318686 ,  0.18382782, -0.05442891,  0.09626893, -0.03092394,
         0.18348964,  0.44452083,  0.2798295 ,  0.24606867,  0.02988227,
         0.01025106,  0.18314002,  0.24525039,  0.25897545,  0.15824606,
        -0.0503282 ,  0.1160859 , -0.03837747, -0.00854057,  0.03901623,
         0.03588413, -0.12474682, -0.18677588,  0.21383598, -0.0913629 ,
        -0.21567564, -0.01997906, -0.02679764, -0.02893693,  0.02654663,
         0.24869666,  0.04757312, -0.06393688,  0.        ]],
      dtype=float32), activation=array([[[29.695538  , -0.1452664 , -0.16413432, -0.18992859,
         -0.20676737, -0.16784559, -0.11748322, -0.17744884,
         -0.21380134, -0.23155355, -0.21216083, -0.18781897,
         -0.15318237, -0.09949467, -0.11800116, -0.18092963,
         -0.18322341]]], dtype=float32), h_activation=array([[[ 1.7395806e+00,  2.0929592e+00,  5.1209135e+00, -2.4474084e-03,
          2.4393530e+00,  2.7625790e+00, -1.2801432e-02,  2.5665236e+00,
          3.2771692e+00,  3.0151868e-01]]], dtype=float32), o_activation=array([[[29.695538  , -0.1452664 , -0.16413432, -0.18992859,
         -0.20676737, -0.16784559, -0.11748322, -0.17744884,
         -0.21380134, -0.23155355, -0.21216083, -0.18781897,
         -0.15318237, -0.09949467, -0.11800116, -0.18092963,
         -0.18322341]]], dtype=float32), reward=1), transition(observation=array([[ 0.92667586, -0.12514128, -0.01113943, -0.03259641, -0.10785717,
         0.4718323 ,  0.64606786,  0.10459853,  0.01934473,  0.0557717 ,
        -0.02582805,  0.03247505,  0.21898448,  0.27104363,  0.2594873 ,
         0.12197762,  0.21843773,  0.03783471, -0.00459119,  0.04954306,
        -0.02911938, -0.02966349,  0.0053391 ,  0.15192066,  0.14779963,
        -0.07025135, -0.15310653,  0.04803836,  0.06967437, -0.0133235 ,
         0.0061166 , -0.21251199,  0.01571394,  0.        ]],
      dtype=float32), activation=array([[[25.551247  , -0.11062622, -0.14375962, -0.18392673,
         -0.22642069, -0.18777455, -0.10555085, -0.13132574,
         -0.17211376, -0.20494649, -0.18850064, -0.15766028,
         -0.12465182, -0.09515146, -0.12917323, -0.1804824 ,
         -0.15242505]]], dtype=float32), h_activation=array([[[ 0.9456848 ,  2.5543468 ,  5.591532  , -0.00897233,
          1.9015523 ,  2.8381538 , -0.00616268,  3.1591506 ,
          4.2886133 , -0.01335972]]], dtype=float32), o_activation=array([[[25.551247  , -0.11062622, -0.14375962, -0.18392673,
         -0.22642069, -0.18777455, -0.10555085, -0.13132574,
         -0.17211376, -0.20494649, -0.18850064, -0.15766028,
         -0.12465182, -0.09515146, -0.12917323, -0.1804824 ,
         -0.15242505]]], dtype=float32), reward=1), transition(observation=array([[ 1.026789  , -0.18436675, -0.00690066, -0.08252525,  0.08407278,
         0.25125712,  0.487172  ,  0.26341867, -0.05500508, -0.03285182,
        -0.03352888,  0.07091777,  0.15723175,  0.2652798 ,  0.18836789,
         0.03695066,  0.00449039, -0.04454802, -0.018633  , -0.15193589,
        -0.11440882, -0.0164497 , -0.09841431, -0.10041989, -0.04864119,
        -0.14396672, -0.02584801, -0.07555569, -0.00635958, -0.05190843,
         0.05055668, -0.06822409, -0.10702297,  0.        ]],
      dtype=float32), activation=array([[[23.199007  , -0.09317859, -0.1460057 , -0.20319472,
         -0.2218004 , -0.15142712, -0.06490225, -0.12090102,
         -0.17388661, -0.22246896, -0.19871591, -0.15699598,
         -0.13464339, -0.10424839, -0.11469466, -0.14845085,
         -0.12890789]]], dtype=float32), h_activation=array([[[ 5.2525830e-01,  2.0691626e+00,  5.7231231e+00, -5.7237863e-04,
          1.3898034e+00,  2.4699898e+00, -1.7489348e-02,  3.1298773e+00,
          4.4927883e+00, -1.6915660e-02]]], dtype=float32), o_activation=array([[[23.199007  , -0.09317859, -0.1460057 , -0.20319472,
         -0.2218004 , -0.15142712, -0.06490225, -0.12090102,
         -0.17388661, -0.22246896, -0.19871591, -0.15699598,
         -0.13464339, -0.10424839, -0.11469466, -0.14845085,
         -0.12890789]]], dtype=float32), reward=1), transition(observation=array([[0., 0., 0., 0., 0., 0., 0., 0., 0., 0., 0., 0., 0., 0., 0., 0.,
        0., 0., 0., 0., 0., 0., 0., 0., 0., 0., 0., 0., 0., 0., 0., 0.,
        0., 0.]], dtype=float32), activation=array([[[-1.23162553e-01,  3.07117558e+00, -2.18301769e-02,
         -6.84937388e-02, -5.67018986e-02,  3.36098480e+00,
          1.26057110e+01,  4.60089111e+00, -4.39066030e-02,
         -1.14117675e-01, -7.20245317e-02, -4.46405401e-03,
          1.92972589e+00,  4.27162790e+00,  3.65068960e+00,
          2.34924030e+00,  3.22510958e+00]]], dtype=float32), h_activation=array([[[0.4929485 , 1.8524878 , 4.486114  , 0.15231466, 1.1514704 ,
         2.0049462 , 0.01406735, 2.5239615 , 3.6340315 , 0.01174325]]],
      dtype=float32), o_activation=array([[[-1.23162553e-01,  3.07117558e+00, -2.18301769e-02,
         -6.84937388e-02, -5.67018986e-02,  3.36098480e+00,
          1.26057110e+01,  4.60089111e+00, -4.39066030e-02,
         -1.14117675e-01, -7.20245317e-02, -4.46405401e-03,
          1.92972589e+00,  4.27162790e+00,  3.65068960e+00,
          2.34924030e+00,  3.22510958e+00]]], dtype=float32), reward=1), transition(observation=array([[0., 0., 0., 0., 0., 0., 0., 0., 0., 0., 0., 0., 0., 0., 0., 0.,
        0., 0., 0., 0., 0., 0., 0., 0., 0., 0., 0., 0., 0., 0., 0., 0.,
        0., 0.]], dtype=float32), activation=array([[[-1.11953236e-01,  1.70101833e+00, -1.61151793e-02,
         -4.52941805e-02, -3.50869782e-02,  3.41259694e+00,
          1.05282631e+01,  4.09217882e+00, -2.79769097e-02,
         -8.41022655e-02, -5.80008216e-02, -1.04899332e-02,
          1.31125188e+00,  3.90348577e+00,  3.01525497e+00,
          1.21579027e+00,  1.56026459e+00]]], dtype=float32), h_activation=array([[[ 4.6669734e-01,  1.7429099e+00,  3.6150746e+00,  3.6549893e-01,
          9.3882895e-01,  1.7102813e+00, -5.1887927e-04,  2.1107874e+00,
          2.9216652e+00,  8.8167638e-02]]], dtype=float32), o_activation=array([[[-1.11953236e-01,  1.70101833e+00, -1.61151793e-02,
         -4.52941805e-02, -3.50869782e-02,  3.41259694e+00,
          1.05282631e+01,  4.09217882e+00, -2.79769097e-02,
         -8.41022655e-02, -5.80008216e-02, -1.04899332e-02,
          1.31125188e+00,  3.90348577e+00,  3.01525497e+00,
          1.21579027e+00,  1.56026459e+00]]], dtype=float32), reward=1)], success=True), configuration(episode=43, buffer=[transition(observation=array([[1., 0., 0., 0., 0., 0., 0., 0., 0., 0., 0., 0., 0., 0., 0., 0.,
        0., 0., 0., 0., 0., 0., 0., 0., 0., 0., 0., 0., 0., 0., 0., 0.,
        0., 0.]], dtype=float32), activation=array([[[21.951925  , -0.16273472, -0.09903108, -0.06986514,
         -0.08627328, -0.08463791, -0.07808341, -0.07997513,
         -0.07514796, -0.08803788, -0.13114357, -0.16107212,
         -0.12245279, -0.08242273, -0.10989129, -0.17945905,
         -0.20810315]]], dtype=float32), h_activation=array([[[ 0.65741384,  1.0077157 ,  0.8094139 ,  1.0622857 ,
          0.5178273 ,  0.82935977, -0.00975731,  0.98335665,
          0.01363628,  0.61610925]]], dtype=float32), o_activation=array([[[21.951925  , -0.16273472, -0.09903108, -0.06986514,
         -0.08627328, -0.08463791, -0.07808341, -0.07997513,
         -0.07514796, -0.08803788, -0.13114357, -0.16107212,
         -0.12245279, -0.08242273, -0.10989129, -0.17945905,
         -0.20810315]]], dtype=float32), reward=1), transition(observation=array([[1., 0., 0., 0., 0., 0., 0., 0., 0., 0., 0., 0., 0., 0., 0., 0.,
        0., 0., 0., 0., 0., 0., 0., 0., 0., 0., 0., 0., 0., 0., 0., 0.,
        0., 0.]], dtype=float32), activation=array([[[21.146324  , -0.14792708, -0.104919  , -0.07433729,
         -0.07984799, -0.09023384, -0.08298661, -0.07847466,
         -0.07545355, -0.10006521, -0.13596888, -0.15759169,
         -0.1181853 , -0.08480775, -0.10400171, -0.15609512,
         -0.1784867 ]]], dtype=float32), h_activation=array([[[ 1.211765  ,  1.7285006 ,  1.2898107 ,  1.7559597 ,
          1.0133047 ,  1.457543  , -0.00780531,  1.724515  ,
          0.25897866,  1.0671432 ]]], dtype=float32), o_activation=array([[[21.146324  , -0.14792708, -0.104919  , -0.07433729,
         -0.07984799, -0.09023384, -0.08298661, -0.07847466,
         -0.07545355, -0.10006521, -0.13596888, -0.15759169,
         -0.1181853 , -0.08480775, -0.10400171, -0.15609512,
         -0.1784867 ]]], dtype=float32), reward=1), transition(observation=array([[1., 0., 0., 0., 0., 0., 0., 0., 0., 0., 0., 0., 0., 0., 0., 0.,
        0., 0., 0., 0., 0., 0., 0., 0., 0., 0., 0., 0., 0., 0., 0., 0.,
        0., 0.]], dtype=float32), activation=array([[[20.430962  , -0.13669364, -0.10844178, -0.08017697,
         -0.07913208, -0.09574541, -0.08695398, -0.0815801 ,
         -0.079727  , -0.10858901, -0.1358045 , -0.15104309,
         -0.11423667, -0.08659025, -0.09905452, -0.14056572,
         -0.15914483]]], dtype=float32), h_activation=array([[[ 1.6570485 ,  2.2222865 ,  1.5444682 ,  2.1770654 ,
          1.4570724 ,  1.9150693 , -0.00590907,  2.2735069 ,
          0.62183607,  1.3858216 ]]], dtype=float32), o_activation=array([[[20.430962  , -0.13669364, -0.10844178, -0.08017697,
         -0.07913208, -0.09574541, -0.08695398, -0.0815801 ,
         -0.079727  , -0.10858901, -0.1358045 , -0.15104309,
         -0.11423667, -0.08659025, -0.09905452, -0.14056572,
         -0.15914483]]], dtype=float32), reward=1), transition(observation=array([[ 1.0088474 , -0.0076934 , -0.04015734,  0.18492536,  0.45416462,
         0.15561485,  0.23015931,  0.19252442,  0.3352294 ,  0.09637526,
        -0.10674094, -0.14799516, -0.01233302, -0.12701061, -0.0091061 ,
         0.01682121, -0.04532637, -0.0757317 ,  0.0916069 ,  0.24423684,
        -0.13332427,  0.03381942, -0.00558551, -0.14662634,  0.23919241,
         0.02029701,  0.05737261,  0.0954223 ,  0.14506155,  0.14296737,
        -0.2781071 , -0.03892143, -0.04017686,  0.        ]],
      dtype=float32), activation=array([[[24.51358   , -0.14126272, -0.13361181, -0.12339713,
         -0.13611463, -0.15975048, -0.13989799, -0.12910204,
         -0.12198033, -0.1354619 , -0.1367046 , -0.13818796,
         -0.1018962 , -0.08093315, -0.08816815, -0.13696967,
         -0.16389467]]], dtype=float32), h_activation=array([[[ 9.7727048e-01,  3.0186508e+00,  1.2175102e+00,  2.5883858e+00,
         -2.1144373e-03,  1.3636093e+00, -1.0066077e-02,  1.5618726e+00,
         -3.6969220e-03,  1.6670790e+00]]], dtype=float32), o_activation=array([[[24.51358   , -0.14126272, -0.13361181, -0.12339713,
         -0.13611463, -0.15975048, -0.13989799, -0.12910204,
         -0.12198033, -0.1354619 , -0.1367046 , -0.13818796,
         -0.1018962 , -0.08093315, -0.08816815, -0.13696967,
         -0.16389467]]], dtype=float32), reward=1), transition(observation=array([[ 0.9926927 , -0.05682111,  0.10608585,  0.19115692,  0.38292122,
         0.17335153,  0.01736004,  0.07685593,  0.35175383,  0.12524098,
        -0.11017869,  0.08525433,  0.09283171, -0.03403887, -0.15051867,
         0.12314013,  0.06168965, -0.10809389, -0.03331722,  0.05399201,
        -0.09120851,  0.08279286, -0.138369  ,  0.1011627 ,  0.22048074,
         0.1615114 , -0.21968208,  0.16089977,  0.17485031, -0.00266151,
         0.13576229,  0.1166078 ,  0.1974382 ,  0.        ]],
      dtype=float32), activation=array([[[25.22316   , -0.16194256, -0.15261635, -0.11555726,
         -0.08920084, -0.10004549, -0.1157117 , -0.10839565,
         -0.09483257, -0.12672345, -0.16741538, -0.17584121,
         -0.13767324, -0.12961677, -0.12926817, -0.14077346,
         -0.16450012]]], dtype=float32), h_activation=array([[[ 1.6456592e+00,  3.6031096e+00,  4.6079075e-01,  3.4331560e+00,
         -1.0515486e-02,  2.4790754e+00, -3.0793685e-03,  1.4872510e+00,
         -6.3321241e-03,  2.8277187e+00]]], dtype=float32), o_activation=array([[[25.22316   , -0.16194256, -0.15261635, -0.11555726,
         -0.08920084, -0.10004549, -0.1157117 , -0.10839565,
         -0.09483257, -0.12672345, -0.16741538, -0.17584121,
         -0.13767324, -0.12961677, -0.12926817, -0.14077346,
         -0.16450012]]], dtype=float32), reward=1), transition(observation=array([[ 9.74980831e-01,  1.78766027e-01, -1.25149116e-02,
         2.20027208e-01,  3.76689494e-01,  1.40847608e-01,
         1.21620797e-01,  3.42457443e-01,  5.06047606e-01,
         2.75747210e-01, -4.16010953e-02, -7.16749355e-02,
         1.34424254e-01, -7.33853951e-02, -5.30769974e-02,
        -7.72407427e-02,  3.86151922e-04, -1.04189724e-01,
         3.68476249e-02, -7.73120970e-02, -1.19680643e-01,
        -4.74074408e-02,  4.36723270e-02, -4.06838814e-03,
         5.39769679e-02, -8.50149803e-03,  1.03215486e-01,
         8.83357506e-03, -1.90287262e-01,  1.88290969e-01,
         5.30424342e-02,  8.38169083e-02, -4.90658022e-02,
         0.00000000e+00]], dtype=float32), activation=array([[[26.200504  , -0.1639205 , -0.16080722, -0.11579823,
         -0.07847837, -0.11420406, -0.15648957, -0.13570745,
         -0.09958281, -0.126496  , -0.16536154, -0.15945143,
         -0.12547128, -0.14749901, -0.13709153, -0.12839305,
         -0.15882042]]], dtype=float32), h_activation=array([[[ 1.3981130e+00,  4.1527472e+00,  7.1012169e-01,  3.1766386e+00,
         -4.7358754e-03,  2.3533752e+00, -9.1749458e-03, -2.0160973e-04,
         -9.7983414e-03,  4.1405344e+00]]], dtype=float32), o_activation=array([[[26.200504  , -0.1639205 , -0.16080722, -0.11579823,
         -0.07847837, -0.11420406, -0.15648957, -0.13570745,
         -0.09958281, -0.126496  , -0.16536154, -0.15945143,
         -0.12547128, -0.14749901, -0.13709153, -0.12839305,
         -0.15882042]]], dtype=float32), reward=1), transition(observation=array([[ 1.0309275 , -0.07569879,  0.00876079,  0.12912293,  0.44194344,
         0.34458125, -0.04251692,  0.35589626,  0.42077672,  0.22711852,
         0.03107539,  0.05232769,  0.01983038,  0.19845164, -0.17240937,
        -0.08853224, -0.06095763, -0.11815006, -0.06761841, -0.02403328,
        -0.00738699, -0.12839364,  0.09797318, -0.11630458,  0.08888758,
        -0.05897548, -0.0165113 , -0.02052747,  0.1417712 , -0.00331031,
        -0.02780055,  0.16079679, -0.04813463,  0.        ]],
      dtype=float32), activation=array([[[26.054043  , -0.13319303, -0.15670225, -0.12732857,
         -0.09042004, -0.12455965, -0.16280283, -0.10114381,
         -0.03825983, -0.08270813, -0.17191257, -0.18115534,
         -0.13838863, -0.18188265, -0.17854625, -0.13579735,
         -0.1318192 ]]], dtype=float32), h_activation=array([[[ 1.690125  ,  4.851323  ,  0.47913614,  3.267417  ,
         -0.00534281,  2.270558  , -0.01869358, -0.01071141,
         -0.01188647,  4.2267284 ]]], dtype=float32), o_activation=array([[[26.054043  , -0.13319303, -0.15670225, -0.12732857,
         -0.09042004, -0.12455965, -0.16280283, -0.10114381,
         -0.03825983, -0.08270813, -0.17191257, -0.18115534,
         -0.13838863, -0.18188265, -0.17854625, -0.13579735,
         -0.1318192 ]]], dtype=float32), reward=1), transition(observation=array([[ 0.977342  ,  0.03284696,  0.17592485,  0.3393761 ,  0.2617853 ,
         0.17035368, -0.05328353,  0.38393703,  0.5157523 ,  0.17360449,
         0.13076063,  0.18537432,  0.02568279,  0.14451393, -0.02842645,
         0.10195846, -0.12764157,  0.12412736, -0.19207248,  0.0372367 ,
        -0.00528979, -0.10238016, -0.19079497,  0.12704901,  0.04542853,
         0.04290887,  0.04649081, -0.10033791, -0.04141495,  0.06353004,
         0.03776519, -0.12068324,  0.02863583,  0.        ]],
      dtype=float32), activation=array([[[27.229977  , -0.15608071, -0.1801348 , -0.1372688 ,
         -0.07345662, -0.09975641, -0.16070536, -0.11522385,
         -0.05786484, -0.08887362, -0.18076271, -0.19227518,
         -0.1566587 , -0.203233  , -0.20022474, -0.15677984,
         -0.14964767]]], dtype=float32), h_activation=array([[[ 1.6137388e+00,  3.9173999e+00, -4.0246337e-03,  4.2458191e+00,
          2.7930206e-01,  2.7162395e+00, -1.1649688e-02, -2.9300558e-03,
         -3.5044418e-03,  5.1556878e+00]]], dtype=float32), o_activation=array([[[27.229977  , -0.15608071, -0.1801348 , -0.1372688 ,
         -0.07345662, -0.09975641, -0.16070536, -0.11522385,
         -0.05786484, -0.08887362, -0.18076271, -0.19227518,
         -0.1566587 , -0.203233  , -0.20022474, -0.15677984,
         -0.14964767]]], dtype=float32), reward=1), transition(observation=array([[0., 0., 0., 0., 0., 0., 0., 0., 0., 0., 0., 0., 0., 0., 0., 0.,
        0., 0., 0., 0., 0., 0., 0., 0., 0., 0., 0., 0., 0., 0., 0., 0.,
        0., 0.]], dtype=float32), activation=array([[[-1.03713088e-01, -1.21032237e-03, -4.43226798e-03,
          4.72731495e+00,  9.23756409e+00,  3.01053047e+00,
         -1.17658684e-02,  7.60487938e+00,  1.45140190e+01,
          8.75536060e+00, -1.29907008e-03, -1.12572145e-02,
          1.10799611e-01, -7.53337890e-02, -5.81749231e-02,
          1.75588465e+00,  2.56169271e+00]]], dtype=float32), h_activation=array([[[ 1.5231230e+00,  3.4469609e+00,  2.1511084e-01,  3.6666880e+00,
          4.3708369e-01,  2.6618063e+00, -7.9268869e-04,  5.5720770e-01,
          4.5678779e-01,  4.3126941e+00]]], dtype=float32), o_activation=array([[[-1.03713088e-01, -1.21032237e-03, -4.43226798e-03,
          4.72731495e+00,  9.23756409e+00,  3.01053047e+00,
         -1.17658684e-02,  7.60487938e+00,  1.45140190e+01,
          8.75536060e+00, -1.29907008e-03, -1.12572145e-02,
          1.10799611e-01, -7.53337890e-02, -5.81749231e-02,
          1.75588465e+00,  2.56169271e+00]]], dtype=float32), reward=1), transition(observation=array([[0., 0., 0., 0., 0., 0., 0., 0., 0., 0., 0., 0., 0., 0., 0., 0.,
        0., 0., 0., 0., 0., 0., 0., 0., 0., 0., 0., 0., 0., 0., 0., 0.,
        0., 0.]], dtype=float32), activation=array([[[-1.02623537e-01, -2.49809725e-03, -2.34971987e-03,
          3.77625728e+00,  7.47755194e+00,  2.89689350e+00,
         -1.06527805e-04,  6.22206831e+00,  1.14814787e+01,
          6.15996075e+00, -6.69409987e-03, -8.24532751e-03,
          2.87393987e-01, -5.65298311e-02, -3.96219194e-02,
          1.71894503e+00,  1.71271229e+00]]], dtype=float32), h_activation=array([[[ 1.4081802e+00,  3.0551918e+00,  3.7474072e-01,  3.1882114e+00,
          5.2464551e-01,  2.5433178e+00, -2.4393856e-04,  9.2060894e-01,
          7.7931046e-01,  3.6243401e+00]]], dtype=float32), o_activation=array([[[-1.02623537e-01, -2.49809725e-03, -2.34971987e-03,
          3.77625728e+00,  7.47755194e+00,  2.89689350e+00,
         -1.06527805e-04,  6.22206831e+00,  1.14814787e+01,
          6.15996075e+00, -6.69409987e-03, -8.24532751e-03,
          2.87393987e-01, -5.65298311e-02, -3.96219194e-02,
          1.71894503e+00,  1.71271229e+00]]], dtype=float32), reward=1)], success=True), configuration(episode=44, buffer=[transition(observation=array([[1., 0., 0., 0., 0., 0., 0., 0., 0., 0., 0., 0., 0., 0., 0., 0.,
        0., 0., 0., 0., 0., 0., 0., 0., 0., 0., 0., 0., 0., 0., 0., 0.,
        0., 0.]], dtype=float32), activation=array([[[21.951925  , -0.16273472, -0.09903108, -0.06986514,
         -0.08627328, -0.08463791, -0.07808341, -0.07997513,
         -0.07514796, -0.08803788, -0.13114357, -0.16107212,
         -0.12245279, -0.08242273, -0.10989129, -0.17945905,
         -0.20810315]]], dtype=float32), h_activation=array([[[ 0.65741384,  1.0077157 ,  0.8094139 ,  1.0622857 ,
          0.5178273 ,  0.82935977, -0.00975731,  0.98335665,
          0.01363628,  0.61610925]]], dtype=float32), o_activation=array([[[21.951925  , -0.16273472, -0.09903108, -0.06986514,
         -0.08627328, -0.08463791, -0.07808341, -0.07997513,
         -0.07514796, -0.08803788, -0.13114357, -0.16107212,
         -0.12245279, -0.08242273, -0.10989129, -0.17945905,
         -0.20810315]]], dtype=float32), reward=1), transition(observation=array([[1., 0., 0., 0., 0., 0., 0., 0., 0., 0., 0., 0., 0., 0., 0., 0.,
        0., 0., 0., 0., 0., 0., 0., 0., 0., 0., 0., 0., 0., 0., 0., 0.,
        0., 0.]], dtype=float32), activation=array([[[21.146324  , -0.14792708, -0.104919  , -0.07433729,
         -0.07984799, -0.09023384, -0.08298661, -0.07847466,
         -0.07545355, -0.10006521, -0.13596888, -0.15759169,
         -0.1181853 , -0.08480775, -0.10400171, -0.15609512,
         -0.1784867 ]]], dtype=float32), h_activation=array([[[ 1.211765  ,  1.7285006 ,  1.2898107 ,  1.7559597 ,
          1.0133047 ,  1.457543  , -0.00780531,  1.724515  ,
          0.25897866,  1.0671432 ]]], dtype=float32), o_activation=array([[[21.146324  , -0.14792708, -0.104919  , -0.07433729,
         -0.07984799, -0.09023384, -0.08298661, -0.07847466,
         -0.07545355, -0.10006521, -0.13596888, -0.15759169,
         -0.1181853 , -0.08480775, -0.10400171, -0.15609512,
         -0.1784867 ]]], dtype=float32), reward=1), transition(observation=array([[1., 0., 0., 0., 0., 0., 0., 0., 0., 0., 0., 0., 0., 0., 0., 0.,
        0., 0., 0., 0., 0., 0., 0., 0., 0., 0., 0., 0., 0., 0., 0., 0.,
        0., 0.]], dtype=float32), activation=array([[[20.430962  , -0.13669364, -0.10844178, -0.08017697,
         -0.07913208, -0.09574541, -0.08695398, -0.0815801 ,
         -0.079727  , -0.10858901, -0.1358045 , -0.15104309,
         -0.11423667, -0.08659025, -0.09905452, -0.14056572,
         -0.15914483]]], dtype=float32), h_activation=array([[[ 1.6570485 ,  2.2222865 ,  1.5444682 ,  2.1770654 ,
          1.4570724 ,  1.9150693 , -0.00590907,  2.2735069 ,
          0.62183607,  1.3858216 ]]], dtype=float32), o_activation=array([[[20.430962  , -0.13669364, -0.10844178, -0.08017697,
         -0.07913208, -0.09574541, -0.08695398, -0.0815801 ,
         -0.079727  , -0.10858901, -0.1358045 , -0.15104309,
         -0.11423667, -0.08659025, -0.09905452, -0.14056572,
         -0.15914483]]], dtype=float32), reward=1), transition(observation=array([[ 0.94176877,  0.14933503,  0.49065638,  0.26837385,  0.0098029 ,
         0.04746465,  0.15008356,  0.33253923,  0.16425854,  0.2527798 ,
         0.17341357,  0.0813335 , -0.10708077, -0.01669621, -0.07712689,
        -0.15888692,  0.20943159,  0.12915072, -0.05576397, -0.01424577,
        -0.07700108,  0.03258726,  0.08321664, -0.00802888, -0.06465279,
         0.00580318, -0.07499169, -0.06179036, -0.01997206,  0.01443607,
         0.07629836, -0.22828948,  0.04875315,  0.        ]],
      dtype=float32), activation=array([[[26.811287  , -0.19027053, -0.17034955, -0.13836493,
         -0.12586568, -0.13738611, -0.12885195, -0.13653196,
         -0.1542776 , -0.16718204, -0.16941173, -0.16592833,
         -0.12724775, -0.0880753 , -0.09116759, -0.14157501,
         -0.18744655]]], dtype=float32), h_activation=array([[[ 1.6042004e+00,  1.7225459e+00,  1.9828858e+00,  2.5551815e+00,
          2.3954864e+00,  2.8722852e-02, -1.4750045e-03,  1.8581759e+00,
          1.8592693e+00,  3.9287868e+00]]], dtype=float32), o_activation=array([[[26.811287  , -0.19027053, -0.17034955, -0.13836493,
         -0.12586568, -0.13738611, -0.12885195, -0.13653196,
         -0.1542776 , -0.16718204, -0.16941173, -0.16592833,
         -0.12724775, -0.0880753 , -0.09116759, -0.14157501,
         -0.18744655]]], dtype=float32), reward=1), transition(observation=array([[ 9.0712744e-01,  4.3264753e-01,  6.2797135e-01,  1.2406282e-01,
         1.5545458e-01, -5.5164021e-02,  2.7851370e-01,  3.2700354e-01,
         9.7559996e-02,  3.6793135e-02, -6.5684870e-02,  8.4802024e-02,
         1.7193465e-01,  2.4487916e-02, -5.1301601e-03, -5.4394670e-02,
        -3.9391100e-02, -1.0489427e-01,  3.4097526e-02, -7.5028243e-04,
        -9.8169133e-02,  1.6529563e-01,  5.4123145e-02,  1.5154934e-01,
        -3.7788305e-02, -2.9583611e-02,  5.7229657e-02,  2.4553716e-01,
        -2.7056155e-01,  1.4240859e-01, -6.3265912e-02,  8.0881454e-04,
        -1.9528319e-01,  0.0000000e+00]], dtype=float32), activation=array([[[25.043247  , -0.17865245, -0.13572635, -0.11052164,
         -0.14037447, -0.17291552, -0.13425565, -0.11033384,
         -0.13334337, -0.13064735, -0.12731403, -0.15889308,
         -0.16705523, -0.15991959, -0.13522822, -0.16215174,
         -0.19278216]]], dtype=float32), h_activation=array([[[ 1.9933333 ,  0.6466938 ,  2.8409336 ,  1.6764662 ,
          2.386481  , -0.00896795, -0.01222698,  2.7985642 ,
          2.3943322 ,  6.2347217 ]]], dtype=float32), o_activation=array([[[25.043247  , -0.17865245, -0.13572635, -0.11052164,
         -0.14037447, -0.17291552, -0.13425565, -0.11033384,
         -0.13334337, -0.13064735, -0.12731403, -0.15889308,
         -0.16705523, -0.15991959, -0.13522822, -0.16215174,
         -0.19278216]]], dtype=float32), reward=1), transition(observation=array([[ 0.9347659 ,  0.10723635,  0.57152134,  0.45140293, -0.03971483,
         0.08736901,  0.2908688 ,  0.27818456,  0.23513456, -0.223476  ,
         0.20489925, -0.15323898,  0.08791497,  0.03139201,  0.11652792,
        -0.01866846, -0.11666704,  0.11661232, -0.02240152, -0.03900325,
         0.16638072,  0.01572618,  0.02689264,  0.09020306,  0.09446454,
        -0.0421891 , -0.10272112, -0.12828135,  0.2747485 ,  0.05886523,
        -0.12353431, -0.05151816,  0.06757334,  0.        ]],
      dtype=float32), activation=array([[[23.412615  , -0.12756419, -0.07861615, -0.10607495,
         -0.18005534, -0.19753033, -0.12896472, -0.10466124,
         -0.13014102, -0.17172399, -0.15426223, -0.13846827,
         -0.14759652, -0.17974697, -0.148167  , -0.1592883 ,
         -0.17267807]]], dtype=float32), h_activation=array([[[ 1.2984462 , -0.01562671,  2.4197392 ,  1.7204959 ,
          2.140247  , -0.01775814, -0.00878454,  3.6347063 ,
          2.803842  ,  6.432035  ]]], dtype=float32), o_activation=array([[[23.412615  , -0.12756419, -0.07861615, -0.10607495,
         -0.18005534, -0.19753033, -0.12896472, -0.10466124,
         -0.13014102, -0.17172399, -0.15426223, -0.13846827,
         -0.14759652, -0.17974697, -0.148167  , -0.1592883 ,
         -0.17267807]]], dtype=float32), reward=1), transition(observation=array([[ 0.8443788 ,  0.20316735,  0.5217517 ,  0.32436207,  0.17404848,
        -0.10828343,  0.18596332,  0.22735453,  0.41241166, -0.00231221,
         0.09372415,  0.10895864, -0.08516543, -0.01213421, -0.00726473,
         0.00604411,  0.01395526,  0.05334548, -0.10175849, -0.09462004,
         0.11794893, -0.04957767, -0.04496515, -0.1392512 , -0.08904021,
        -0.15078612,  0.04633076,  0.16480626, -0.05011354, -0.01327866,
         0.00536863, -0.10009795, -0.10680135,  0.        ]],
      dtype=float32), activation=array([[[21.30323   , -0.12551175, -0.05516983, -0.0915335 ,
         -0.17843704, -0.17730647, -0.10176241, -0.10126193,
         -0.15303731, -0.21423683, -0.17495304, -0.13299169,
         -0.14693761, -0.1796893 , -0.1206517 , -0.13512266,
         -0.18286303]]], dtype=float32), h_activation=array([[[ 1.0347074e+00, -9.2517501e-03,  1.8241563e+00,  2.3044462e+00,
          2.1925626e+00, -8.8727511e-03, -3.4335470e-03,  3.3401089e+00,
          2.8367643e+00,  7.7890806e+00]]], dtype=float32), o_activation=array([[[21.30323   , -0.12551175, -0.05516983, -0.0915335 ,
         -0.17843704, -0.17730647, -0.10176241, -0.10126193,
         -0.15303731, -0.21423683, -0.17495304, -0.13299169,
         -0.14693761, -0.1796893 , -0.1206517 , -0.13512266,
         -0.18286303]]], dtype=float32), reward=1), transition(observation=array([[ 0.8098343 ,  0.27858922,  0.3978034 ,  0.48701546,  0.19778925,
         0.00487726,  0.2882751 ,  0.450211  ,  0.249507  ,  0.13299423,
        -0.1743398 ,  0.10613851, -0.15652497,  0.08100121, -0.03594735,
        -0.00350226,  0.0308192 ,  0.06569069,  0.02348266, -0.01632893,
        -0.0211512 ,  0.11858178, -0.04740367, -0.05663048, -0.07338529,
        -0.01935204, -0.04685734,  0.01532059, -0.01186444, -0.11636037,
         0.06433488,  0.03183217,  0.05656793,  0.        ]],
      dtype=float32), activation=array([[[20.815687  , -0.1274385 , -0.04492628, -0.08559684,
         -0.18824106, -0.20688456, -0.12753282, -0.09629543,
         -0.1253042 , -0.18233724, -0.14813322, -0.11121252,
         -0.14588675, -0.20681095, -0.12921555, -0.1286676 ,
         -0.18464251]]], dtype=float32), h_activation=array([[[ 5.7344216e-01, -1.0902338e-02,  2.3709826e+00,  2.5034077e+00,
          1.5127686e+00, -1.7275333e-02, -4.8066815e-03,  3.0255997e+00,
          2.4088154e+00,  8.3423595e+00]]], dtype=float32), o_activation=array([[[20.815687  , -0.1274385 , -0.04492628, -0.08559684,
         -0.18824106, -0.20688456, -0.12753282, -0.09629543,
         -0.1253042 , -0.18233724, -0.14813322, -0.11121252,
         -0.14588675, -0.20681095, -0.12921555, -0.1286676 ,
         -0.18464251]]], dtype=float32), reward=1), transition(observation=array([[0., 0., 0., 0., 0., 0., 0., 0., 0., 0., 0., 0., 0., 0., 0., 0.,
        0., 0., 0., 0., 0., 0., 0., 0., 0., 0., 0., 0., 0., 0., 0., 0.,
        0., 0.]], dtype=float32), activation=array([[[-1.17077805e-01,  5.76860619e+00,  1.27596893e+01,
          8.70345688e+00, -1.68143641e-02, -4.24571894e-02,
          3.51599193e+00,  8.85471630e+00,  5.95532751e+00,
         -5.76710440e-02, -5.68825118e-02, -1.10861585e-02,
         -3.55285369e-02, -1.14845328e-01, -3.52168642e-02,
          1.92391062e+00,  6.74943924e-01]]], dtype=float32), h_activation=array([[[0.6035526 , 0.3630194 , 1.8934369 , 2.0023293 , 1.4175366 ,
         0.35913926, 0.02413255, 2.5514243 , 2.3253129 , 6.424682  ]]],
      dtype=float32), o_activation=array([[[-1.17077805e-01,  5.76860619e+00,  1.27596893e+01,
          8.70345688e+00, -1.68143641e-02, -4.24571894e-02,
          3.51599193e+00,  8.85471630e+00,  5.95532751e+00,
         -5.76710440e-02, -5.68825118e-02, -1.10861585e-02,
         -3.55285369e-02, -1.14845328e-01, -3.52168642e-02,
          1.92391062e+00,  6.74943924e-01]]], dtype=float32), reward=1), transition(observation=array([[0., 0., 0., 0., 0., 0., 0., 0., 0., 0., 0., 0., 0., 0., 0., 0.,
        0., 0., 0., 0., 0., 0., 0., 0., 0., 0., 0., 0., 0., 0., 0., 0.,
        0., 0.]], dtype=float32), activation=array([[[-1.10446163e-01,  3.92874432e+00,  9.61128044e+00,
          6.53386211e+00, -1.15248775e-02, -2.58166920e-02,
          3.62367868e+00,  6.99191332e+00,  4.84621477e+00,
         -4.20111492e-02, -4.43939194e-02, -1.00821322e-02,
         -2.61113439e-02, -8.11279491e-02, -2.22449731e-02,
          1.06260490e+00, -3.79959098e-03]]], dtype=float32), h_activation=array([[[0.59326017, 0.6452373 , 1.5818963 , 1.6918004 , 1.2722262 ,
         0.619635  , 0.02318007, 2.20242   , 2.164513  , 4.99311   ]]],
      dtype=float32), o_activation=array([[[-1.10446163e-01,  3.92874432e+00,  9.61128044e+00,
          6.53386211e+00, -1.15248775e-02, -2.58166920e-02,
          3.62367868e+00,  6.99191332e+00,  4.84621477e+00,
         -4.20111492e-02, -4.43939194e-02, -1.00821322e-02,
         -2.61113439e-02, -8.11279491e-02, -2.22449731e-02,
          1.06260490e+00, -3.79959098e-03]]], dtype=float32), reward=1)], success=True), configuration(episode=45, buffer=[transition(observation=array([[1., 0., 0., 0., 0., 0., 0., 0., 0., 0., 0., 0., 0., 0., 0., 0.,
        0., 0., 0., 0., 0., 0., 0., 0., 0., 0., 0., 0., 0., 0., 0., 0.,
        0., 0.]], dtype=float32), activation=array([[[21.951925  , -0.16273472, -0.09903108, -0.06986514,
         -0.08627328, -0.08463791, -0.07808341, -0.07997513,
         -0.07514796, -0.08803788, -0.13114357, -0.16107212,
         -0.12245279, -0.08242273, -0.10989129, -0.17945905,
         -0.20810315]]], dtype=float32), h_activation=array([[[ 0.65741384,  1.0077157 ,  0.8094139 ,  1.0622857 ,
          0.5178273 ,  0.82935977, -0.00975731,  0.98335665,
          0.01363628,  0.61610925]]], dtype=float32), o_activation=array([[[21.951925  , -0.16273472, -0.09903108, -0.06986514,
         -0.08627328, -0.08463791, -0.07808341, -0.07997513,
         -0.07514796, -0.08803788, -0.13114357, -0.16107212,
         -0.12245279, -0.08242273, -0.10989129, -0.17945905,
         -0.20810315]]], dtype=float32), reward=1), transition(observation=array([[1., 0., 0., 0., 0., 0., 0., 0., 0., 0., 0., 0., 0., 0., 0., 0.,
        0., 0., 0., 0., 0., 0., 0., 0., 0., 0., 0., 0., 0., 0., 0., 0.,
        0., 0.]], dtype=float32), activation=array([[[21.146324  , -0.14792708, -0.104919  , -0.07433729,
         -0.07984799, -0.09023384, -0.08298661, -0.07847466,
         -0.07545355, -0.10006521, -0.13596888, -0.15759169,
         -0.1181853 , -0.08480775, -0.10400171, -0.15609512,
         -0.1784867 ]]], dtype=float32), h_activation=array([[[ 1.211765  ,  1.7285006 ,  1.2898107 ,  1.7559597 ,
          1.0133047 ,  1.457543  , -0.00780531,  1.724515  ,
          0.25897866,  1.0671432 ]]], dtype=float32), o_activation=array([[[21.146324  , -0.14792708, -0.104919  , -0.07433729,
         -0.07984799, -0.09023384, -0.08298661, -0.07847466,
         -0.07545355, -0.10006521, -0.13596888, -0.15759169,
         -0.1181853 , -0.08480775, -0.10400171, -0.15609512,
         -0.1784867 ]]], dtype=float32), reward=1), transition(observation=array([[1., 0., 0., 0., 0., 0., 0., 0., 0., 0., 0., 0., 0., 0., 0., 0.,
        0., 0., 0., 0., 0., 0., 0., 0., 0., 0., 0., 0., 0., 0., 0., 0.,
        0., 0.]], dtype=float32), activation=array([[[20.430962  , -0.13669364, -0.10844178, -0.08017697,
         -0.07913208, -0.09574541, -0.08695398, -0.0815801 ,
         -0.079727  , -0.10858901, -0.1358045 , -0.15104309,
         -0.11423667, -0.08659025, -0.09905452, -0.14056572,
         -0.15914483]]], dtype=float32), h_activation=array([[[ 1.6570485 ,  2.2222865 ,  1.5444682 ,  2.1770654 ,
          1.4570724 ,  1.9150693 , -0.00590907,  2.2735069 ,
          0.62183607,  1.3858216 ]]], dtype=float32), o_activation=array([[[20.430962  , -0.13669364, -0.10844178, -0.08017697,
         -0.07913208, -0.09574541, -0.08695398, -0.0815801 ,
         -0.079727  , -0.10858901, -0.1358045 , -0.15104309,
         -0.11423667, -0.08659025, -0.09905452, -0.14056572,
         -0.15914483]]], dtype=float32), reward=1), transition(observation=array([[ 0.9186714 ,  0.47016865,  0.39563847,  0.16064093,  0.15487555,
         0.16079655, -0.13464695,  0.03495446,  0.04123876,  0.03722569,
         0.04861218,  0.0173143 , -0.07981464,  0.08957079,  0.23426674,
         0.63611776,  0.6842514 ,  0.07895564,  0.04734344,  0.01115276,
        -0.0035828 ,  0.09147846,  0.22357513, -0.00159156, -0.09581432,
         0.09951343,  0.00273897, -0.12100105,  0.04217189,  0.16496672,
         0.09663031, -0.07177914,  0.07432882,  0.        ]],
      dtype=float32), activation=array([[[30.124481  , -0.26212898, -0.21082614, -0.16118737,
         -0.15118036, -0.14185186, -0.1276276 , -0.13736005,
         -0.16660744, -0.17605454, -0.1620658 , -0.1555601 ,
         -0.1528539 , -0.15612769, -0.17500485, -0.25188342,
         -0.28759474]]], dtype=float32), h_activation=array([[[3.1730552, 4.510622 , 3.302015 , 4.1163797, 2.8350337,
         2.9682   , 2.6123688, 6.4126387, 1.0712968, 3.7362866]]],
      dtype=float32), o_activation=array([[[30.124481  , -0.26212898, -0.21082614, -0.16118737,
         -0.15118036, -0.14185186, -0.1276276 , -0.13736005,
         -0.16660744, -0.17605454, -0.1620658 , -0.1555601 ,
         -0.1528539 , -0.15612769, -0.17500485, -0.25188342,
         -0.28759474]]], dtype=float32), reward=1), transition(observation=array([[ 1.031026  ,  0.5266138 ,  0.08075187,  0.07800026, -0.16881727,
         0.15928417, -0.09591677, -0.05437287, -0.11828856, -0.03694915,
        -0.02036887,  0.01768471,  0.18365918, -0.14506127,  0.2822663 ,
         0.44077912,  0.77338034,  0.09766778, -0.03961702, -0.03017431,
        -0.0442888 ,  0.06601802,  0.2857951 ,  0.01728031,  0.03068812,
        -0.16808869,  0.05724457, -0.05364884,  0.08778881,  0.06990701,
         0.05585698, -0.0095958 , -0.01247206,  0.        ]],
      dtype=float32), activation=array([[[29.740532  , -0.17825562, -0.15076214, -0.11731162,
         -0.11335041, -0.1583221 , -0.20352677, -0.22963506,
         -0.21337178, -0.21588966, -0.17340435, -0.14963596,
         -0.15178983, -0.17784484, -0.14626822, -0.16818486,
         -0.19097291]]], dtype=float32), h_activation=array([[[4.494043 , 6.1732864, 5.4225774, 4.6465755, 3.9454525,
         4.710918 , 5.1033077, 8.971659 , 2.7644777, 5.010404 ]]],
      dtype=float32), o_activation=array([[[29.740532  , -0.17825562, -0.15076214, -0.11731162,
         -0.11335041, -0.1583221 , -0.20352677, -0.22963506,
         -0.21337178, -0.21588966, -0.17340435, -0.14963596,
         -0.15178983, -0.17784484, -0.14626822, -0.16818486,
         -0.19097291]]], dtype=float32), reward=1), transition(observation=array([[ 0.94819087,  0.26047623,  0.00646844,  0.14950968, -0.03960082,
        -0.10710774,  0.06571943, -0.11797765,  0.03485559,  0.06195498,
         0.0804638 , -0.07685421,  0.07368311, -0.05923702,  0.1146559 ,
         0.5932721 ,  0.75372297,  0.01069101, -0.070278  , -0.04302252,
        -0.10748519,  0.13761325, -0.00491684,  0.2461035 , -0.08748372,
         0.02296732, -0.22558342, -0.14004804,  0.23114501,  0.03862284,
         0.14727013, -0.01445627,  0.0164019 ,  0.        ]],
      dtype=float32), activation=array([[[26.332825  , -0.08679371, -0.11896186, -0.1316422 ,
         -0.12383973, -0.17025542, -0.24602444, -0.3086376 ,
         -0.2682288 , -0.2636652 , -0.18026327, -0.10903654,
         -0.1007172 , -0.16582546, -0.12280779, -0.09022905,
         -0.08787663]]], dtype=float32), h_activation=array([[[4.778184 , 6.627188 , 6.5665703, 5.8828044, 4.7715807,
         5.832548 , 8.370895 , 9.440351 , 3.7872114, 4.778545 ]]],
      dtype=float32), o_activation=array([[[26.332825  , -0.08679371, -0.11896186, -0.1316422 ,
         -0.12383973, -0.17025542, -0.24602444, -0.3086376 ,
         -0.2682288 , -0.2636652 , -0.18026327, -0.10903654,
         -0.1007172 , -0.16582546, -0.12280779, -0.09022905,
         -0.08787663]]], dtype=float32), reward=1), transition(observation=array([[ 1.0673407 ,  0.56628436,  0.00780143,  0.10901855,  0.12205289,
        -0.0715049 , -0.16557886, -0.16011421, -0.03070011,  0.2142742 ,
        -0.12199224, -0.04398535, -0.03451652,  0.09798137,  0.25798264,
         0.5962869 ,  0.66543835, -0.16415913,  0.01915869, -0.01146051,
         0.08798058,  0.16611592,  0.0445344 , -0.01153943,  0.04892635,
         0.22078544, -0.07794134,  0.06373248,  0.09286629,  0.05530192,
         0.07697922, -0.06902176,  0.13046381,  0.        ]],
      dtype=float32), activation=array([[[31.7627    , -0.09955988, -0.16429903, -0.17183822,
         -0.15924269, -0.23198359, -0.3435785 , -0.39375004,
         -0.31709462, -0.2698917 , -0.16586705, -0.09942327,
         -0.10037187, -0.19637969, -0.14544663, -0.07083177,
         -0.06198977]]], dtype=float32), h_activation=array([[[ 5.384291 ,  8.138009 ,  7.777639 ,  6.0670643,  5.8693333,
          6.3827395, 10.445389 , 10.685945 ,  2.7831059,  5.165361 ]]],
      dtype=float32), o_activation=array([[[31.7627    , -0.09955988, -0.16429903, -0.17183822,
         -0.15924269, -0.23198359, -0.3435785 , -0.39375004,
         -0.31709462, -0.2698917 , -0.16586705, -0.09942327,
         -0.10037187, -0.19637969, -0.14544663, -0.07083177,
         -0.06198977]]], dtype=float32), reward=1), transition(observation=array([[ 0.92857426,  0.504412  ,  0.09699208, -0.03922946,  0.15866995,
         0.03990792,  0.14789346,  0.15378845, -0.01533531,  0.07724154,
        -0.07489835,  0.06568147,  0.02669223,  0.21748073,  0.25629047,
         0.55782336,  0.76304287,  0.03478456,  0.04168995, -0.06068474,
         0.04987105,  0.02633521, -0.10308553,  0.05490745,  0.02445507,
         0.13636939, -0.04322728, -0.05780092,  0.04626475, -0.04224362,
         0.03233189, -0.03547394, -0.01225256,  0.        ]],
      dtype=float32), activation=array([[[ 3.4614223e+01, -5.3092912e-02, -1.5019268e-01, -1.6423096e-01,
         -1.6036226e-01, -2.8445908e-01, -4.4893679e-01, -4.7999156e-01,
         -3.4263572e-01, -2.5884768e-01, -1.6622360e-01, -1.1744111e-01,
         -9.5805310e-02, -1.7309280e-01, -1.2380911e-01, -3.2344431e-02,
         -3.8045119e-03]]], dtype=float32), h_activation=array([[[ 5.0273347,  8.661918 , 10.190169 ,  6.24536  ,  6.1067615,
          6.2685795, 10.790914 , 10.972256 ,  3.0951564,  4.8773   ]]],
      dtype=float32), o_activation=array([[[ 3.4614223e+01, -5.3092912e-02, -1.5019268e-01, -1.6423096e-01,
         -1.6036226e-01, -2.8445908e-01, -4.4893679e-01, -4.7999156e-01,
         -3.4263572e-01, -2.5884768e-01, -1.6622360e-01, -1.1744111e-01,
         -9.5805310e-02, -1.7309280e-01, -1.2380911e-01, -3.2344431e-02,
         -3.8045119e-03]]], dtype=float32), reward=1), transition(observation=array([[0., 0., 0., 0., 0., 0., 0., 0., 0., 0., 0., 0., 0., 0., 0., 0.,
        0., 0., 0., 0., 0., 0., 0., 0., 0., 0., 0., 0., 0., 0., 0., 0.,
        0., 0.]], dtype=float32), activation=array([[[-5.2058689e-02,  2.0832298e+01,  3.0005889e+00, -1.8221339e-02,
          5.4783630e-01, -1.2687127e-01, -2.6531306e-01, -2.8466421e-01,
         -1.5851270e-01, -1.1980118e-01, -4.4153865e-02,  8.2069063e-01,
          6.8855371e+00,  3.0498567e+00,  8.5377254e+00,  2.5062551e+01,
          3.2056828e+01]]], dtype=float32), h_activation=array([[[3.1064692, 6.446368 , 8.228289 , 4.774931 , 4.580471 ,
         4.4394865, 8.929687 , 7.7873535, 2.7673783, 3.3210447]]],
      dtype=float32), o_activation=array([[[-5.2058689e-02,  2.0832298e+01,  3.0005889e+00, -1.8221339e-02,
          5.4783630e-01, -1.2687127e-01, -2.6531306e-01, -2.8466421e-01,
         -1.5851270e-01, -1.1980118e-01, -4.4153865e-02,  8.2069063e-01,
          6.8855371e+00,  3.0498567e+00,  8.5377254e+00,  2.5062551e+01,
          3.2056828e+01]]], dtype=float32), reward=1), transition(observation=array([[0., 0., 0., 0., 0., 0., 0., 0., 0., 0., 0., 0., 0., 0., 0., 0.,
        0., 0., 0., 0., 0., 0., 0., 0., 0., 0., 0., 0., 0., 0., 0., 0.,
        0., 0.]], dtype=float32), activation=array([[[-5.2546076e-02,  1.4806794e+01,  2.0621567e+00, -8.0463123e-03,
          2.9766703e-01, -9.6806735e-02, -1.9843605e-01, -2.0674883e-01,
         -1.1238119e-01, -7.9872459e-02, -3.2150652e-02, -6.8590473e-03,
          4.2948284e+00,  2.5533109e+00,  6.3200936e+00,  1.8667562e+01,
          2.3831734e+01]]], dtype=float32), h_activation=array([[[1.768409 , 4.927951 , 6.8800106, 3.9136977, 3.3229904,
         3.2090142, 6.999938 , 5.538251 , 2.1800692, 2.3008199]]],
      dtype=float32), o_activation=array([[[-5.2546076e-02,  1.4806794e+01,  2.0621567e+00, -8.0463123e-03,
          2.9766703e-01, -9.6806735e-02, -1.9843605e-01, -2.0674883e-01,
         -1.1238119e-01, -7.9872459e-02, -3.2150652e-02, -6.8590473e-03,
          4.2948284e+00,  2.5533109e+00,  6.3200936e+00,  1.8667562e+01,
          2.3831734e+01]]], dtype=float32), reward=1)], success=True), configuration(episode=46, buffer=[transition(observation=array([[1., 0., 0., 0., 0., 0., 0., 0., 0., 0., 0., 0., 0., 0., 0., 0.,
        0., 0., 0., 0., 0., 0., 0., 0., 0., 0., 0., 0., 0., 0., 0., 0.,
        0., 0.]], dtype=float32), activation=array([[[21.951925  , -0.16273472, -0.09903108, -0.06986514,
         -0.08627328, -0.08463791, -0.07808341, -0.07997513,
         -0.07514796, -0.08803788, -0.13114357, -0.16107212,
         -0.12245279, -0.08242273, -0.10989129, -0.17945905,
         -0.20810315]]], dtype=float32), h_activation=array([[[ 0.65741384,  1.0077157 ,  0.8094139 ,  1.0622857 ,
          0.5178273 ,  0.82935977, -0.00975731,  0.98335665,
          0.01363628,  0.61610925]]], dtype=float32), o_activation=array([[[21.951925  , -0.16273472, -0.09903108, -0.06986514,
         -0.08627328, -0.08463791, -0.07808341, -0.07997513,
         -0.07514796, -0.08803788, -0.13114357, -0.16107212,
         -0.12245279, -0.08242273, -0.10989129, -0.17945905,
         -0.20810315]]], dtype=float32), reward=1), transition(observation=array([[1., 0., 0., 0., 0., 0., 0., 0., 0., 0., 0., 0., 0., 0., 0., 0.,
        0., 0., 0., 0., 0., 0., 0., 0., 0., 0., 0., 0., 0., 0., 0., 0.,
        0., 0.]], dtype=float32), activation=array([[[21.146324  , -0.14792708, -0.104919  , -0.07433729,
         -0.07984799, -0.09023384, -0.08298661, -0.07847466,
         -0.07545355, -0.10006521, -0.13596888, -0.15759169,
         -0.1181853 , -0.08480775, -0.10400171, -0.15609512,
         -0.1784867 ]]], dtype=float32), h_activation=array([[[ 1.211765  ,  1.7285006 ,  1.2898107 ,  1.7559597 ,
          1.0133047 ,  1.457543  , -0.00780531,  1.724515  ,
          0.25897866,  1.0671432 ]]], dtype=float32), o_activation=array([[[21.146324  , -0.14792708, -0.104919  , -0.07433729,
         -0.07984799, -0.09023384, -0.08298661, -0.07847466,
         -0.07545355, -0.10006521, -0.13596888, -0.15759169,
         -0.1181853 , -0.08480775, -0.10400171, -0.15609512,
         -0.1784867 ]]], dtype=float32), reward=1), transition(observation=array([[1., 0., 0., 0., 0., 0., 0., 0., 0., 0., 0., 0., 0., 0., 0., 0.,
        0., 0., 0., 0., 0., 0., 0., 0., 0., 0., 0., 0., 0., 0., 0., 0.,
        0., 0.]], dtype=float32), activation=array([[[20.430962  , -0.13669364, -0.10844178, -0.08017697,
         -0.07913208, -0.09574541, -0.08695398, -0.0815801 ,
         -0.079727  , -0.10858901, -0.1358045 , -0.15104309,
         -0.11423667, -0.08659025, -0.09905452, -0.14056572,
         -0.15914483]]], dtype=float32), h_activation=array([[[ 1.6570485 ,  2.2222865 ,  1.5444682 ,  2.1770654 ,
          1.4570724 ,  1.9150693 , -0.00590907,  2.2735069 ,
          0.62183607,  1.3858216 ]]], dtype=float32), o_activation=array([[[20.430962  , -0.13669364, -0.10844178, -0.08017697,
         -0.07913208, -0.09574541, -0.08695398, -0.0815801 ,
         -0.079727  , -0.10858901, -0.1358045 , -0.15104309,
         -0.11423667, -0.08659025, -0.09905452, -0.14056572,
         -0.15914483]]], dtype=float32), reward=1), transition(observation=array([[ 0.92552114,  0.13321374,  0.3690313 ,  0.3086776 ,  0.14688228,
        -0.00107666, -0.09735212, -0.0773735 , -0.05918445, -0.05637849,
         0.21408361, -0.14148793,  0.10809354,  0.19923618,  0.3051259 ,
         0.1810107 ,  0.15573607,  0.1889235 ,  0.10277373, -0.01058709,
        -0.01510366, -0.03287804,  0.02360879, -0.01865024, -0.03884117,
        -0.07457292, -0.08940323, -0.09873644, -0.08946834,  0.09181421,
         0.09155866,  0.06151371,  0.10526326,  0.        ]],
      dtype=float32), activation=array([[[23.699602  , -0.19302794, -0.17145228, -0.14178525,
         -0.1220552 , -0.11523729, -0.09805294, -0.09664496,
         -0.10835007, -0.13818844, -0.15068099, -0.15967697,
         -0.14979534, -0.13813362, -0.14405468, -0.18441406,
         -0.20042665]]], dtype=float32), h_activation=array([[[3.3021147 , 2.1306367 , 1.6710222 , 3.1410537 , 2.8456075 ,
         1.489873  , 0.8663077 , 5.256381  , 0.24728718, 1.728821  ]]],
      dtype=float32), o_activation=array([[[23.699602  , -0.19302794, -0.17145228, -0.14178525,
         -0.1220552 , -0.11523729, -0.09805294, -0.09664496,
         -0.10835007, -0.13818844, -0.15068099, -0.15967697,
         -0.14979534, -0.13813362, -0.14405468, -0.18441406,
         -0.20042665]]], dtype=float32), reward=1), transition(observation=array([[ 1.105487  ,  0.31162524,  0.34582588,  0.3248145 , -0.11897144,
        -0.15586917, -0.02567333, -0.07287207, -0.03524195,  0.04674274,
        -0.01449058,  0.10989047,  0.16525081,  0.18283512,  0.37554476,
         0.25230458, -0.12128939, -0.0430125 ,  0.00362911,  0.16703145,
         0.00793824,  0.00332021,  0.09377888,  0.01100058, -0.0288107 ,
        -0.00578682, -0.02095784, -0.11239309,  0.06814668,  0.21457793,
        -0.08534084,  0.09530438, -0.16580519,  0.        ]],
      dtype=float32), activation=array([[[30.364647  , -0.1874702 , -0.14096524, -0.10003173,
         -0.10898172, -0.15375778, -0.15999489, -0.19264162,
         -0.20624238, -0.20648554, -0.17331582, -0.18771474,
         -0.18322413, -0.14433216, -0.12990318, -0.18244433,
         -0.20314805]]], dtype=float32), h_activation=array([[[3.9653602 , 0.97560877, 1.2489858 , 2.9276266 , 4.520767  ,
         2.234535  , 1.4581566 , 7.3546352 , 0.85556257, 2.6974611 ]]],
      dtype=float32), o_activation=array([[[30.364647  , -0.1874702 , -0.14096524, -0.10003173,
         -0.10898172, -0.15375778, -0.15999489, -0.19264162,
         -0.20624238, -0.20648554, -0.17331582, -0.18771474,
         -0.18322413, -0.14433216, -0.12990318, -0.18244433,
         -0.20314805]]], dtype=float32), reward=1), transition(observation=array([[ 0.9622916 ,  0.1378364 ,  0.3525256 ,  0.19887108,  0.03335897,
        -0.04892491,  0.1856108 , -0.06179887, -0.03029964,  0.14335184,
        -0.13928686, -0.04210534,  0.07679119,  0.17099544,  0.28925255,
         0.14204437,  0.2400176 ,  0.13444786, -0.16741936,  0.04540192,
         0.06619063, -0.00127312,  0.11644259,  0.1886795 , -0.1246069 ,
        -0.08870918, -0.09291692, -0.04045749, -0.10728548, -0.04279216,
         0.04354   ,  0.03890633,  0.14905426,  0.        ]],
      dtype=float32), activation=array([[[27.642502  , -0.15619154, -0.07859616, -0.08335338,
         -0.15867168, -0.22291118, -0.20190877, -0.23637678,
         -0.24184926, -0.22650693, -0.14005265, -0.12818807,
         -0.13650914, -0.09914348, -0.06540547, -0.1453856 ,
         -0.20076331]]], dtype=float32), h_activation=array([[[3.896959  , 0.89848995, 1.875793  , 2.1739857 , 4.8212056 ,
         1.8136708 , 2.9349794 , 8.222522  , 1.1374333 , 2.752795  ]]],
      dtype=float32), o_activation=array([[[27.642502  , -0.15619154, -0.07859616, -0.08335338,
         -0.15867168, -0.22291118, -0.20190877, -0.23637678,
         -0.24184926, -0.22650693, -0.14005265, -0.12818807,
         -0.13650914, -0.09914348, -0.06540547, -0.1453856 ,
         -0.20076331]]], dtype=float32), reward=1), transition(observation=array([[ 8.65399837e-01,  2.04121202e-01,  4.67666864e-01,
         4.59200412e-01, -5.88670955e-04,  5.90476505e-02,
         9.91245881e-02, -5.79196699e-02,  8.56355485e-03,
         7.34740682e-03, -1.71434358e-02, -7.53560662e-02,
        -4.93277051e-02,  2.04855263e-01,  4.53515857e-01,
         3.45814675e-01,  2.08262503e-01,  6.13266937e-02,
         8.94945562e-02, -2.06836779e-02, -8.45813528e-02,
        -6.96958378e-02,  1.03732690e-01,  1.42237740e-02,
         2.95433365e-02, -3.16626169e-02, -8.18878338e-02,
         1.76884048e-02, -7.37126470e-02, -1.14375815e-01,
         9.30665210e-02, -1.19376540e-01,  8.14847127e-02,
         0.00000000e+00]], dtype=float32), activation=array([[[28.446896  , -0.14777353, -0.0753102 , -0.10061786,
         -0.18517528, -0.23722398, -0.2339765 , -0.28686455,
         -0.2806021 , -0.24620914, -0.1396876 , -0.12133251,
         -0.13382803, -0.09978061, -0.06358148, -0.15039797,
         -0.20174994]]], dtype=float32), h_activation=array([[[ 3.4327543 ,  0.30667698,  1.8535473 ,  2.4440498 ,
          5.0747957 ,  0.8671516 ,  4.4595523 , 10.1573    ,
          1.1007823 ,  2.7586892 ]]], dtype=float32), o_activation=array([[[28.446896  , -0.14777353, -0.0753102 , -0.10061786,
         -0.18517528, -0.23722398, -0.2339765 , -0.28686455,
         -0.2806021 , -0.24620914, -0.1396876 , -0.12133251,
         -0.13382803, -0.09978061, -0.06358148, -0.15039797,
         -0.20174994]]], dtype=float32), reward=1), transition(observation=array([[ 0.94372255,  0.3570776 ,  0.41660297,  0.40186235,  0.09496994,
         0.04093983,  0.09327976, -0.07142723, -0.0195526 , -0.09001841,
         0.09707977, -0.05551349, -0.01682036,  0.16164942,  0.26836756,
         0.31154716, -0.10004347, -0.30815884, -0.10139634, -0.04964082,
        -0.00868296,  0.06945147, -0.10285803,  0.0260865 , -0.058693  ,
         0.11237833, -0.10211912, -0.13475955,  0.06525346, -0.04073662,
        -0.03188033, -0.04622013,  0.10515597,  0.        ]],
      dtype=float32), activation=array([[[ 3.05605278e+01, -1.24925099e-01, -3.35514806e-02,
         -7.30609372e-02, -1.89057559e-01, -2.59479970e-01,
         -2.70227730e-01, -3.42447758e-01, -3.28731120e-01,
         -2.81059951e-01, -1.51070938e-01, -1.39327824e-01,
         -1.56143144e-01, -9.35331360e-02, -1.90552529e-02,
         -1.02778584e-01, -1.81800365e-01]]], dtype=float32), h_activation=array([[[ 3.2017758e+00, -1.4945000e-03,  1.5621674e+00,  2.4262862e+00,
          4.9847693e+00, -5.0447751e-03,  4.4367456e+00,  1.1011954e+01,
          1.3679653e+00,  3.0674524e+00]]], dtype=float32), o_activation=array([[[ 3.05605278e+01, -1.24925099e-01, -3.35514806e-02,
         -7.30609372e-02, -1.89057559e-01, -2.59479970e-01,
         -2.70227730e-01, -3.42447758e-01, -3.28731120e-01,
         -2.81059951e-01, -1.51070938e-01, -1.39327824e-01,
         -1.56143144e-01, -9.35331360e-02, -1.90552529e-02,
         -1.02778584e-01, -1.81800365e-01]]], dtype=float32), reward=1), transition(observation=array([[0., 0., 0., 0., 0., 0., 0., 0., 0., 0., 0., 0., 0., 0., 0., 0.,
        0., 0., 0., 0., 0., 0., 0., 0., 0., 0., 0., 0., 0., 0., 0., 0.,
        0., 0.]], dtype=float32), activation=array([[[-3.2413077e-02,  8.0500746e+00,  1.8122494e+01,  1.3165936e+01,
         -1.3959561e-02, -1.1031284e-01, -1.2877552e-01, -2.1868113e-01,
         -2.1231443e-01, -1.7852587e-01, -3.2108214e-02, -1.1603038e-02,
         -2.5046114e-02,  5.6892157e+00,  1.5194051e+01,  9.2451401e+00,
          1.9947028e+00]]], dtype=float32), h_activation=array([[[ 1.9599056e+00,  9.7061813e-02,  1.3683276e+00,  1.7666032e+00,
          3.7723093e+00, -2.3189117e-03,  4.1811223e+00,  7.9823589e+00,
          1.6219896e+00,  2.0243688e+00]]], dtype=float32), o_activation=array([[[-3.2413077e-02,  8.0500746e+00,  1.8122494e+01,  1.3165936e+01,
         -1.3959561e-02, -1.1031284e-01, -1.2877552e-01, -2.1868113e-01,
         -2.1231443e-01, -1.7852587e-01, -3.2108214e-02, -1.1603038e-02,
         -2.5046114e-02,  5.6892157e+00,  1.5194051e+01,  9.2451401e+00,
          1.9947028e+00]]], dtype=float32), reward=1), transition(observation=array([[0., 0., 0., 0., 0., 0., 0., 0., 0., 0., 0., 0., 0., 0., 0., 0.,
        0., 0., 0., 0., 0., 0., 0., 0., 0., 0., 0., 0., 0., 0., 0., 0.,
        0., 0.]], dtype=float32), activation=array([[[-3.89847010e-02,  5.30688000e+00,  1.34177704e+01,
          9.96302509e+00, -1.17169283e-02, -8.09056461e-02,
         -1.00720786e-01, -1.70117870e-01, -1.56815067e-01,
         -1.22408189e-01, -2.03677658e-02, -1.46866227e-02,
         -2.24635806e-02,  4.52428627e+00,  1.14533911e+01,
          6.77872705e+00,  9.36756134e-01]]], dtype=float32), h_activation=array([[[ 1.0541952e+00,  2.4638161e-01,  1.4154317e+00,  1.5071012e+00,
          2.7401688e+00, -1.2072399e-03,  3.5508494e+00,  5.8060303e+00,
          1.4672509e+00,  1.3611584e+00]]], dtype=float32), o_activation=array([[[-3.89847010e-02,  5.30688000e+00,  1.34177704e+01,
          9.96302509e+00, -1.17169283e-02, -8.09056461e-02,
         -1.00720786e-01, -1.70117870e-01, -1.56815067e-01,
         -1.22408189e-01, -2.03677658e-02, -1.46866227e-02,
         -2.24635806e-02,  4.52428627e+00,  1.14533911e+01,
          6.77872705e+00,  9.36756134e-01]]], dtype=float32), reward=1)], success=True), configuration(episode=47, buffer=[transition(observation=array([[1., 0., 0., 0., 0., 0., 0., 0., 0., 0., 0., 0., 0., 0., 0., 0.,
        0., 0., 0., 0., 0., 0., 0., 0., 0., 0., 0., 0., 0., 0., 0., 0.,
        0., 0.]], dtype=float32), activation=array([[[21.951925  , -0.16273472, -0.09903108, -0.06986514,
         -0.08627328, -0.08463791, -0.07808341, -0.07997513,
         -0.07514796, -0.08803788, -0.13114357, -0.16107212,
         -0.12245279, -0.08242273, -0.10989129, -0.17945905,
         -0.20810315]]], dtype=float32), h_activation=array([[[ 0.65741384,  1.0077157 ,  0.8094139 ,  1.0622857 ,
          0.5178273 ,  0.82935977, -0.00975731,  0.98335665,
          0.01363628,  0.61610925]]], dtype=float32), o_activation=array([[[21.951925  , -0.16273472, -0.09903108, -0.06986514,
         -0.08627328, -0.08463791, -0.07808341, -0.07997513,
         -0.07514796, -0.08803788, -0.13114357, -0.16107212,
         -0.12245279, -0.08242273, -0.10989129, -0.17945905,
         -0.20810315]]], dtype=float32), reward=1), transition(observation=array([[1., 0., 0., 0., 0., 0., 0., 0., 0., 0., 0., 0., 0., 0., 0., 0.,
        0., 0., 0., 0., 0., 0., 0., 0., 0., 0., 0., 0., 0., 0., 0., 0.,
        0., 0.]], dtype=float32), activation=array([[[21.146324  , -0.14792708, -0.104919  , -0.07433729,
         -0.07984799, -0.09023384, -0.08298661, -0.07847466,
         -0.07545355, -0.10006521, -0.13596888, -0.15759169,
         -0.1181853 , -0.08480775, -0.10400171, -0.15609512,
         -0.1784867 ]]], dtype=float32), h_activation=array([[[ 1.211765  ,  1.7285006 ,  1.2898107 ,  1.7559597 ,
          1.0133047 ,  1.457543  , -0.00780531,  1.724515  ,
          0.25897866,  1.0671432 ]]], dtype=float32), o_activation=array([[[21.146324  , -0.14792708, -0.104919  , -0.07433729,
         -0.07984799, -0.09023384, -0.08298661, -0.07847466,
         -0.07545355, -0.10006521, -0.13596888, -0.15759169,
         -0.1181853 , -0.08480775, -0.10400171, -0.15609512,
         -0.1784867 ]]], dtype=float32), reward=1), transition(observation=array([[1., 0., 0., 0., 0., 0., 0., 0., 0., 0., 0., 0., 0., 0., 0., 0.,
        0., 0., 0., 0., 0., 0., 0., 0., 0., 0., 0., 0., 0., 0., 0., 0.,
        0., 0.]], dtype=float32), activation=array([[[20.430962  , -0.13669364, -0.10844178, -0.08017697,
         -0.07913208, -0.09574541, -0.08695398, -0.0815801 ,
         -0.079727  , -0.10858901, -0.1358045 , -0.15104309,
         -0.11423667, -0.08659025, -0.09905452, -0.14056572,
         -0.15914483]]], dtype=float32), h_activation=array([[[ 1.6570485 ,  2.2222865 ,  1.5444682 ,  2.1770654 ,
          1.4570724 ,  1.9150693 , -0.00590907,  2.2735069 ,
          0.62183607,  1.3858216 ]]], dtype=float32), o_activation=array([[[20.430962  , -0.13669364, -0.10844178, -0.08017697,
         -0.07913208, -0.09574541, -0.08695398, -0.0815801 ,
         -0.079727  , -0.10858901, -0.1358045 , -0.15104309,
         -0.11423667, -0.08659025, -0.09905452, -0.14056572,
         -0.15914483]]], dtype=float32), reward=1), transition(observation=array([[ 1.1846726 ,  0.04926661,  0.38435903,  0.38977027, -0.09100905,
        -0.03812077,  0.11572037,  0.20075424,  0.35219005,  0.32146573,
         0.28497857, -0.08843797, -0.0396405 , -0.12738582,  0.02760478,
        -0.03448977,  0.02520026, -0.10706805, -0.1485508 , -0.17174584,
         0.04087678,  0.11618804,  0.00492203, -0.07067505, -0.04066733,
        -0.04950436, -0.12421906,  0.06847934, -0.03918312, -0.18374872,
         0.11839385,  0.11575156, -0.05388204,  0.        ]],
      dtype=float32), activation=array([[[32.183758  , -0.2022636 , -0.1818197 , -0.15454099,
         -0.14259222, -0.1470959 , -0.13942753, -0.15481451,
         -0.17932707, -0.2021087 , -0.20266983, -0.19434741,
         -0.15061599, -0.11730995, -0.12475901, -0.17224048,
         -0.2123433 ]]], dtype=float32), h_activation=array([[[0.9618867, 1.401304 , 0.5821103, 2.6816964, 2.8601067,
         0.8339795, 0.5253857, 1.5429457, 1.3437895, 3.5729585]]],
      dtype=float32), o_activation=array([[[32.183758  , -0.2022636 , -0.1818197 , -0.15454099,
         -0.14259222, -0.1470959 , -0.13942753, -0.15481451,
         -0.17932707, -0.2021087 , -0.20266983, -0.19434741,
         -0.15061599, -0.11730995, -0.12475901, -0.17224048,
         -0.2123433 ]]], dtype=float32), reward=1), transition(observation=array([[ 1.2077994 ,  0.18095772,  0.19081394,  0.43208998,  0.30693582,
        -0.07160203,  0.00967878,  0.01425755,  0.3578804 ,  0.38760853,
         0.20660767,  0.08308153,  0.0489153 , -0.00317008,  0.10039575,
         0.13847458,  0.10026457, -0.1196767 ,  0.04915478, -0.24969266,
        -0.0023674 ,  0.00933797,  0.04217047, -0.01112006, -0.00906699,
         0.05617147, -0.01118634, -0.28867176, -0.01067108, -0.12183129,
        -0.03848759, -0.09814221,  0.10078771,  0.        ]],
      dtype=float32), activation=array([[[35.33787   , -0.2142839 , -0.16407558, -0.15555081,
         -0.20636411, -0.22390431, -0.18025175, -0.14440179,
         -0.16428262, -0.18050283, -0.19058904, -0.21699776,
         -0.21561448, -0.20136705, -0.17227335, -0.21420854,
         -0.2539266 ]]], dtype=float32), h_activation=array([[[ 2.0968261e+00,  2.2240169e+00, -3.3358883e-03,  3.9547420e+00,
          3.6679499e+00,  1.3840761e+00,  1.3573494e+00,  1.8836749e+00,
          8.6859596e-01,  4.8786206e+00]]], dtype=float32), o_activation=array([[[35.33787   , -0.2142839 , -0.16407558, -0.15555081,
         -0.20636411, -0.22390431, -0.18025175, -0.14440179,
         -0.16428262, -0.18050283, -0.19058904, -0.21699776,
         -0.21561448, -0.20136705, -0.17227335, -0.21420854,
         -0.2539266 ]]], dtype=float32), reward=1), transition(observation=array([[ 0.9960352 ,  0.06747765,  0.27977133,  0.34081593,  0.27442053,
         0.12537077,  0.05701143,  0.14860512,  0.32988116,  0.52681684,
         0.38116333,  0.02632919,  0.05052834, -0.03313437,  0.12026671,
        -0.1036986 ,  0.08954   , -0.08171804,  0.01233117,  0.01314397,
        -0.05932922,  0.1646698 ,  0.06027663,  0.24627674, -0.22535981,
         0.03446573, -0.068159  , -0.14156978,  0.02442229, -0.09595328,
         0.05760302,  0.17863955, -0.08523034,  0.        ]],
      dtype=float32), activation=array([[[31.332123  , -0.16504988, -0.12467963, -0.11114591,
         -0.1686434 , -0.24002793, -0.23072423, -0.16026044,
         -0.13921697, -0.13887618, -0.15675732, -0.19350696,
         -0.184343  , -0.17932743, -0.14322045, -0.15141898,
         -0.18381612]]], dtype=float32), h_activation=array([[[ 2.1796205 ,  3.0854046 , -0.01042358,  4.006514  ,
          4.5087643 ,  0.56495166,  1.4150665 ,  0.97153425,
          1.0724765 ,  5.6124415 ]]], dtype=float32), o_activation=array([[[31.332123  , -0.16504988, -0.12467963, -0.11114591,
         -0.1686434 , -0.24002793, -0.23072423, -0.16026044,
         -0.13921697, -0.13887618, -0.15675732, -0.19350696,
         -0.184343  , -0.17932743, -0.14322045, -0.15141898,
         -0.18381612]]], dtype=float32), reward=1), transition(observation=array([[ 0.9145183 ,  0.1821437 ,  0.32136166,  0.43930188,  0.29193643,
        -0.02996181, -0.0090767 ,  0.03260757,  0.12376691,  0.4983815 ,
         0.2856716 ,  0.12815091, -0.05788318,  0.10277575, -0.08829641,
        -0.08320478, -0.10295135,  0.13996038,  0.06146652, -0.08730096,
        -0.198679  ,  0.05598108, -0.03541614, -0.06515624,  0.09159217,
         0.06363938, -0.00502641, -0.00886021, -0.00120743,  0.1318583 ,
         0.03091343, -0.22257811,  0.04071138,  0.        ]],
      dtype=float32), activation=array([[[25.716608  , -0.13829868, -0.1169602 , -0.10139906,
         -0.14510144, -0.22280546, -0.21221069, -0.11835388,
         -0.08439685, -0.06192778, -0.10614908, -0.18334706,
         -0.17971924, -0.16942488, -0.13526681, -0.1395157 ,
         -0.15156266]]], dtype=float32), h_activation=array([[[ 3.1277118 ,  3.0366807 , -0.0121586 ,  3.9892359 ,
          5.112699  , -0.00666913,  1.4799631 ,  0.81684434,
          1.2012465 ,  6.320024  ]]], dtype=float32), o_activation=array([[[25.716608  , -0.13829868, -0.1169602 , -0.10139906,
         -0.14510144, -0.22280546, -0.21221069, -0.11835388,
         -0.08439685, -0.06192778, -0.10614908, -0.18334706,
         -0.17971924, -0.16942488, -0.13526681, -0.1395157 ,
         -0.15156266]]], dtype=float32), reward=1), transition(observation=array([[ 1.0355523 ,  0.20414834,  0.24543999,  0.39338484,  0.21090803,
        -0.01677602, -0.07255307,  0.05795074,  0.33680722,  0.37167728,
         0.30825973,  0.00396645,  0.10777552, -0.01241951,  0.01973923,
         0.07289793,  0.11018682,  0.06193524, -0.08052874,  0.04438845,
         0.05248789, -0.03472187,  0.01217907, -0.08069988,  0.07630656,
         0.01892737,  0.05761611,  0.09994394, -0.04382405,  0.02561043,
         0.05826777, -0.04321441, -0.06506819,  0.        ]],
      dtype=float32), activation=array([[[31.071335  , -0.15996197, -0.11968452, -0.09206486,
         -0.15389363, -0.2506697 , -0.24883182, -0.15607446,
         -0.12234934, -0.0753123 , -0.10664064, -0.19219005,
         -0.19466864, -0.19897822, -0.18431397, -0.20096883,
         -0.19627471]]], dtype=float32), h_activation=array([[[ 3.6964266e+00,  3.4271429e+00, -6.5850071e-03,  4.4042974e+00,
          5.5590725e+00,  4.7426984e-01,  2.3233869e+00,  9.3283916e-01,
          1.0433131e+00,  7.1302447e+00]]], dtype=float32), o_activation=array([[[31.071335  , -0.15996197, -0.11968452, -0.09206486,
         -0.15389363, -0.2506697 , -0.24883182, -0.15607446,
         -0.12234934, -0.0753123 , -0.10664064, -0.19219005,
         -0.19466864, -0.19897822, -0.18431397, -0.20096883,
         -0.19627471]]], dtype=float32), reward=1), transition(observation=array([[0., 0., 0., 0., 0., 0., 0., 0., 0., 0., 0., 0., 0., 0., 0., 0.,
        0., 0., 0., 0., 0., 0., 0., 0., 0., 0., 0., 0., 0., 0., 0., 0.,
        0., 0.]], dtype=float32), activation=array([[[-6.9431044e-02,  5.1121645e+00,  7.3572936e+00,  9.7441292e+00,
          3.1269388e+00, -1.2107284e-01, -1.4311293e-01, -1.6238144e-02,
          7.6774626e+00,  1.3399017e+01,  9.0676422e+00, -6.3523268e-03,
         -1.7574254e-02, -4.7698300e-02, -3.6618795e-02, -4.8791310e-03,
          3.4478507e+00]]], dtype=float32), h_activation=array([[[2.7740107 , 2.9219964 , 0.15995201, 3.5911403 , 4.317292  ,
         0.74593484, 2.0294142 , 1.0003734 , 1.271178  , 5.554222  ]]],
      dtype=float32), o_activation=array([[[-6.9431044e-02,  5.1121645e+00,  7.3572936e+00,  9.7441292e+00,
          3.1269388e+00, -1.2107284e-01, -1.4311293e-01, -1.6238144e-02,
          7.6774626e+00,  1.3399017e+01,  9.0676422e+00, -6.3523268e-03,
         -1.7574254e-02, -4.7698300e-02, -3.6618795e-02, -4.8791310e-03,
          3.4478507e+00]]], dtype=float32), reward=1), transition(observation=array([[0., 0., 0., 0., 0., 0., 0., 0., 0., 0., 0., 0., 0., 0., 0., 0.,
        0., 0., 0., 0., 0., 0., 0., 0., 0., 0., 0., 0., 0., 0., 0., 0.,
        0., 0.]], dtype=float32), activation=array([[[-7.3551871e-02,  3.4432306e+00,  5.6213093e+00,  7.5338750e+00,
          2.6557555e+00, -8.5546263e-02, -1.0251131e-01, -1.0687373e-02,
          6.2454739e+00,  1.0128433e+01,  6.5121036e+00, -7.1441242e-03,
         -1.4309411e-02, -3.5630092e-02, -2.3813915e-02, -1.2961912e-03,
          2.1418748e+00]]], dtype=float32), h_activation=array([[[2.0718074 , 2.5459764 , 0.35769555, 3.0351539 , 3.326272  ,
         0.92121136, 1.6783903 , 1.0386446 , 1.314316  , 4.373882  ]]],
      dtype=float32), o_activation=array([[[-7.3551871e-02,  3.4432306e+00,  5.6213093e+00,  7.5338750e+00,
          2.6557555e+00, -8.5546263e-02, -1.0251131e-01, -1.0687373e-02,
          6.2454739e+00,  1.0128433e+01,  6.5121036e+00, -7.1441242e-03,
         -1.4309411e-02, -3.5630092e-02, -2.3813915e-02, -1.2961912e-03,
          2.1418748e+00]]], dtype=float32), reward=1)], success=True), configuration(episode=48, buffer=[transition(observation=array([[1., 0., 0., 0., 0., 0., 0., 0., 0., 0., 0., 0., 0., 0., 0., 0.,
        0., 0., 0., 0., 0., 0., 0., 0., 0., 0., 0., 0., 0., 0., 0., 0.,
        0., 0.]], dtype=float32), activation=array([[[21.951925  , -0.16273472, -0.09903108, -0.06986514,
         -0.08627328, -0.08463791, -0.07808341, -0.07997513,
         -0.07514796, -0.08803788, -0.13114357, -0.16107212,
         -0.12245279, -0.08242273, -0.10989129, -0.17945905,
         -0.20810315]]], dtype=float32), h_activation=array([[[ 0.65741384,  1.0077157 ,  0.8094139 ,  1.0622857 ,
          0.5178273 ,  0.82935977, -0.00975731,  0.98335665,
          0.01363628,  0.61610925]]], dtype=float32), o_activation=array([[[21.951925  , -0.16273472, -0.09903108, -0.06986514,
         -0.08627328, -0.08463791, -0.07808341, -0.07997513,
         -0.07514796, -0.08803788, -0.13114357, -0.16107212,
         -0.12245279, -0.08242273, -0.10989129, -0.17945905,
         -0.20810315]]], dtype=float32), reward=1), transition(observation=array([[1., 0., 0., 0., 0., 0., 0., 0., 0., 0., 0., 0., 0., 0., 0., 0.,
        0., 0., 0., 0., 0., 0., 0., 0., 0., 0., 0., 0., 0., 0., 0., 0.,
        0., 0.]], dtype=float32), activation=array([[[21.146324  , -0.14792708, -0.104919  , -0.07433729,
         -0.07984799, -0.09023384, -0.08298661, -0.07847466,
         -0.07545355, -0.10006521, -0.13596888, -0.15759169,
         -0.1181853 , -0.08480775, -0.10400171, -0.15609512,
         -0.1784867 ]]], dtype=float32), h_activation=array([[[ 1.211765  ,  1.7285006 ,  1.2898107 ,  1.7559597 ,
          1.0133047 ,  1.457543  , -0.00780531,  1.724515  ,
          0.25897866,  1.0671432 ]]], dtype=float32), o_activation=array([[[21.146324  , -0.14792708, -0.104919  , -0.07433729,
         -0.07984799, -0.09023384, -0.08298661, -0.07847466,
         -0.07545355, -0.10006521, -0.13596888, -0.15759169,
         -0.1181853 , -0.08480775, -0.10400171, -0.15609512,
         -0.1784867 ]]], dtype=float32), reward=1), transition(observation=array([[1., 0., 0., 0., 0., 0., 0., 0., 0., 0., 0., 0., 0., 0., 0., 0.,
        0., 0., 0., 0., 0., 0., 0., 0., 0., 0., 0., 0., 0., 0., 0., 0.,
        0., 0.]], dtype=float32), activation=array([[[20.430962  , -0.13669364, -0.10844178, -0.08017697,
         -0.07913208, -0.09574541, -0.08695398, -0.0815801 ,
         -0.079727  , -0.10858901, -0.1358045 , -0.15104309,
         -0.11423667, -0.08659025, -0.09905452, -0.14056572,
         -0.15914483]]], dtype=float32), h_activation=array([[[ 1.6570485 ,  2.2222865 ,  1.5444682 ,  2.1770654 ,
          1.4570724 ,  1.9150693 , -0.00590907,  2.2735069 ,
          0.62183607,  1.3858216 ]]], dtype=float32), o_activation=array([[[20.430962  , -0.13669364, -0.10844178, -0.08017697,
         -0.07913208, -0.09574541, -0.08695398, -0.0815801 ,
         -0.079727  , -0.10858901, -0.1358045 , -0.15104309,
         -0.11423667, -0.08659025, -0.09905452, -0.14056572,
         -0.15914483]]], dtype=float32), reward=1), transition(observation=array([[ 1.0242939 , -0.04487923,  0.01332926,  0.04410132,  0.12621154,
         0.60568225,  0.7837359 ,  0.49173164,  0.16464737,  0.07332267,
         0.05011217, -0.09585021,  0.08533525,  0.0695032 ,  0.23401015,
         0.00256281, -0.00538544,  0.04875279,  0.10996719, -0.0753116 ,
         0.05690576,  0.03474252,  0.07322242,  0.11448875,  0.01086833,
         0.09797297, -0.04925324,  0.05685795,  0.13105425, -0.19026358,
        -0.07213042,  0.09068861, -0.01477318,  0.        ]],
      dtype=float32), activation=array([[[32.230656  , -0.15448412, -0.13503033, -0.12708656,
         -0.17535947, -0.22255355, -0.20754163, -0.17816217,
         -0.15428615, -0.16043982, -0.16410448, -0.17393452,
         -0.14746617, -0.11769483, -0.12266726, -0.16618533,
         -0.18817902]]], dtype=float32), h_activation=array([[[-0.00654645,  2.670077  ,  2.7148697 ,  1.1102107 ,
          0.17025378,  0.3336337 , -0.02404959,  1.7763014 ,
          2.159815  ,  0.10925376]]], dtype=float32), o_activation=array([[[32.230656  , -0.15448412, -0.13503033, -0.12708656,
         -0.17535947, -0.22255355, -0.20754163, -0.17816217,
         -0.15428615, -0.16043982, -0.16410448, -0.17393452,
         -0.14746617, -0.11769483, -0.12266726, -0.16618533,
         -0.18817902]]], dtype=float32), reward=1), transition(observation=array([[ 1.0840143 , -0.05259512, -0.02279404,  0.00765948,  0.1577636 ,
         0.5753698 ,  0.6886816 ,  0.51271385,  0.14329375, -0.02988519,
         0.15230265, -0.03674754, -0.08755571, -0.07727253, -0.10847425,
        -0.0298173 , -0.02135953, -0.11717932,  0.05910891,  0.07055915,
         0.1302365 , -0.03414518, -0.00757393,  0.10816138, -0.04745667,
         0.05137367,  0.0991745 , -0.02550366, -0.03953501, -0.14455204,
         0.04590417,  0.07126979,  0.15888345,  0.        ]],
      dtype=float32), activation=array([[[29.091904  , -0.14330237, -0.13995002, -0.14442447,
         -0.16741946, -0.15495028, -0.1306138 , -0.15225267,
         -0.16888674, -0.1770722 , -0.17031895, -0.1789936 ,
         -0.15209818, -0.09910984, -0.10117995, -0.1487324 ,
         -0.17301172]]], dtype=float32), h_activation=array([[[-1.8221173e-02,  3.2480514e+00,  3.5524805e+00,  1.2696593e+00,
         -1.3582607e-02, -1.4032006e-02, -2.9869407e-02,  6.1723125e-01,
          3.7853274e+00, -1.7684179e-03]]], dtype=float32), o_activation=array([[[29.091904  , -0.14330237, -0.13995002, -0.14442447,
         -0.16741946, -0.15495028, -0.1306138 , -0.15225267,
         -0.16888674, -0.1770722 , -0.17031895, -0.1789936 ,
         -0.15209818, -0.09910984, -0.10117995, -0.1487324 ,
         -0.17301172]]], dtype=float32), reward=1), transition(observation=array([[ 1.0476602 , -0.04331737,  0.13039531, -0.03596135,  0.00399614,
         0.61039275,  0.65220433,  0.27787843,  0.10943542,  0.12969056,
        -0.27686742,  0.13410208,  0.17056061,  0.08088307, -0.09422506,
        -0.14959514, -0.11073761, -0.07483961, -0.05470871,  0.04758652,
         0.12855655,  0.02775137,  0.16516052,  0.21130092, -0.05011415,
         0.1874924 ,  0.14393713, -0.18513453,  0.16553159, -0.08341453,
         0.10121079,  0.06864424, -0.07101738,  0.        ]],
      dtype=float32), activation=array([[[25.353073  , -0.13874958, -0.16043583, -0.15462671,
         -0.15005848, -0.12080639, -0.08725175, -0.11951761,
         -0.14954948, -0.14411266, -0.14775844, -0.17043181,
         -0.16703317, -0.13146806, -0.1358369 , -0.14640367,
         -0.13805649]]], dtype=float32), h_activation=array([[[-0.01087989,  3.1130602 ,  3.692152  , -0.00929167,
         -0.01834614, -0.00436162, -0.02850913,  0.0977582 ,
          4.154669  ,  0.38854194]]], dtype=float32), o_activation=array([[[25.353073  , -0.13874958, -0.16043583, -0.15462671,
         -0.15005848, -0.12080639, -0.08725175, -0.11951761,
         -0.14954948, -0.14411266, -0.14775844, -0.17043181,
         -0.16703317, -0.13146806, -0.1358369 , -0.14640367,
         -0.13805649]]], dtype=float32), reward=1), transition(observation=array([[ 0.9027758 , -0.09913826, -0.07326137,  0.09977128,  0.06567489,
         0.5239237 ,  0.74982363,  0.41687778,  0.1360965 ,  0.03715806,
         0.11150929,  0.09347926, -0.05015346, -0.08078465,  0.04777929,
        -0.08564658, -0.0731898 , -0.00293439, -0.05806973, -0.01528988,
         0.08454452,  0.03632287,  0.04141778, -0.05444068,  0.22320782,
        -0.07061427,  0.01055644, -0.23211902, -0.01882014,  0.14217478,
        -0.16934821, -0.01218298, -0.02528095,  0.        ]],
      dtype=float32), activation=array([[[22.233133  , -0.09778462, -0.13355733, -0.15595171,
         -0.16659409, -0.11386713, -0.07606082, -0.11212368,
         -0.14021945, -0.14472842, -0.152922  , -0.15200695,
         -0.13184984, -0.10669765, -0.12830757, -0.15242733,
         -0.12728429]]], dtype=float32), h_activation=array([[[-1.99436564e-02,  2.98381305e+00,  3.73319364e+00,
          1.56838119e-01, -1.35807376e-02, -1.30018545e-02,
         -2.98541225e-02, -6.49849279e-03,  5.38810778e+00,
         -3.98089876e-03]]], dtype=float32), o_activation=array([[[22.233133  , -0.09778462, -0.13355733, -0.15595171,
         -0.16659409, -0.11386713, -0.07606082, -0.11212368,
         -0.14021945, -0.14472842, -0.152922  , -0.15200695,
         -0.13184984, -0.10669765, -0.12830757, -0.15242733,
         -0.12728429]]], dtype=float32), reward=1), transition(observation=array([[ 1.0763711 ,  0.00557913,  0.02331183, -0.0295801 ,  0.21832718,
         0.6504117 ,  0.7082496 ,  0.4146284 ,  0.2515631 ,  0.03930475,
         0.03915328, -0.17090513,  0.02437807, -0.09075044, -0.03135317,
        -0.11161477, -0.24053188,  0.08874801, -0.07073126, -0.06481824,
        -0.09792262,  0.13374195,  0.16756804,  0.2741022 ,  0.23307532,
        -0.01622562, -0.00528666,  0.1356271 ,  0.22466607, -0.1824753 ,
         0.00431046,  0.0434127 , -0.15355738,  0.        ]],
      dtype=float32), activation=array([[[25.377777  , -0.1264014 , -0.16278099, -0.19056885,
         -0.19744301, -0.13631195, -0.08509515, -0.13550216,
         -0.17502262, -0.15983652, -0.1403919 , -0.13986032,
         -0.13682626, -0.12139383, -0.1383239 , -0.16287792,
         -0.1513697 ]]], dtype=float32), h_activation=array([[[-2.2808624e-02,  3.5078268e+00,  3.6402948e+00, -1.1205109e-02,
         -1.9786859e-02, -1.8275293e-02, -3.4221262e-02, -9.2947306e-03,
          4.9842830e+00, -1.4218214e-03]]], dtype=float32), o_activation=array([[[25.377777  , -0.1264014 , -0.16278099, -0.19056885,
         -0.19744301, -0.13631195, -0.08509515, -0.13550216,
         -0.17502262, -0.15983652, -0.1403919 , -0.13986032,
         -0.13682626, -0.12139383, -0.1383239 , -0.16287792,
         -0.1513697 ]]], dtype=float32), reward=1), transition(observation=array([[0., 0., 0., 0., 0., 0., 0., 0., 0., 0., 0., 0., 0., 0., 0., 0.,
        0., 0., 0., 0., 0., 0., 0., 0., 0., 0., 0., 0., 0., 0., 0., 0.,
        0., 0.]], dtype=float32), activation=array([[[-1.2851058e-01,  9.7566128e-01, -3.6482878e-02, -3.8756855e-02,
          1.4476790e+00,  1.0113317e+01,  1.3169359e+01,  5.3365374e+00,
         -5.2354429e-03, -1.6168965e-02, -1.4463233e-02, -1.1401488e-02,
         -1.4483169e-02, -9.0271328e-03, -3.1331711e-02, -2.7015395e-02,
          1.2609701e+00]]], dtype=float32), h_activation=array([[[ 5.2417766e-02,  3.0453329e+00,  3.0869982e+00,  3.6836198e-01,
         -2.7194439e-04,  3.2284001e-01, -3.2771879e-03,  2.6677203e-01,
          3.6823044e+00,  1.3730215e-01]]], dtype=float32), o_activation=array([[[-1.2851058e-01,  9.7566128e-01, -3.6482878e-02, -3.8756855e-02,
          1.4476790e+00,  1.0113317e+01,  1.3169359e+01,  5.3365374e+00,
         -5.2354429e-03, -1.6168965e-02, -1.4463233e-02, -1.1401488e-02,
         -1.4483169e-02, -9.0271328e-03, -3.1331711e-02, -2.7015395e-02,
          1.2609701e+00]]], dtype=float32), reward=1), transition(observation=array([[0., 0., 0., 0., 0., 0., 0., 0., 0., 0., 0., 0., 0., 0., 0., 0.,
        0., 0., 0., 0., 0., 0., 0., 0., 0., 0., 0., 0., 0., 0., 0., 0.,
        0., 0.]], dtype=float32), activation=array([[[-1.15391344e-01,  2.07632303e-01, -2.88975518e-02,
         -2.16375254e-02,  2.28630161e+00,  8.49773979e+00,
          1.07988310e+01,  5.15324306e+00,  7.92249441e-01,
         -1.18865520e-02, -2.06443593e-02, -1.92465615e-02,
         -1.15939593e-02, -6.66286913e-04, -2.02995576e-02,
         -1.98834352e-02,  6.56124115e-01]]], dtype=float32), h_activation=array([[[ 0.13840789,  2.7396877 ,  2.6882045 ,  0.71114224,
          0.00308739,  0.6075271 , -0.00330281,  0.50455976,
          2.7402582 ,  0.28289905]]], dtype=float32), o_activation=array([[[-1.15391344e-01,  2.07632303e-01, -2.88975518e-02,
         -2.16375254e-02,  2.28630161e+00,  8.49773979e+00,
          1.07988310e+01,  5.15324306e+00,  7.92249441e-01,
         -1.18865520e-02, -2.06443593e-02, -1.92465615e-02,
         -1.15939593e-02, -6.66286913e-04, -2.02995576e-02,
         -1.98834352e-02,  6.56124115e-01]]], dtype=float32), reward=1)], success=True), configuration(episode=49, buffer=[transition(observation=array([[1., 0., 0., 0., 0., 0., 0., 0., 0., 0., 0., 0., 0., 0., 0., 0.,
        0., 0., 0., 0., 0., 0., 0., 0., 0., 0., 0., 0., 0., 0., 0., 0.,
        0., 0.]], dtype=float32), activation=array([[[21.951925  , -0.16273472, -0.09903108, -0.06986514,
         -0.08627328, -0.08463791, -0.07808341, -0.07997513,
         -0.07514796, -0.08803788, -0.13114357, -0.16107212,
         -0.12245279, -0.08242273, -0.10989129, -0.17945905,
         -0.20810315]]], dtype=float32), h_activation=array([[[ 0.65741384,  1.0077157 ,  0.8094139 ,  1.0622857 ,
          0.5178273 ,  0.82935977, -0.00975731,  0.98335665,
          0.01363628,  0.61610925]]], dtype=float32), o_activation=array([[[21.951925  , -0.16273472, -0.09903108, -0.06986514,
         -0.08627328, -0.08463791, -0.07808341, -0.07997513,
         -0.07514796, -0.08803788, -0.13114357, -0.16107212,
         -0.12245279, -0.08242273, -0.10989129, -0.17945905,
         -0.20810315]]], dtype=float32), reward=1), transition(observation=array([[1., 0., 0., 0., 0., 0., 0., 0., 0., 0., 0., 0., 0., 0., 0., 0.,
        0., 0., 0., 0., 0., 0., 0., 0., 0., 0., 0., 0., 0., 0., 0., 0.,
        0., 0.]], dtype=float32), activation=array([[[21.146324  , -0.14792708, -0.104919  , -0.07433729,
         -0.07984799, -0.09023384, -0.08298661, -0.07847466,
         -0.07545355, -0.10006521, -0.13596888, -0.15759169,
         -0.1181853 , -0.08480775, -0.10400171, -0.15609512,
         -0.1784867 ]]], dtype=float32), h_activation=array([[[ 1.211765  ,  1.7285006 ,  1.2898107 ,  1.7559597 ,
          1.0133047 ,  1.457543  , -0.00780531,  1.724515  ,
          0.25897866,  1.0671432 ]]], dtype=float32), o_activation=array([[[21.146324  , -0.14792708, -0.104919  , -0.07433729,
         -0.07984799, -0.09023384, -0.08298661, -0.07847466,
         -0.07545355, -0.10006521, -0.13596888, -0.15759169,
         -0.1181853 , -0.08480775, -0.10400171, -0.15609512,
         -0.1784867 ]]], dtype=float32), reward=1), transition(observation=array([[1., 0., 0., 0., 0., 0., 0., 0., 0., 0., 0., 0., 0., 0., 0., 0.,
        0., 0., 0., 0., 0., 0., 0., 0., 0., 0., 0., 0., 0., 0., 0., 0.,
        0., 0.]], dtype=float32), activation=array([[[20.430962  , -0.13669364, -0.10844178, -0.08017697,
         -0.07913208, -0.09574541, -0.08695398, -0.0815801 ,
         -0.079727  , -0.10858901, -0.1358045 , -0.15104309,
         -0.11423667, -0.08659025, -0.09905452, -0.14056572,
         -0.15914483]]], dtype=float32), h_activation=array([[[ 1.6570485 ,  2.2222865 ,  1.5444682 ,  2.1770654 ,
          1.4570724 ,  1.9150693 , -0.00590907,  2.2735069 ,
          0.62183607,  1.3858216 ]]], dtype=float32), o_activation=array([[[20.430962  , -0.13669364, -0.10844178, -0.08017697,
         -0.07913208, -0.09574541, -0.08695398, -0.0815801 ,
         -0.079727  , -0.10858901, -0.1358045 , -0.15104309,
         -0.11423667, -0.08659025, -0.09905452, -0.14056572,
         -0.15914483]]], dtype=float32), reward=1), transition(observation=array([[ 0.9279808 ,  0.19101325,  0.20451026, -0.14805798, -0.11555394,
         0.13794015, -0.07977195,  0.0061053 , -0.079188  ,  0.0424282 ,
         0.02022779,  0.0997299 ,  0.3024098 ,  0.3844755 ,  0.27837884,
         0.22485928,  0.24332243, -0.01831159, -0.00645261,  0.2289615 ,
         0.06695858, -0.01100303,  0.03561569,  0.28785065,  0.04998233,
        -0.05840012, -0.03249843, -0.05674702,  0.05278205,  0.18469799,
         0.04554681, -0.00107354,  0.07477255,  0.        ]],
      dtype=float32), activation=array([[[25.135939  , -0.18017735, -0.1445021 , -0.10174448,
         -0.09838098, -0.10953615, -0.10570581, -0.10939215,
         -0.11860021, -0.14617692, -0.1663942 , -0.18151528,
         -0.1763852 , -0.16511698, -0.16484748, -0.19758023,
         -0.2012265 ]]], dtype=float32), h_activation=array([[[3.2984724, 3.1687005, 2.9392624, 1.6082208, 3.4194677,
         3.9290934, 0.2685917, 4.6108456, 1.0560894, 1.7083762]]],
      dtype=float32), o_activation=array([[[25.135939  , -0.18017735, -0.1445021 , -0.10174448,
         -0.09838098, -0.10953615, -0.10570581, -0.10939215,
         -0.11860021, -0.14617692, -0.1663942 , -0.18151528,
         -0.1763852 , -0.16511698, -0.16484748, -0.19758023,
         -0.2012265 ]]], dtype=float32), reward=1), transition(observation=array([[ 8.49896789e-01,  3.68746608e-01,  2.26523906e-01,
         9.42859203e-02,  1.74017951e-01, -7.93148875e-02,
        -1.26046613e-01, -1.18321463e-01, -5.67027479e-02,
         1.38980120e-01, -7.13734850e-02,  1.11570522e-01,
         1.73405349e-01,  5.25381029e-01,  3.24223101e-01,
         1.98056638e-01,  4.89314020e-01, -1.96459442e-01,
        -5.73167228e-04,  1.70899317e-01,  4.97761481e-02,
        -3.35674956e-02,  6.24811873e-02, -3.90112624e-02,
        -1.56078106e-02,  6.84846789e-02, -1.50697485e-01,
        -1.07668273e-01, -1.06597565e-01, -1.79930165e-01,
        -2.97692623e-02, -1.02923945e-01, -1.47013411e-01,
         0.00000000e+00]], dtype=float32), activation=array([[[24.672073  , -0.17111827, -0.1796126 , -0.17398979,
         -0.15666766, -0.14127105, -0.11787515, -0.15415642,
         -0.16755041, -0.19167195, -0.17996612, -0.15688883,
         -0.13715991, -0.12549424, -0.13575743, -0.19270429,
         -0.19793531]]], dtype=float32), h_activation=array([[[5.935958  , 4.1853924 , 4.5002313 , 1.6654112 , 5.37764   ,
         4.5646663 , 2.1417637 , 7.0412235 , 0.36931726, 2.2649457 ]]],
      dtype=float32), o_activation=array([[[24.672073  , -0.17111827, -0.1796126 , -0.17398979,
         -0.15666766, -0.14127105, -0.11787515, -0.15415642,
         -0.16755041, -0.19167195, -0.17996612, -0.15688883,
         -0.13715991, -0.12549424, -0.13575743, -0.19270429,
         -0.19793531]]], dtype=float32), reward=1), transition(observation=array([[ 0.96782714,  0.24861991,  0.14153881, -0.01601521,  0.12273494,
         0.13583626,  0.01385235,  0.10300574,  0.05678986, -0.04002875,
         0.18574516,  0.10941921,  0.3459063 ,  0.5527866 ,  0.4074454 ,
         0.19551882,  0.20768762, -0.06622344,  0.10711804, -0.05048536,
         0.02133283,  0.00363547, -0.03752838,  0.02222618,  0.04619424,
         0.00392207, -0.05354708,  0.08579167, -0.03216   ,  0.06143126,
        -0.08995434, -0.01124305, -0.13767971,  0.        ]],
      dtype=float32), activation=array([[[33.0297    , -0.10145463, -0.14932391, -0.16459571,
         -0.1798082 , -0.22726004, -0.24884026, -0.28627172,
         -0.250094  , -0.23827852, -0.21481624, -0.19578142,
         -0.13325922, -0.09721794, -0.12871425, -0.17727454,
         -0.14040041]]], dtype=float32), h_activation=array([[[6.770572  , 4.3666854 , 5.2251678 , 1.3693538 , 6.607559  ,
         5.1068482 , 2.0067635 , 7.896036  , 0.89291537, 1.459792  ]]],
      dtype=float32), o_activation=array([[[33.0297    , -0.10145463, -0.14932391, -0.16459571,
         -0.1798082 , -0.22726004, -0.24884026, -0.28627172,
         -0.250094  , -0.23827852, -0.21481624, -0.19578142,
         -0.13325922, -0.09721794, -0.12871425, -0.17727454,
         -0.14040041]]], dtype=float32), reward=1), transition(observation=array([[ 1.060257  ,  0.42393297,  0.25201905, -0.0907653 , -0.1318188 ,
         0.08927862, -0.04990666, -0.13361587,  0.08706595,  0.00879377,
        -0.01039107,  0.10511925,  0.3778648 ,  0.47799692,  0.1714713 ,
         0.1757916 ,  0.1475925 ,  0.05576817,  0.00815585, -0.10205816,
        -0.03267782,  0.00297932, -0.01627936,  0.09136858,  0.05445712,
         0.04259929,  0.22731832,  0.20374195, -0.18000874,  0.11356741,
         0.11062785, -0.08148463, -0.0980332 ,  0.        ]],
      dtype=float32), activation=array([[[32.364277  , -0.10937267, -0.16445631, -0.18373966,
         -0.18561223, -0.22651565, -0.23262401, -0.29783738,
         -0.28232118, -0.24782099, -0.1996838 , -0.18107142,
         -0.10973517, -0.04733665, -0.09216163, -0.17058681,
         -0.14190811]]], dtype=float32), h_activation=array([[[ 7.5932579e+00,  4.4413958e+00,  5.4001613e+00, -5.8183288e-03,
          7.5783825e+00,  5.8485551e+00,  2.9378922e+00,  8.4942503e+00,
          1.5212268e+00,  2.4435568e+00]]], dtype=float32), o_activation=array([[[32.364277  , -0.10937267, -0.16445631, -0.18373966,
         -0.18561223, -0.22651565, -0.23262401, -0.29783738,
         -0.28232118, -0.24782099, -0.1996838 , -0.18107142,
         -0.10973517, -0.04733665, -0.09216163, -0.17058681,
         -0.14190811]]], dtype=float32), reward=1), transition(observation=array([[ 0.8569976 ,  0.3196425 ,  0.05342032,  0.04942536,  0.10203186,
        -0.03077197,  0.0785269 ,  0.07128632, -0.0762207 , -0.00646865,
         0.10570448,  0.0708432 ,  0.23165892,  0.53488034,  0.2842948 ,
         0.14579752,  0.29775184,  0.04291745, -0.17965983,  0.14983118,
        -0.22548304, -0.0453109 , -0.04619294,  0.10180207,  0.08070464,
         0.12463538, -0.11822875, -0.14481096, -0.00385362,  0.00651326,
        -0.0131352 ,  0.06545784, -0.09432761,  0.        ]],
      dtype=float32), activation=array([[[ 2.8240688e+01, -4.8486069e-02, -1.2501472e-01, -1.9244945e-01,
         -2.1768931e-01, -2.5087050e-01, -2.5956735e-01, -3.3486354e-01,
         -2.8237259e-01, -2.3335573e-01, -1.8068098e-01, -1.3645077e-01,
         -5.7212990e-02, -1.5959835e-02, -7.2619773e-02, -1.5561111e-01,
         -1.0670757e-01]]], dtype=float32), h_activation=array([[[8.078649  , 4.271886  , 6.6838965 , 0.02720308, 8.274606  ,
         5.121939  , 3.6802716 , 8.686262  , 1.9304067 , 1.298513  ]]],
      dtype=float32), o_activation=array([[[ 2.8240688e+01, -4.8486069e-02, -1.2501472e-01, -1.9244945e-01,
         -2.1768931e-01, -2.5087050e-01, -2.5956735e-01, -3.3486354e-01,
         -2.8237259e-01, -2.3335573e-01, -1.8068098e-01, -1.3645077e-01,
         -5.7212990e-02, -1.5959835e-02, -7.2619773e-02, -1.5561111e-01,
         -1.0670757e-01]]], dtype=float32), reward=1), transition(observation=array([[0., 0., 0., 0., 0., 0., 0., 0., 0., 0., 0., 0., 0., 0., 0., 0.,
        0., 0., 0., 0., 0., 0., 0., 0., 0., 0., 0., 0., 0., 0., 0., 0.,
        0., 0.]], dtype=float32), activation=array([[[-0.03781304, 13.846234  ,  2.8360882 , -0.04732957,
         -0.07856136, -0.14048019, -0.13915303, -0.21941617,
         -0.181215  , -0.11088125, -0.02845811,  1.3300977 ,
         12.584351  , 20.7116    , 12.2348585 ,  5.0068345 ,
         11.426971  ]]], dtype=float32), h_activation=array([[[ 5.8757863e+00,  3.3961215e+00,  4.9509201e+00, -2.9221927e-03,
          6.4681425e+00,  3.6109853e+00,  4.1296206e+00,  6.4761391e+00,
          2.3187759e+00,  6.2240112e-01]]], dtype=float32), o_activation=array([[[-0.03781304, 13.846234  ,  2.8360882 , -0.04732957,
         -0.07856136, -0.14048019, -0.13915303, -0.21941617,
         -0.181215  , -0.11088125, -0.02845811,  1.3300977 ,
         12.584351  , 20.7116    , 12.2348585 ,  5.0068345 ,
         11.426971  ]]], dtype=float32), reward=1), transition(observation=array([[0., 0., 0., 0., 0., 0., 0., 0., 0., 0., 0., 0., 0., 0., 0., 0.,
        0., 0., 0., 0., 0., 0., 0., 0., 0., 0., 0., 0., 0., 0., 0., 0.,
        0., 0.]], dtype=float32), activation=array([[[-3.8375311e-02,  1.0014031e+01,  2.5725236e+00, -2.8149061e-02,
         -5.7145003e-02, -1.0767511e-01, -1.2618943e-01, -1.9713537e-01,
         -1.5119871e-01, -6.9152147e-02, -6.1285924e-03,  8.7642050e-01,
          9.0148754e+00,  1.5914249e+01,  9.4751406e+00,  3.7055731e+00,
          8.2076321e+00]]], dtype=float32), h_activation=array([[[ 4.1118279e+00,  2.7600069e+00,  3.9378107e+00, -2.2566140e-04,
          4.8930130e+00,  2.5439513e+00,  3.9523973e+00,  4.8077860e+00,
          2.1603537e+00,  2.2143501e-01]]], dtype=float32), o_activation=array([[[-3.8375311e-02,  1.0014031e+01,  2.5725236e+00, -2.8149061e-02,
         -5.7145003e-02, -1.0767511e-01, -1.2618943e-01, -1.9713537e-01,
         -1.5119871e-01, -6.9152147e-02, -6.1285924e-03,  8.7642050e-01,
          9.0148754e+00,  1.5914249e+01,  9.4751406e+00,  3.7055731e+00,
          8.2076321e+00]]], dtype=float32), reward=1)], success=True)]"
1,"### _DMFamily
Doc: Delay comparison.

    Two-alternative forced choice task in which the subject
    has to compare two stimuli separated by a delay to decide
    which one has a higher frequency.
    
Reference paper 
Missing paper name
Missing paper link

Reward structure 
abort : -0.1
correct : 1.0
fail : 0.0

Other activations: 
render.modes : []
","[configuration(episode=0, buffer=[transition(observation=array([[1., 0., 0., 0., 0., 0., 0., 0., 0., 0., 0., 0., 0., 0., 0., 0.,
        0., 0., 0., 0., 0., 0., 0., 0., 0., 0., 0., 0., 0., 0., 0., 0.,
        0., 1.]], dtype=float32), activation=array([[[22.06819   , -0.16423194, -0.09829667, -0.0684431 ,
         -0.08563564, -0.08378637, -0.07823429, -0.07916434,
         -0.07612116, -0.08751891, -0.13224255, -0.16178848,
         -0.12346218, -0.08102608, -0.10995874, -0.18023862,
         -0.20943384]]], dtype=float32), h_activation=array([[[ 0.7566331 ,  0.86678445,  0.876579  ,  1.1590619 ,
          0.4522693 ,  0.68814313, -0.00902339,  0.8538044 ,
          0.02913611,  0.7585149 ]]], dtype=float32), o_activation=array([[[22.06819   , -0.16423194, -0.09829667, -0.0684431 ,
         -0.08563564, -0.08378637, -0.07823429, -0.07916434,
         -0.07612116, -0.08751891, -0.13224255, -0.16178848,
         -0.12346218, -0.08102608, -0.10995874, -0.18023862,
         -0.20943384]]], dtype=float32), reward=1), transition(observation=array([[1., 0., 0., 0., 0., 0., 0., 0., 0., 0., 0., 0., 0., 0., 0., 0.,
        0., 0., 0., 0., 0., 0., 0., 0., 0., 0., 0., 0., 0., 0., 0., 0.,
        0., 1.]], dtype=float32), activation=array([[[21.337822  , -0.1491693 , -0.10197385, -0.06717525,
         -0.07688909, -0.09120708, -0.08393563, -0.07479876,
         -0.07536136, -0.09905721, -0.1364056 , -0.15782735,
         -0.11842414, -0.08629068, -0.10938227, -0.1589372 ,
         -0.1784776 ]]], dtype=float32), h_activation=array([[[ 1.3947372 ,  1.4963942 ,  1.4212117 ,  1.9371545 ,
          0.90128696,  1.2210518 , -0.00731216,  1.5029242 ,
          0.27260917,  1.3240087 ]]], dtype=float32), o_activation=array([[[21.337822  , -0.1491693 , -0.10197385, -0.06717525,
         -0.07688909, -0.09120708, -0.08393563, -0.07479876,
         -0.07536136, -0.09905721, -0.1364056 , -0.15782735,
         -0.11842414, -0.08629068, -0.10938227, -0.1589372 ,
         -0.1784776 ]]], dtype=float32), reward=1), transition(observation=array([[1., 0., 0., 0., 0., 0., 0., 0., 0., 0., 0., 0., 0., 0., 0., 0.,
        0., 0., 0., 0., 0., 0., 0., 0., 0., 0., 0., 0., 0., 0., 0., 0.,
        0., 1.]], dtype=float32), activation=array([[[20.68046   , -0.13755868, -0.10401591, -0.06871266,
         -0.07417372, -0.09812391, -0.0886594 , -0.07560153,
         -0.07856067, -0.10717329, -0.13592362, -0.1510574 ,
         -0.11374426, -0.09014434, -0.10846997, -0.14474139,
         -0.15768147]]], dtype=float32), h_activation=array([[[ 1.9113798 ,  1.9336143 ,  1.733639  ,  2.4304285 ,
          1.3138043 ,  1.6161711 , -0.00559584,  1.9876068 ,
          0.6261538 ,  1.7347419 ]]], dtype=float32), o_activation=array([[[20.68046   , -0.13755868, -0.10401591, -0.06871266,
         -0.07417372, -0.09812391, -0.0886594 , -0.07560153,
         -0.07856067, -0.10717329, -0.13592362, -0.1510574 ,
         -0.11374426, -0.09014434, -0.10846997, -0.14474139,
         -0.15768147]]], dtype=float32), reward=1), transition(observation=array([[ 1.0032834 ,  0.50784   ,  0.13730957, -0.01868542,  0.02252957,
        -0.11434675, -0.06016426,  0.03124402,  0.03926545,  0.08741427,
        -0.19090645,  0.04702132,  0.04483858,  0.09331478,  0.09125745,
         0.52631986,  0.6491604 ,  0.30530998,  0.02223291,  0.10144562,
         0.10073133, -0.07135127,  0.11376561,  0.06045592, -0.12986071,
         0.06695358, -0.01310763, -0.12489773,  0.16277736,  0.03232661,
         0.42878962,  0.71991235,  0.55790496,  1.        ]],
      dtype=float32), activation=array([[[28.75092   , -0.24563824, -0.17725529, -0.10988799,
         -0.1080619 , -0.12299955, -0.11481192, -0.12495079,
         -0.15127651, -0.16100621, -0.1505803 , -0.15191002,
         -0.14593624, -0.15412971, -0.18318479, -0.2427256 ,
         -0.2650468 ]]], dtype=float32), h_activation=array([[[3.4901593, 3.9121091, 4.609666 , 3.7034092, 2.752151 ,
         3.7822263, 2.5861592, 4.7813187, 0.7785013, 3.9982295]]],
      dtype=float32), o_activation=array([[[28.75092   , -0.24563824, -0.17725529, -0.10988799,
         -0.1080619 , -0.12299955, -0.11481192, -0.12495079,
         -0.15127651, -0.16100621, -0.1505803 , -0.15191002,
         -0.14593624, -0.15412971, -0.18318479, -0.2427256 ,
         -0.2650468 ]]], dtype=float32), reward=1), transition(observation=array([[ 8.30811262e-01,  3.97823066e-01,  1.67156845e-01,
        -5.97868636e-02, -4.62255590e-02,  3.20701860e-02,
        -1.38775669e-02,  1.22922428e-01,  1.03221778e-02,
        -1.06284596e-01, -8.75371546e-02, -5.48802838e-02,
         1.93914175e-01, -6.86015859e-02,  2.00855687e-01,
         4.94573653e-01,  8.05687070e-01,  3.01111400e-01,
        -3.67925577e-02, -8.33276426e-04, -1.29310071e-01,
         2.39300150e-02,  2.44065940e-01,  3.22688669e-02,
        -4.97011617e-02,  9.39637125e-02,  5.37064746e-02,
         9.03738290e-02,  6.48427457e-02,  1.03624232e-01,
         2.64734775e-01,  6.88337922e-01,  4.67551649e-01,
         1.00000000e+00]], dtype=float32), activation=array([[[24.987133  , -0.15192471, -0.14401084, -0.10696249,
         -0.10725013, -0.16331047, -0.1930589 , -0.18303908,
         -0.15878463, -0.17478044, -0.15272923, -0.11690291,
         -0.09054797, -0.1405515 , -0.15370621, -0.15192863,
         -0.14552449]]], dtype=float32), h_activation=array([[[4.2006907, 4.983563 , 7.1099253, 4.7560687, 3.2231119,
         5.337518 , 4.7600574, 6.9353304, 1.7442205, 5.110094 ]]],
      dtype=float32), o_activation=array([[[24.987133  , -0.15192471, -0.14401084, -0.10696249,
         -0.10725013, -0.16331047, -0.1930589 , -0.18303908,
         -0.15878463, -0.17478044, -0.15272923, -0.11690291,
         -0.09054797, -0.1405515 , -0.15370621, -0.15192863,
         -0.14552449]]], dtype=float32), reward=1), transition(observation=array([[ 1.1259842 ,  0.42806175,  0.22075039, -0.08281856, -0.30777997,
        -0.06125224, -0.15054137, -0.02949489, -0.00385182, -0.07766496,
        -0.02442687,  0.13991502, -0.07680251, -0.00955474,  0.12151295,
         0.54561824,  0.9521029 ,  0.11481913, -0.06322306,  0.0141127 ,
         0.02401894, -0.05923554,  0.00442504, -0.20191003,  0.08057619,
        -0.0709996 , -0.05298655, -0.11193395, -0.05316982, -0.01093052,
         0.32631385,  0.42823663,  0.5169611 ,  1.        ]],
      dtype=float32), activation=array([[[31.897602  , -0.14476311, -0.17291917, -0.1478509 ,
         -0.13605542, -0.19151308, -0.24596107, -0.25428703,
         -0.22876792, -0.2627789 , -0.21573843, -0.13623083,
         -0.09712345, -0.18074732, -0.17899315, -0.13570142,
         -0.11735418]]], dtype=float32), h_activation=array([[[4.9786634, 5.9659953, 9.044786 , 5.9587436, 5.1301847,
         6.796248 , 7.3940425, 8.962891 , 3.5344892, 6.8128486]]],
      dtype=float32), o_activation=array([[[31.897602  , -0.14476311, -0.17291917, -0.1478509 ,
         -0.13605542, -0.19151308, -0.24596107, -0.25428703,
         -0.22876792, -0.2627789 , -0.21573843, -0.13623083,
         -0.09712345, -0.18074732, -0.17899315, -0.13570142,
         -0.11735418]]], dtype=float32), reward=1), transition(observation=array([[ 0.8996184 ,  0.2986798 ,  0.02166594, -0.08285233,  0.03539714,
        -0.07116684, -0.13693275,  0.10500509, -0.02751178,  0.09208157,
         0.04972767,  0.23847593,  0.05243403,  0.0061736 ,  0.19843408,
         0.56466085,  0.8161093 ,  0.26528028,  0.01184092, -0.0517153 ,
         0.20301625,  0.0057577 , -0.12389251, -0.10700418, -0.03528524,
         0.1411207 ,  0.14403373,  0.09057645, -0.0385704 ,  0.17990966,
         0.43796283,  0.5680913 ,  0.5614302 ,  1.        ]],
      dtype=float32), activation=array([[[27.47107   , -0.0410409 , -0.12250507, -0.14916492,
         -0.1746507 , -0.25188345, -0.30832902, -0.30296078,
         -0.2520271 , -0.28511682, -0.21514873, -0.11319174,
         -0.077954  , -0.18806311, -0.15041102, -0.0372404 ,
          0.14137745]]], dtype=float32), h_activation=array([[[5.3449545, 6.867842 , 9.753872 , 7.4655504, 6.0294766,
         8.066855 , 9.038608 , 9.200596 , 4.5663   , 6.515285 ]]],
      dtype=float32), o_activation=array([[[27.47107   , -0.0410409 , -0.12250507, -0.14916492,
         -0.1746507 , -0.25188345, -0.30832902, -0.30296078,
         -0.2520271 , -0.28511682, -0.21514873, -0.11319174,
         -0.077954  , -0.18806311, -0.15041102, -0.0372404 ,
          0.14137745]]], dtype=float32), reward=1), transition(observation=array([[ 1.1011361 ,  0.349344  , -0.01986136,  0.05711081, -0.08634703,
        -0.04248049, -0.0655767 , -0.06222281,  0.09461169,  0.14287454,
         0.19036944, -0.08944731, -0.08172669,  0.09415445,  0.1384245 ,
         0.42635643,  0.67775315,  0.41346145,  0.2845783 , -0.18787138,
        -0.00434927,  0.1491493 ,  0.00596571,  0.01424598,  0.13556112,
         0.04674332, -0.06515165, -0.15495418, -0.09279865, -0.1264486 ,
         0.43582344,  0.64631885,  0.69524086,  1.        ]],
      dtype=float32), activation=array([[[ 3.0891357e+01, -4.9919594e-02, -1.6426659e-01, -1.8840697e-01,
         -1.9952106e-01, -2.9877716e-01, -3.6547366e-01, -3.4703022e-01,
         -2.8104109e-01, -2.8826958e-01, -1.9103745e-01, -9.6346416e-02,
         -6.9515303e-02, -1.9078977e-01, -1.4747620e-01, -9.8776007e-03,
          3.2081027e+00]]], dtype=float32), h_activation=array([[[ 5.1043425,  7.4388866, 10.113693 ,  7.400545 ,  7.2959833,
          7.3062   , 10.660193 ,  8.753228 ,  4.492316 ,  6.1610246]]],
      dtype=float32), o_activation=array([[[ 3.0891357e+01, -4.9919594e-02, -1.6426659e-01, -1.8840697e-01,
         -1.9952106e-01, -2.9877716e-01, -3.6547366e-01, -3.4703022e-01,
         -2.8104109e-01, -2.8826958e-01, -1.9103745e-01, -9.6346416e-02,
         -6.9515303e-02, -1.9078977e-01, -1.4747620e-01, -9.8776007e-03,
          3.2081027e+00]]], dtype=float32), reward=1), transition(observation=array([[0., 0., 0., 0., 0., 0., 0., 0., 0., 0., 0., 0., 0., 0., 0., 0.,
        0., 0., 0., 0., 0., 0., 0., 0., 0., 0., 0., 0., 0., 0., 0., 0.,
        0., 1.]], dtype=float32), activation=array([[[-6.3906305e-02,  1.9207191e+01,  1.6132921e+00, -3.3403292e-02,
         -4.5594513e-02, -1.9714643e-01, -2.7951971e-01, -2.2244012e-01,
         -1.0294111e-01, -6.8875164e-02, -4.4045351e-03,  4.0336814e+00,
          7.9137526e+00,  1.9644690e-01,  5.5420375e+00,  2.4526758e+01,
          3.1887419e+01]]], dtype=float32), h_activation=array([[[3.2963853, 5.277852 , 8.230482 , 5.743505 , 5.378064 ,
         5.0782967, 8.84256  , 6.0259323, 3.8079572, 4.5124373]]],
      dtype=float32), o_activation=array([[[-6.3906305e-02,  1.9207191e+01,  1.6132921e+00, -3.3403292e-02,
         -4.5594513e-02, -1.9714643e-01, -2.7951971e-01, -2.2244012e-01,
         -1.0294111e-01, -6.8875164e-02, -4.4045351e-03,  4.0336814e+00,
          7.9137526e+00,  1.9644690e-01,  5.5420375e+00,  2.4526758e+01,
          3.1887419e+01]]], dtype=float32), reward=1), transition(observation=array([[0., 0., 0., 0., 0., 0., 0., 0., 0., 0., 0., 0., 0., 0., 0., 0.,
        0., 0., 0., 0., 0., 0., 0., 0., 0., 0., 0., 0., 0., 0., 0., 0.,
        0., 1.]], dtype=float32), activation=array([[[-5.9780505e-02,  1.3614692e+01,  1.4909978e+00, -1.1304970e-02,
         -3.3247512e-02, -1.5271842e-01, -2.1111442e-01, -1.5736733e-01,
         -7.0142791e-02, -4.2945128e-02, -3.3108378e-03,  1.8172107e+00,
          5.2201576e+00,  6.8559170e-02,  3.4847441e+00,  1.8066336e+01,
          2.3778709e+01]]], dtype=float32), h_activation=array([[[2.0443416, 3.8439724, 6.960445 , 4.7520847, 3.837999 ,
         3.5574992, 6.9369006, 4.116645 , 2.944992 , 3.4094393]]],
      dtype=float32), o_activation=array([[[-5.9780505e-02,  1.3614692e+01,  1.4909978e+00, -1.1304970e-02,
         -3.3247512e-02, -1.5271842e-01, -2.1111442e-01, -1.5736733e-01,
         -7.0142791e-02, -4.2945128e-02, -3.3108378e-03,  1.8172107e+00,
          5.2201576e+00,  6.8559170e-02,  3.4847441e+00,  1.8066336e+01,
          2.3778709e+01]]], dtype=float32), reward=1)], success=True), configuration(episode=1, buffer=[transition(observation=array([[1., 0., 0., 0., 0., 0., 0., 0., 0., 0., 0., 0., 0., 0., 0., 0.,
        0., 0., 0., 0., 0., 0., 0., 0., 0., 0., 0., 0., 0., 0., 0., 0.,
        0., 1.]], dtype=float32), activation=array([[[22.06819   , -0.16423194, -0.09829667, -0.0684431 ,
         -0.08563564, -0.08378637, -0.07823429, -0.07916434,
         -0.07612116, -0.08751891, -0.13224255, -0.16178848,
         -0.12346218, -0.08102608, -0.10995874, -0.18023862,
         -0.20943384]]], dtype=float32), h_activation=array([[[ 0.7566331 ,  0.86678445,  0.876579  ,  1.1590619 ,
          0.4522693 ,  0.68814313, -0.00902339,  0.8538044 ,
          0.02913611,  0.7585149 ]]], dtype=float32), o_activation=array([[[22.06819   , -0.16423194, -0.09829667, -0.0684431 ,
         -0.08563564, -0.08378637, -0.07823429, -0.07916434,
         -0.07612116, -0.08751891, -0.13224255, -0.16178848,
         -0.12346218, -0.08102608, -0.10995874, -0.18023862,
         -0.20943384]]], dtype=float32), reward=1), transition(observation=array([[1., 0., 0., 0., 0., 0., 0., 0., 0., 0., 0., 0., 0., 0., 0., 0.,
        0., 0., 0., 0., 0., 0., 0., 0., 0., 0., 0., 0., 0., 0., 0., 0.,
        0., 1.]], dtype=float32), activation=array([[[21.337822  , -0.1491693 , -0.10197385, -0.06717525,
         -0.07688909, -0.09120708, -0.08393563, -0.07479876,
         -0.07536136, -0.09905721, -0.1364056 , -0.15782735,
         -0.11842414, -0.08629068, -0.10938227, -0.1589372 ,
         -0.1784776 ]]], dtype=float32), h_activation=array([[[ 1.3947372 ,  1.4963942 ,  1.4212117 ,  1.9371545 ,
          0.90128696,  1.2210518 , -0.00731216,  1.5029242 ,
          0.27260917,  1.3240087 ]]], dtype=float32), o_activation=array([[[21.337822  , -0.1491693 , -0.10197385, -0.06717525,
         -0.07688909, -0.09120708, -0.08393563, -0.07479876,
         -0.07536136, -0.09905721, -0.1364056 , -0.15782735,
         -0.11842414, -0.08629068, -0.10938227, -0.1589372 ,
         -0.1784776 ]]], dtype=float32), reward=1), transition(observation=array([[1., 0., 0., 0., 0., 0., 0., 0., 0., 0., 0., 0., 0., 0., 0., 0.,
        0., 0., 0., 0., 0., 0., 0., 0., 0., 0., 0., 0., 0., 0., 0., 0.,
        0., 1.]], dtype=float32), activation=array([[[20.68046   , -0.13755868, -0.10401591, -0.06871266,
         -0.07417372, -0.09812391, -0.0886594 , -0.07560153,
         -0.07856067, -0.10717329, -0.13592362, -0.1510574 ,
         -0.11374426, -0.09014434, -0.10846997, -0.14474139,
         -0.15768147]]], dtype=float32), h_activation=array([[[ 1.9113798 ,  1.9336143 ,  1.733639  ,  2.4304285 ,
          1.3138043 ,  1.6161711 , -0.00559584,  1.9876068 ,
          0.6261538 ,  1.7347419 ]]], dtype=float32), o_activation=array([[[20.68046   , -0.13755868, -0.10401591, -0.06871266,
         -0.07417372, -0.09812391, -0.0886594 , -0.07560153,
         -0.07856067, -0.10717329, -0.13592362, -0.1510574 ,
         -0.11374426, -0.09014434, -0.10846997, -0.14474139,
         -0.15768147]]], dtype=float32), reward=1), transition(observation=array([[ 1.00890517e+00,  7.27168843e-02,  9.43413973e-02,
         1.95154980e-01,  3.23151099e-03,  9.30629075e-02,
         2.58084647e-02,  1.40913978e-01,  4.52770740e-01,
         6.61153078e-01,  5.36589265e-01,  3.38298708e-01,
         1.33237420e-02, -5.90159148e-02, -7.27528483e-02,
         1.35147989e-01,  6.77459389e-02,  2.04516321e-01,
         1.10280164e-01,  9.02018161e-04, -1.21518686e-01,
        -1.11951381e-02, -3.93324718e-02,  1.06698334e-01,
         2.95060128e-01,  4.57455635e-01,  2.93118060e-01,
         1.27083004e-01, -1.91858903e-01, -1.00165293e-01,
        -7.41491467e-03,  6.92865327e-02,  4.18108180e-02,
         1.00000000e+00]], dtype=float32), activation=array([[[32.81866   , -0.17025535, -0.14863953, -0.11398473,
         -0.13682385, -0.14259548, -0.13678797, -0.14506994,
         -0.19558202, -0.24361901, -0.26035464, -0.24241617,
         -0.17563795, -0.13211587, -0.13789305, -0.1707562 ,
         -0.19244304]]], dtype=float32), h_activation=array([[[ 1.9217107e+00,  3.3266940e+00, -3.2358735e-03,  3.5860329e+00,
          3.5881281e+00,  2.7301645e+00,  8.4319168e-01, -2.3802684e-03,
          2.6199493e+00,  3.7508883e+00]]], dtype=float32), o_activation=array([[[32.81866   , -0.17025535, -0.14863953, -0.11398473,
         -0.13682385, -0.14259548, -0.13678797, -0.14506994,
         -0.19558202, -0.24361901, -0.26035464, -0.24241617,
         -0.17563795, -0.13211587, -0.13789305, -0.1707562 ,
         -0.19244304]]], dtype=float32), reward=1), transition(observation=array([[ 1.0929549 ,  0.1002842 , -0.08521152, -0.11959105,  0.18538639,
         0.03380593,  0.09202568,  0.10109887,  0.46783635,  0.72288203,
         0.5264096 ,  0.12086178, -0.12020874,  0.10506909,  0.17252329,
         0.2307258 ,  0.1057336 ,  0.11701007,  0.16255389,  0.32795757,
         0.04021231, -0.03424566, -0.00461636, -0.02881136,  0.54118353,
         0.4885448 ,  0.43574998,  0.02364862, -0.08735141, -0.00567761,
         0.03294992, -0.05996821,  0.05099227,  1.        ]],
      dtype=float32), activation=array([[[32.69146   , -0.16678907, -0.15667894, -0.1389758 ,
         -0.17980596, -0.21226665, -0.20602934, -0.15049829,
         -0.14659181, -0.14515035, -0.1713836 , -0.19862096,
         -0.19197485, -0.20908664, -0.19610918, -0.20912479,
         -0.21055219]]], dtype=float32), h_activation=array([[[ 1.195344  ,  5.899339  , -0.00787158,  3.7833104 ,
          6.1594653 ,  3.7296302 ,  1.4541528 , -0.01389523,
          3.078833  ,  3.909101  ]]], dtype=float32), o_activation=array([[[32.69146   , -0.16678907, -0.15667894, -0.1389758 ,
         -0.17980596, -0.21226665, -0.20602934, -0.15049829,
         -0.14659181, -0.14515035, -0.1713836 , -0.19862096,
         -0.19197485, -0.20908664, -0.19610918, -0.20912479,
         -0.21055219]]], dtype=float32), reward=1), transition(observation=array([[ 0.9514677 ,  0.17589054,  0.04842103,  0.1882005 ,  0.06206981,
         0.13427386, -0.03389334,  0.009639  ,  0.35236695,  0.83341163,
         0.32225323,  0.01155641,  0.11044518,  0.13507405, -0.04046632,
        -0.05607924,  0.0020312 , -0.01404628, -0.00729225,  0.1352597 ,
        -0.09698835, -0.00289512, -0.09843561,  0.00924552,  0.38602737,
         0.7084375 ,  0.397723  ,  0.07189642,  0.0984887 ,  0.05813314,
         0.08211824,  0.10297021, -0.05425062,  1.        ]],
      dtype=float32), activation=array([[[24.898075  , -0.14055687, -0.18194774, -0.1979892 ,
         -0.19549093, -0.21794502, -0.20371482, -0.12470812,
         -0.08396904, -0.04183323, -0.09822354, -0.17966014,
         -0.19024642, -0.17143112, -0.12963323, -0.13904071,
         -0.15186869]]], dtype=float32), h_activation=array([[[ 1.6679893 ,  6.547096  , -0.01257574,  2.1299243 ,
          7.2023606 ,  3.2669039 ,  2.5576005 , -0.01857024,
          2.5372849 ,  4.8323083 ]]], dtype=float32), o_activation=array([[[24.898075  , -0.14055687, -0.18194774, -0.1979892 ,
         -0.19549093, -0.21794502, -0.20371482, -0.12470812,
         -0.08396904, -0.04183323, -0.09822354, -0.17966014,
         -0.19024642, -0.17143112, -0.12963323, -0.13904071,
         -0.15186869]]], dtype=float32), reward=1), transition(observation=array([[ 0.88751125, -0.09187506,  0.0749083 ,  0.05371846,  0.07089046,
         0.00926095, -0.11858916,  0.14693618,  0.41441977,  0.5635032 ,
         0.34170446,  0.05105218,  0.07939944, -0.07285651, -0.04643785,
        -0.15179618, -0.02968139, -0.11939988, -0.03049578,  0.05305618,
         0.29651806, -0.09839508,  0.11441797,  0.16626976,  0.32077762,
         0.75557554,  0.53231233,  0.05760426,  0.02564677, -0.12005765,
         0.22882013, -0.20516214, -0.04662617,  1.        ]],
      dtype=float32), activation=array([[[20.972265  , -0.06389266, -0.12389243, -0.17217617,
         -0.17292298, -0.21171051, -0.23384002, -0.15561362,
         -0.05850578,  1.8175422 , -0.06560138, -0.16685925,
         -0.15095916, -0.12372659, -0.10097365, -0.11448089,
         -0.10647058]]], dtype=float32), h_activation=array([[[ 1.091799  ,  5.9839325 , -0.016357  ,  2.0173588 ,
          7.1275506 ,  3.210229  ,  2.4150836 , -0.02491573,
          2.352024  ,  5.29887   ]]], dtype=float32), o_activation=array([[[20.972265  , -0.06389266, -0.12389243, -0.17217617,
         -0.17292298, -0.21171051, -0.23384002, -0.15561362,
         -0.05850578,  1.8175422 , -0.06560138, -0.16685925,
         -0.15095916, -0.12372659, -0.10097365, -0.11448089,
         -0.10647058]]], dtype=float32), reward=1), transition(observation=array([[ 1.1758962 ,  0.09663222,  0.2182593 , -0.03698719,  0.02640489,
        -0.07964934,  0.04482752, -0.0030631 ,  0.31491435,  0.47291702,
         0.3442483 ,  0.07445703,  0.03732973,  0.05249988,  0.06782962,
        -0.02988712, -0.09656287,  0.01023832,  0.12217275,  0.09052283,
        -0.05310181,  0.05876225,  0.16583912,  0.33947575,  0.3833461 ,
         0.55798995,  0.44633356, -0.03342289,  0.15328993, -0.02898464,
        -0.01453379, -0.0369855 , -0.09904262,  1.        ]],
      dtype=float32), activation=array([[[ 2.9777557e+01, -1.2145506e-01, -1.5959041e-01, -2.0899311e-01,
         -2.2112200e-01, -2.5402367e-01, -2.6029545e-01, -1.7046580e-01,
         -7.7354945e-02, -1.6322773e-02, -1.0202705e-01, -2.0571145e-01,
         -2.0336324e-01, -1.8744062e-01, -1.5152809e-01, -1.7559612e-01,
         -1.7454357e-01]]], dtype=float32), h_activation=array([[[ 0.9923744 ,  5.549607  , -0.0108387 ,  1.4612396 ,
          8.046183  ,  3.0852785 ,  2.1466684 , -0.00815887,
          2.7988598 ,  5.875407  ]]], dtype=float32), o_activation=array([[[ 2.9777557e+01, -1.2145506e-01, -1.5959041e-01, -2.0899311e-01,
         -2.2112200e-01, -2.5402367e-01, -2.6029545e-01, -1.7046580e-01,
         -7.7354945e-02, -1.6322773e-02, -1.0202705e-01, -2.0571145e-01,
         -2.0336324e-01, -1.8744062e-01, -1.5152809e-01, -1.7559612e-01,
         -1.7454357e-01]]], dtype=float32), reward=1), transition(observation=array([[0., 0., 0., 0., 0., 0., 0., 0., 0., 0., 0., 0., 0., 0., 0., 0.,
        0., 0., 0., 0., 0., 0., 0., 0., 0., 0., 0., 0., 0., 0., 0., 0.,
        0., 1.]], dtype=float32), activation=array([[[-1.0374048e-01,  5.5952044e+00,  1.4754956e+00, -6.2695980e-02,
         -9.1075249e-02, -1.3678871e-01, -1.0957943e-01,  7.3877716e-01,
          1.2126019e+01,  1.8788935e+01,  1.0597462e+01, -3.1268597e-03,
         -2.7812876e-02, -2.1609683e-02,  1.1747288e+00, -2.9231214e-03,
          8.8402939e-01]]], dtype=float32), h_activation=array([[[0.65747595, 4.0475836 , 0.01527625, 1.2661235 , 5.996551  ,
         2.3756187 , 2.1637845 , 0.09718588, 2.620605  , 4.6258636 ]]],
      dtype=float32), o_activation=array([[[-1.0374048e-01,  5.5952044e+00,  1.4754956e+00, -6.2695980e-02,
         -9.1075249e-02, -1.3678871e-01, -1.0957943e-01,  7.3877716e-01,
          1.2126019e+01,  1.8788935e+01,  1.0597462e+01, -3.1268597e-03,
         -2.7812876e-02, -2.1609683e-02,  1.1747288e+00, -2.9231214e-03,
          8.8402939e-01]]], dtype=float32), reward=1), transition(observation=array([[0., 0., 0., 0., 0., 0., 0., 0., 0., 0., 0., 0., 0., 0., 0., 0.,
        0., 0., 0., 0., 0., 0., 0., 0., 0., 0., 0., 0., 0., 0., 0., 0.,
        0., 1.]], dtype=float32), activation=array([[[-9.40466896e-02,  3.58742809e+00,  1.94038224e+00,
         -3.53581235e-02, -6.51143789e-02, -1.01030596e-01,
         -8.43327790e-02,  1.33196592e-01,  9.16078186e+00,
          1.42105246e+01,  7.79012823e+00, -4.23625438e-03,
         -2.23972462e-02, -1.89309400e-02,  8.18051219e-01,
         -3.15897935e-03, -1.77458755e-03]]], dtype=float32), h_activation=array([[[0.40690655, 3.0154746 , 0.22947526, 1.2709322 , 4.387981  ,
         1.8518945 , 1.9228704 , 0.16243714, 2.2615805 , 3.7234192 ]]],
      dtype=float32), o_activation=array([[[-9.40466896e-02,  3.58742809e+00,  1.94038224e+00,
         -3.53581235e-02, -6.51143789e-02, -1.01030596e-01,
         -8.43327790e-02,  1.33196592e-01,  9.16078186e+00,
          1.42105246e+01,  7.79012823e+00, -4.23625438e-03,
         -2.23972462e-02, -1.89309400e-02,  8.18051219e-01,
         -3.15897935e-03, -1.77458755e-03]]], dtype=float32), reward=1)], success=True), configuration(episode=2, buffer=[transition(observation=array([[1., 0., 0., 0., 0., 0., 0., 0., 0., 0., 0., 0., 0., 0., 0., 0.,
        0., 0., 0., 0., 0., 0., 0., 0., 0., 0., 0., 0., 0., 0., 0., 0.,
        0., 1.]], dtype=float32), activation=array([[[22.06819   , -0.16423194, -0.09829667, -0.0684431 ,
         -0.08563564, -0.08378637, -0.07823429, -0.07916434,
         -0.07612116, -0.08751891, -0.13224255, -0.16178848,
         -0.12346218, -0.08102608, -0.10995874, -0.18023862,
         -0.20943384]]], dtype=float32), h_activation=array([[[ 0.7566331 ,  0.86678445,  0.876579  ,  1.1590619 ,
          0.4522693 ,  0.68814313, -0.00902339,  0.8538044 ,
          0.02913611,  0.7585149 ]]], dtype=float32), o_activation=array([[[22.06819   , -0.16423194, -0.09829667, -0.0684431 ,
         -0.08563564, -0.08378637, -0.07823429, -0.07916434,
         -0.07612116, -0.08751891, -0.13224255, -0.16178848,
         -0.12346218, -0.08102608, -0.10995874, -0.18023862,
         -0.20943384]]], dtype=float32), reward=1), transition(observation=array([[1., 0., 0., 0., 0., 0., 0., 0., 0., 0., 0., 0., 0., 0., 0., 0.,
        0., 0., 0., 0., 0., 0., 0., 0., 0., 0., 0., 0., 0., 0., 0., 0.,
        0., 1.]], dtype=float32), activation=array([[[21.337822  , -0.1491693 , -0.10197385, -0.06717525,
         -0.07688909, -0.09120708, -0.08393563, -0.07479876,
         -0.07536136, -0.09905721, -0.1364056 , -0.15782735,
         -0.11842414, -0.08629068, -0.10938227, -0.1589372 ,
         -0.1784776 ]]], dtype=float32), h_activation=array([[[ 1.3947372 ,  1.4963942 ,  1.4212117 ,  1.9371545 ,
          0.90128696,  1.2210518 , -0.00731216,  1.5029242 ,
          0.27260917,  1.3240087 ]]], dtype=float32), o_activation=array([[[21.337822  , -0.1491693 , -0.10197385, -0.06717525,
         -0.07688909, -0.09120708, -0.08393563, -0.07479876,
         -0.07536136, -0.09905721, -0.1364056 , -0.15782735,
         -0.11842414, -0.08629068, -0.10938227, -0.1589372 ,
         -0.1784776 ]]], dtype=float32), reward=1), transition(observation=array([[1., 0., 0., 0., 0., 0., 0., 0., 0., 0., 0., 0., 0., 0., 0., 0.,
        0., 0., 0., 0., 0., 0., 0., 0., 0., 0., 0., 0., 0., 0., 0., 0.,
        0., 1.]], dtype=float32), activation=array([[[20.68046   , -0.13755868, -0.10401591, -0.06871266,
         -0.07417372, -0.09812391, -0.0886594 , -0.07560153,
         -0.07856067, -0.10717329, -0.13592362, -0.1510574 ,
         -0.11374426, -0.09014434, -0.10846997, -0.14474139,
         -0.15768147]]], dtype=float32), h_activation=array([[[ 1.9113798 ,  1.9336143 ,  1.733639  ,  2.4304285 ,
          1.3138043 ,  1.6161711 , -0.00559584,  1.9876068 ,
          0.6261538 ,  1.7347419 ]]], dtype=float32), o_activation=array([[[20.68046   , -0.13755868, -0.10401591, -0.06871266,
         -0.07417372, -0.09812391, -0.0886594 , -0.07560153,
         -0.07856067, -0.10717329, -0.13592362, -0.1510574 ,
         -0.11374426, -0.09014434, -0.10846997, -0.14474139,
         -0.15768147]]], dtype=float32), reward=1), transition(observation=array([[ 9.92126226e-01, -1.02948785e-01, -1.14862114e-01,
        -5.82572483e-02,  1.11166395e-01, -9.26667005e-02,
        -1.16059249e-02,  1.58618346e-01,  8.08007866e-02,
         5.56336790e-02,  1.49623177e-03,  1.13794096e-01,
         6.07370019e-01,  5.20860016e-01,  4.20582116e-01,
         6.53249323e-02,  2.50118114e-02, -1.83850795e-01,
        -2.57957652e-02, -1.45111233e-02, -1.41561225e-01,
        -1.46761581e-01,  7.19429851e-02,  2.72668809e-01,
        -1.34026423e-01, -9.63418570e-04,  2.58520484e-01,
         3.06352139e-01,  3.03018659e-01,  6.58151805e-01,
         2.90508747e-01, -1.17848463e-01,  3.38759050e-02,
         1.00000000e+00]], dtype=float32), activation=array([[[26.61436   , -0.13829455, -0.11539282, -0.07565827,
         -0.09136499, -0.12098852, -0.11901893, -0.11147871,
         -0.11324587, -0.15401693, -0.19240123, -0.21518996,
         -0.2065827 , -0.19563234, -0.1943059 , -0.19188474,
         -0.16403565]]], dtype=float32), h_activation=array([[[ 3.7602406e+00,  1.5349985e+00,  2.8948686e+00,  2.5517054e+00,
          2.6574318e+00,  4.7676821e+00, -1.0489554e-02,  2.4008348e+00,
         -2.6507745e-03,  8.0975890e-02]]], dtype=float32), o_activation=array([[[26.61436   , -0.13829455, -0.11539282, -0.07565827,
         -0.09136499, -0.12098852, -0.11901893, -0.11147871,
         -0.11324587, -0.15401693, -0.19240123, -0.21518996,
         -0.2065827 , -0.19563234, -0.1943059 , -0.19188474,
         -0.16403565]]], dtype=float32), reward=1), transition(observation=array([[ 1.1314882 , -0.00846758, -0.0631353 , -0.1158799 ,  0.1430516 ,
         0.0914778 , -0.15350634, -0.03987247, -0.13187994,  0.00677835,
         0.28518856,  0.18984157,  0.36469135,  0.73936003,  0.45404816,
         0.00769298, -0.11805232, -0.03254339, -0.09057425,  0.02439276,
        -0.01042922, -0.14552547,  0.0928627 ,  0.00200978,  0.07138699,
         0.28141826,  0.4124936 ,  0.18282609,  0.33331177,  0.4642392 ,
         0.23630343,  0.31163663,  0.1480935 ,  1.        ]],
      dtype=float32), activation=array([[[31.29477   , -0.15680583, -0.18336385, -0.15111029,
         -0.15848596, -0.18726254, -0.15306288, -0.1208363 ,
         -0.11699545, -0.17806318, -0.22513604, -0.22309034,
         -0.16388783, -0.13217956, -0.17764373, -0.19219215,
         -0.1550469 ]]], dtype=float32), h_activation=array([[[ 6.0137448e+00,  2.3520358e+00,  3.1246402e+00,  2.2421741e+00,
          5.0249715e+00,  5.6341238e+00, -1.5767822e-02,  3.9947224e+00,
         -5.8415957e-04, -1.6296212e-02]]], dtype=float32), o_activation=array([[[31.29477   , -0.15680583, -0.18336385, -0.15111029,
         -0.15848596, -0.18726254, -0.15306288, -0.1208363 ,
         -0.11699545, -0.17806318, -0.22513604, -0.22309034,
         -0.16388783, -0.13217956, -0.17764373, -0.19219215,
         -0.1550469 ]]], dtype=float32), reward=1), transition(observation=array([[ 1.0547624e+00,  1.1160017e-03,  1.0972610e-01, -1.4277668e-01,
         1.0111735e-01, -2.2783142e-02,  2.6077997e-02, -6.4850211e-02,
        -8.9064538e-02, -5.1691577e-02,  1.0863751e-01,  1.6469865e-01,
         4.9782208e-01,  7.9827172e-01,  3.8326487e-01,  8.6170577e-02,
         3.2698862e-02,  7.0421427e-02, -4.7803172e-03, -1.7271088e-01,
        -1.9661221e-01, -4.2951212e-04,  6.2837638e-02, -2.2234912e-01,
         4.7869679e-02,  7.1146265e-02,  3.3201861e-01,  2.6024157e-01,
         3.9606696e-01,  5.7395661e-01,  9.0249538e-02, -3.3969276e-02,
         1.4897054e-01,  1.0000000e+00]], dtype=float32), activation=array([[[31.491009  , -0.14521764, -0.18624383, -0.16064247,
         -0.1712317 , -0.22538699, -0.19382551, -0.18003206,
         -0.1630759 , -0.1718358 , -0.19089559, -0.19828196,
         -0.13289028, -0.07761087, -0.14638989, -0.20380242,
         -0.15762132]]], dtype=float32), h_activation=array([[[ 7.8857303e+00,  2.0555584e+00,  3.9737227e+00,  1.3395157e+00,
          6.4247303e+00,  6.6080546e+00, -2.9002242e-03,  5.4785862e+00,
          3.0300197e-01, -1.2956228e-02]]], dtype=float32), o_activation=array([[[31.491009  , -0.14521764, -0.18624383, -0.16064247,
         -0.1712317 , -0.22538699, -0.19382551, -0.18003206,
         -0.1630759 , -0.1718358 , -0.19089559, -0.19828196,
         -0.13289028, -0.07761087, -0.14638989, -0.20380242,
         -0.15762132]]], dtype=float32), reward=1), transition(observation=array([[ 1.1796396 ,  0.03666831,  0.0384538 ,  0.07743136, -0.12157368,
         0.15332195, -0.14364704,  0.05778113, -0.0151973 ,  0.03295443,
        -0.04801793,  0.10718387,  0.32966924,  0.8083932 ,  0.21129444,
         0.09311892,  0.03255577, -0.04774479, -0.01904075, -0.15202074,
         0.169748  ,  0.09239282, -0.1612022 , -0.05852729,  0.07457468,
         0.28317377,  0.42186967,  0.1907286 ,  0.08751731,  0.5775598 ,
         0.2647339 ,  0.03843927,  0.03680588,  1.        ]],
      dtype=float32), activation=array([[[ 3.45088577e+01, -1.38149589e-01, -1.89883813e-01,
         -1.93270341e-01, -2.14413583e-01, -2.66176194e-01,
         -2.23344430e-01, -2.40121543e-01, -2.28656903e-01,
         -2.14890555e-01, -1.97699502e-01, -1.74969912e-01,
         -8.45029652e-02, -2.26364173e-02, -1.22058034e-01,
         -2.13402763e-01, -1.69060111e-01]]], dtype=float32), h_activation=array([[[ 8.70233822e+00,  1.64178872e+00,  4.44203186e+00,
          1.93735838e-01,  7.18405628e+00,  6.69342279e+00,
          5.29625237e-01,  5.98430824e+00,  1.12166286e-01,
         -7.29360338e-03]]], dtype=float32), o_activation=array([[[ 3.45088577e+01, -1.38149589e-01, -1.89883813e-01,
         -1.93270341e-01, -2.14413583e-01, -2.66176194e-01,
         -2.23344430e-01, -2.40121543e-01, -2.28656903e-01,
         -2.14890555e-01, -1.97699502e-01, -1.74969912e-01,
         -8.45029652e-02, -2.26364173e-02, -1.22058034e-01,
         -2.13402763e-01, -1.69060111e-01]]], dtype=float32), reward=1), transition(observation=array([[ 0.93667865, -0.04089858,  0.15847293, -0.10428682, -0.02959059,
        -0.20130898, -0.17113139,  0.09910151,  0.19677985,  0.1373655 ,
         0.19893852,  0.26382253,  0.38718933,  0.5842286 ,  0.48056838,
         0.13545705,  0.1707464 ,  0.09596886, -0.09705254, -0.09321716,
        -0.12735671,  0.02700428, -0.13876216,  0.21273614, -0.03612402,
         0.20186447,  0.33032537,  0.27595988,  0.2417748 ,  0.25225994,
         0.26945153, -0.03484087, -0.15426855,  1.        ]],
      dtype=float32), activation=array([[[32.29541   , -0.10040529, -0.15428832, -0.1656594 ,
         -0.20123231, -0.25092524, -0.21829925, -0.26451328,
         -0.26551184, -0.24861051, -0.22196887, -0.17817993,
         -0.05912156,  1.4640524 , -0.10591558, -0.21216692,
         -0.15163593]]], dtype=float32), h_activation=array([[[ 8.7946987e+00,  1.2831631e+00,  4.0558896e+00,  7.3577446e-01,
          9.1154623e+00,  8.2023697e+00,  1.5519609e+00,  5.7316656e+00,
          6.4001095e-01, -1.8971082e-03]]], dtype=float32), o_activation=array([[[32.29541   , -0.10040529, -0.15428832, -0.1656594 ,
         -0.20123231, -0.25092524, -0.21829925, -0.26451328,
         -0.26551184, -0.24861051, -0.22196887, -0.17817993,
         -0.05912156,  1.4640524 , -0.10591558, -0.21216692,
         -0.15163593]]], dtype=float32), reward=1), transition(observation=array([[0., 0., 0., 0., 0., 0., 0., 0., 0., 0., 0., 0., 0., 0., 0., 0.,
        0., 0., 0., 0., 0., 0., 0., 0., 0., 0., 0., 0., 0., 0., 0., 0.,
        0., 1.]], dtype=float32), activation=array([[[-2.5986223e-02,  5.5063267e+00, -2.4103532e-02, -7.2263733e-02,
         -1.2654600e-01, -2.1845219e-01, -1.5085588e-01, -1.3601793e-01,
         -9.2776977e-02, -3.9691228e-02,  6.0057783e-01,  4.7593808e+00,
          1.7466990e+01,  2.5500767e+01,  1.3144224e+01,  2.0284696e+00,
          4.4151568e+00]]], dtype=float32), h_activation=array([[[6.751119 , 1.0040317, 2.94852  , 0.4387839, 7.0414834,
         5.848857 , 2.5960698, 4.3719206, 1.4694088, 0.0340741]]],
      dtype=float32), o_activation=array([[[-2.5986223e-02,  5.5063267e+00, -2.4103532e-02, -7.2263733e-02,
         -1.2654600e-01, -2.1845219e-01, -1.5085588e-01, -1.3601793e-01,
         -9.2776977e-02, -3.9691228e-02,  6.0057783e-01,  4.7593808e+00,
          1.7466990e+01,  2.5500767e+01,  1.3144224e+01,  2.0284696e+00,
          4.4151568e+00]]], dtype=float32), reward=1), transition(observation=array([[0., 0., 0., 0., 0., 0., 0., 0., 0., 0., 0., 0., 0., 0., 0., 0.,
        0., 0., 0., 0., 0., 0., 0., 0., 0., 0., 0., 0., 0., 0., 0., 0.,
        0., 1.]], dtype=float32), activation=array([[[-2.8338956e-02,  4.2658787e+00, -5.4017566e-03, -4.0563736e-02,
         -9.1768876e-02, -1.6709551e-01, -1.3994431e-01, -1.4256613e-01,
         -9.0404868e-02, -2.0029554e-02,  1.7858434e+00,  3.9026690e+00,
          1.3210928e+01,  1.9149281e+01,  9.5549164e+00,  1.1916852e+00,
          3.0142732e+00]]], dtype=float32), h_activation=array([[[5.039443  , 0.81936383, 2.429216  , 0.45618996, 5.2719173 ,
         4.12274   , 2.913032  , 3.2784019 , 1.6236186 , 0.09457682]]],
      dtype=float32), o_activation=array([[[-2.8338956e-02,  4.2658787e+00, -5.4017566e-03, -4.0563736e-02,
         -9.1768876e-02, -1.6709551e-01, -1.3994431e-01, -1.4256613e-01,
         -9.0404868e-02, -2.0029554e-02,  1.7858434e+00,  3.9026690e+00,
          1.3210928e+01,  1.9149281e+01,  9.5549164e+00,  1.1916852e+00,
          3.0142732e+00]]], dtype=float32), reward=1)], success=True), configuration(episode=3, buffer=[transition(observation=array([[1., 0., 0., 0., 0., 0., 0., 0., 0., 0., 0., 0., 0., 0., 0., 0.,
        0., 0., 0., 0., 0., 0., 0., 0., 0., 0., 0., 0., 0., 0., 0., 0.,
        0., 1.]], dtype=float32), activation=array([[[22.06819   , -0.16423194, -0.09829667, -0.0684431 ,
         -0.08563564, -0.08378637, -0.07823429, -0.07916434,
         -0.07612116, -0.08751891, -0.13224255, -0.16178848,
         -0.12346218, -0.08102608, -0.10995874, -0.18023862,
         -0.20943384]]], dtype=float32), h_activation=array([[[ 0.7566331 ,  0.86678445,  0.876579  ,  1.1590619 ,
          0.4522693 ,  0.68814313, -0.00902339,  0.8538044 ,
          0.02913611,  0.7585149 ]]], dtype=float32), o_activation=array([[[22.06819   , -0.16423194, -0.09829667, -0.0684431 ,
         -0.08563564, -0.08378637, -0.07823429, -0.07916434,
         -0.07612116, -0.08751891, -0.13224255, -0.16178848,
         -0.12346218, -0.08102608, -0.10995874, -0.18023862,
         -0.20943384]]], dtype=float32), reward=1), transition(observation=array([[1., 0., 0., 0., 0., 0., 0., 0., 0., 0., 0., 0., 0., 0., 0., 0.,
        0., 0., 0., 0., 0., 0., 0., 0., 0., 0., 0., 0., 0., 0., 0., 0.,
        0., 1.]], dtype=float32), activation=array([[[21.337822  , -0.1491693 , -0.10197385, -0.06717525,
         -0.07688909, -0.09120708, -0.08393563, -0.07479876,
         -0.07536136, -0.09905721, -0.1364056 , -0.15782735,
         -0.11842414, -0.08629068, -0.10938227, -0.1589372 ,
         -0.1784776 ]]], dtype=float32), h_activation=array([[[ 1.3947372 ,  1.4963942 ,  1.4212117 ,  1.9371545 ,
          0.90128696,  1.2210518 , -0.00731216,  1.5029242 ,
          0.27260917,  1.3240087 ]]], dtype=float32), o_activation=array([[[21.337822  , -0.1491693 , -0.10197385, -0.06717525,
         -0.07688909, -0.09120708, -0.08393563, -0.07479876,
         -0.07536136, -0.09905721, -0.1364056 , -0.15782735,
         -0.11842414, -0.08629068, -0.10938227, -0.1589372 ,
         -0.1784776 ]]], dtype=float32), reward=1), transition(observation=array([[1., 0., 0., 0., 0., 0., 0., 0., 0., 0., 0., 0., 0., 0., 0., 0.,
        0., 0., 0., 0., 0., 0., 0., 0., 0., 0., 0., 0., 0., 0., 0., 0.,
        0., 1.]], dtype=float32), activation=array([[[20.68046   , -0.13755868, -0.10401591, -0.06871266,
         -0.07417372, -0.09812391, -0.0886594 , -0.07560153,
         -0.07856067, -0.10717329, -0.13592362, -0.1510574 ,
         -0.11374426, -0.09014434, -0.10846997, -0.14474139,
         -0.15768147]]], dtype=float32), h_activation=array([[[ 1.9113798 ,  1.9336143 ,  1.733639  ,  2.4304285 ,
          1.3138043 ,  1.6161711 , -0.00559584,  1.9876068 ,
          0.6261538 ,  1.7347419 ]]], dtype=float32), o_activation=array([[[20.68046   , -0.13755868, -0.10401591, -0.06871266,
         -0.07417372, -0.09812391, -0.0886594 , -0.07560153,
         -0.07856067, -0.10717329, -0.13592362, -0.1510574 ,
         -0.11374426, -0.09014434, -0.10846997, -0.14474139,
         -0.15768147]]], dtype=float32), reward=1), transition(observation=array([[ 1.1078343 , -0.0394105 , -0.07260829,  0.04908272, -0.05594433,
        -0.03958755, -0.09270809, -0.04168436, -0.06766918, -0.11310872,
         0.06218302,  0.5720984 ,  0.70001453,  0.28209114,  0.21791045,
         0.12863669, -0.07047109,  0.02991314, -0.00819372, -0.07350435,
         0.14292037, -0.11151998, -0.09701391, -0.11915562,  0.00601394,
         0.03007089,  0.19991262,  0.8297076 ,  0.6569802 ,  0.4043885 ,
         0.00149699,  0.04459254, -0.19147971,  1.        ]],
      dtype=float32), activation=array([[[29.03136   , -0.15003896, -0.13175625, -0.09275124,
         -0.10340796, -0.12024973, -0.11672886, -0.10287525,
         -0.10083918, -0.15546758, -0.22631782, -0.25506896,
         -0.22811764, -0.20200366, -0.19144912, -0.18335904,
         -0.1709881 ]]], dtype=float32), h_activation=array([[[ 4.8961287 ,  0.9938776 ,  1.6096678 ,  3.481041  ,
          2.1423383 ,  5.794581  , -0.01064776,  3.170646  ,
          2.1973085 ,  1.2963538 ]]], dtype=float32), o_activation=array([[[29.03136   , -0.15003896, -0.13175625, -0.09275124,
         -0.10340796, -0.12024973, -0.11672886, -0.10287525,
         -0.10083918, -0.15546758, -0.22631782, -0.25506896,
         -0.22811764, -0.20200366, -0.19144912, -0.18335904,
         -0.1709881 ]]], dtype=float32), reward=1), transition(observation=array([[ 1.02789950e+00,  3.88700776e-02,  1.22226831e-02,
        -1.25867590e-01,  1.04545020e-01,  3.18485722e-02,
         6.02935813e-02, -1.29546955e-01,  7.10639032e-03,
        -2.03824162e-01,  1.86565429e-01,  6.49433255e-01,
         5.69897056e-01,  1.80697486e-01,  9.48519409e-02,
         2.38193069e-02,  1.39534131e-01, -9.57631469e-02,
        -4.49358001e-02, -1.21336125e-01, -1.90248626e-04,
        -1.05084653e-03,  8.59878659e-02, -2.57634539e-02,
         6.31841049e-02,  1.97490841e-01, -6.61162939e-03,
         5.40706396e-01,  6.49080753e-01,  4.93699253e-01,
        -3.17054912e-02,  2.28377044e-01,  8.60577002e-02,
         1.00000000e+00]], dtype=float32), activation=array([[[28.04065   , -0.16144262, -0.16889295, -0.13901952,
         -0.15286203, -0.17627382, -0.15103681, -0.1459822 ,
         -0.13560306, -0.19135667, -0.21359085, -0.16551937,
         -0.12361666, -0.13775286, -0.14881405, -0.13987708,
         -0.15183891]]], dtype=float32), h_activation=array([[[ 7.2866688e+00,  1.2406039e+00,  1.7928727e+00,  4.0484796e+00,
          2.5368826e+00,  7.9883819e+00, -6.9644093e-03,  3.9480221e+00,
          4.6860166e+00,  1.7829061e+00]]], dtype=float32), o_activation=array([[[28.04065   , -0.16144262, -0.16889295, -0.13901952,
         -0.15286203, -0.17627382, -0.15103681, -0.1459822 ,
         -0.13560306, -0.19135667, -0.21359085, -0.16551937,
         -0.12361666, -0.13775286, -0.14881405, -0.13987708,
         -0.15183891]]], dtype=float32), reward=1), transition(observation=array([[ 1.0129322 , -0.0798335 , -0.02127473,  0.08290666, -0.05794009,
        -0.03854733, -0.12476231,  0.05415565, -0.13256945, -0.12459221,
         0.2827739 ,  0.60491544,  0.78346556,  0.2603146 , -0.0366224 ,
         0.09808562, -0.00145026, -0.14228313,  0.00549335, -0.08976461,
        -0.12773995,  0.0278243 , -0.06874976, -0.00177362, -0.04191762,
         0.00181539,  0.3899185 ,  0.37600005,  0.8105824 ,  0.1967935 ,
        -0.10283823,  0.12352218,  0.08588902,  1.        ]],
      dtype=float32), activation=array([[[24.73083   , -0.13642097, -0.18065284, -0.16543552,
         -0.15774362, -0.16534466, -0.14358754, -0.17693312,
         -0.16914858, -0.21707578, -0.21265356, -0.11531536,
         -0.08230166, -0.146995  , -0.16003428, -0.11503847,
         -0.11207773]]], dtype=float32), h_activation=array([[[ 9.6491776e+00, -2.5451111e-03,  1.4653726e+00,  4.8811884e+00,
          3.1535618e+00,  9.8771324e+00,  3.7595844e-01,  3.7975583e+00,
          6.6990104e+00,  1.6354702e+00]]], dtype=float32), o_activation=array([[[24.73083   , -0.13642097, -0.18065284, -0.16543552,
         -0.15774362, -0.16534466, -0.14358754, -0.17693312,
         -0.16914858, -0.21707578, -0.21265356, -0.11531536,
         -0.08230166, -0.146995  , -0.16003428, -0.11503847,
         -0.11207773]]], dtype=float32), reward=1), transition(observation=array([[ 1.0437864 ,  0.05183407,  0.12457584, -0.11573818,  0.02185247,
         0.11222411,  0.1840728 , -0.04580143, -0.06901733, -0.0711856 ,
         0.18491949,  0.49236456,  0.6569674 ,  0.24372034,  0.03922172,
        -0.12490235,  0.01572725,  0.01319916, -0.05205084,  0.15259382,
        -0.09896628,  0.22886248,  0.04035306,  0.07927448, -0.17084774,
         0.30837092,  0.2517593 ,  0.6113753 ,  0.66400534,  0.43070138,
        -0.04385696,  0.10052139, -0.04954083,  1.        ]],
      dtype=float32), activation=array([[[ 2.6677517e+01, -1.5959285e-01, -2.0744279e-01, -1.8989708e-01,
         -2.0262106e-01, -2.3607704e-01, -2.0023061e-01, -2.2814645e-01,
         -2.1334329e-01, -2.2510789e-01, -1.6848461e-01, -3.7232757e-02,
         -1.2574549e-02, -1.2226225e-01, -1.6126995e-01, -1.1017463e-01,
         -1.1424532e-01]]], dtype=float32), h_activation=array([[[ 1.0429939e+01, -2.9576165e-03,  1.6951137e+00,  3.2173977e+00,
          3.3805106e+00,  9.4814062e+00,  1.5555996e-01,  3.6703019e+00,
          8.3211336e+00,  1.9002004e+00]]], dtype=float32), o_activation=array([[[ 2.6677517e+01, -1.5959285e-01, -2.0744279e-01, -1.8989708e-01,
         -2.0262106e-01, -2.3607704e-01, -2.0023061e-01, -2.2814645e-01,
         -2.1334329e-01, -2.2510789e-01, -1.6848461e-01, -3.7232757e-02,
         -1.2574549e-02, -1.2226225e-01, -1.6126995e-01, -1.1017463e-01,
         -1.1424532e-01]]], dtype=float32), reward=1), transition(observation=array([[ 1.0542464 , -0.05912425, -0.06550786,  0.03982445,  0.09927968,
         0.07893303,  0.05701115, -0.10315445, -0.06851739,  0.02680686,
         0.09469957,  0.925083  ,  0.7087663 ,  0.45724425,  0.05779674,
         0.12738582, -0.00376609, -0.03878839,  0.14376844, -0.03600793,
         0.00509209, -0.03070205, -0.0189548 , -0.17889301,  0.08856722,
         0.19225492,  0.19061372,  0.55197394,  0.67035294,  0.44596702,
         0.00657972, -0.04447147,  0.11255035,  1.        ]],
      dtype=float32), activation=array([[[28.713367  , -0.13549587, -0.20400044, -0.21935219,
         -0.24264114, -0.22789529, -0.18425661, -0.25635865,
         -0.25031033, -0.26029366, -0.20930468, -0.06251609,
         -0.03898565, -0.16022812, -0.21288067, -0.16303548,
         -0.1294902 ]]], dtype=float32), h_activation=array([[[ 1.2044064e+01, -4.9022892e-03,  8.8159752e-01,  3.2777710e+00,
          3.5524614e+00,  1.1360477e+01,  6.5152913e-01,  3.8989456e+00,
          9.5704556e+00,  1.2640858e+00]]], dtype=float32), o_activation=array([[[28.713367  , -0.13549587, -0.20400044, -0.21935219,
         -0.24264114, -0.22789529, -0.18425661, -0.25635865,
         -0.25031033, -0.26029366, -0.20930468, -0.06251609,
         -0.03898565, -0.16022812, -0.21288067, -0.16303548,
         -0.1294902 ]]], dtype=float32), reward=1), transition(observation=array([[0., 0., 0., 0., 0., 0., 0., 0., 0., 0., 0., 0., 0., 0., 0., 0.,
        0., 0., 0., 0., 0., 0., 0., 0., 0., 0., 0., 0., 0., 0., 0., 0.,
        0., 1.]], dtype=float32), activation=array([[[-1.1662560e-01,  4.7778893e-01, -7.7371716e-02, -9.8122306e-02,
         -7.8078322e-02, -8.1128635e-02, -5.8451898e-02, -1.6194436e-01,
         -1.4034311e-01, -9.1442734e-02,  4.8882613e+00,  2.5245153e+01,
          2.6769419e+01,  9.3002110e+00, -5.2685938e-03,  2.9784369e+00,
          4.4786563e+00]]], dtype=float32), h_activation=array([[[ 9.1432533e+00, -4.1708783e-03,  5.2228826e-01,  1.9688238e+00,
          2.7843204e+00,  8.0402994e+00,  2.7078466e+00,  3.0239537e+00,
          8.2399693e+00,  1.1056288e+00]]], dtype=float32), o_activation=array([[[-1.1662560e-01,  4.7778893e-01, -7.7371716e-02, -9.8122306e-02,
         -7.8078322e-02, -8.1128635e-02, -5.8451898e-02, -1.6194436e-01,
         -1.4034311e-01, -9.1442734e-02,  4.8882613e+00,  2.5245153e+01,
          2.6769419e+01,  9.3002110e+00, -5.2685938e-03,  2.9784369e+00,
          4.4786563e+00]]], dtype=float32), reward=1), transition(observation=array([[0., 0., 0., 0., 0., 0., 0., 0., 0., 0., 0., 0., 0., 0., 0., 0.,
        0., 0., 0., 0., 0., 0., 0., 0., 0., 0., 0., 0., 0., 0., 0., 0.,
        0., 1.]], dtype=float32), activation=array([[[-8.8955611e-02,  1.3094544e+00, -3.7479818e-02, -5.8012266e-02,
         -5.6360245e-02, -6.7069069e-02, -9.1995180e-02, -1.8881822e-01,
         -1.3592260e-01, -5.6253485e-02,  5.0826631e+00,  1.9357283e+01,
          2.0552753e+01,  6.7439756e+00, -1.0167218e-02,  2.1122298e+00,
          3.5593352e+00]]], dtype=float32), h_activation=array([[[ 6.7024026e+00, -2.8816396e-03,  6.7563909e-01,  1.3574934e+00,
          1.9468596e+00,  5.5925097e+00,  3.5447798e+00,  2.2383084e+00,
          6.6286216e+00,  9.5925331e-01]]], dtype=float32), o_activation=array([[[-8.8955611e-02,  1.3094544e+00, -3.7479818e-02, -5.8012266e-02,
         -5.6360245e-02, -6.7069069e-02, -9.1995180e-02, -1.8881822e-01,
         -1.3592260e-01, -5.6253485e-02,  5.0826631e+00,  1.9357283e+01,
          2.0552753e+01,  6.7439756e+00, -1.0167218e-02,  2.1122298e+00,
          3.5593352e+00]]], dtype=float32), reward=1)], success=True), configuration(episode=4, buffer=[transition(observation=array([[1., 0., 0., 0., 0., 0., 0., 0., 0., 0., 0., 0., 0., 0., 0., 0.,
        0., 0., 0., 0., 0., 0., 0., 0., 0., 0., 0., 0., 0., 0., 0., 0.,
        0., 1.]], dtype=float32), activation=array([[[22.06819   , -0.16423194, -0.09829667, -0.0684431 ,
         -0.08563564, -0.08378637, -0.07823429, -0.07916434,
         -0.07612116, -0.08751891, -0.13224255, -0.16178848,
         -0.12346218, -0.08102608, -0.10995874, -0.18023862,
         -0.20943384]]], dtype=float32), h_activation=array([[[ 0.7566331 ,  0.86678445,  0.876579  ,  1.1590619 ,
          0.4522693 ,  0.68814313, -0.00902339,  0.8538044 ,
          0.02913611,  0.7585149 ]]], dtype=float32), o_activation=array([[[22.06819   , -0.16423194, -0.09829667, -0.0684431 ,
         -0.08563564, -0.08378637, -0.07823429, -0.07916434,
         -0.07612116, -0.08751891, -0.13224255, -0.16178848,
         -0.12346218, -0.08102608, -0.10995874, -0.18023862,
         -0.20943384]]], dtype=float32), reward=1), transition(observation=array([[1., 0., 0., 0., 0., 0., 0., 0., 0., 0., 0., 0., 0., 0., 0., 0.,
        0., 0., 0., 0., 0., 0., 0., 0., 0., 0., 0., 0., 0., 0., 0., 0.,
        0., 1.]], dtype=float32), activation=array([[[21.337822  , -0.1491693 , -0.10197385, -0.06717525,
         -0.07688909, -0.09120708, -0.08393563, -0.07479876,
         -0.07536136, -0.09905721, -0.1364056 , -0.15782735,
         -0.11842414, -0.08629068, -0.10938227, -0.1589372 ,
         -0.1784776 ]]], dtype=float32), h_activation=array([[[ 1.3947372 ,  1.4963942 ,  1.4212117 ,  1.9371545 ,
          0.90128696,  1.2210518 , -0.00731216,  1.5029242 ,
          0.27260917,  1.3240087 ]]], dtype=float32), o_activation=array([[[21.337822  , -0.1491693 , -0.10197385, -0.06717525,
         -0.07688909, -0.09120708, -0.08393563, -0.07479876,
         -0.07536136, -0.09905721, -0.1364056 , -0.15782735,
         -0.11842414, -0.08629068, -0.10938227, -0.1589372 ,
         -0.1784776 ]]], dtype=float32), reward=1), transition(observation=array([[1., 0., 0., 0., 0., 0., 0., 0., 0., 0., 0., 0., 0., 0., 0., 0.,
        0., 0., 0., 0., 0., 0., 0., 0., 0., 0., 0., 0., 0., 0., 0., 0.,
        0., 1.]], dtype=float32), activation=array([[[20.68046   , -0.13755868, -0.10401591, -0.06871266,
         -0.07417372, -0.09812391, -0.0886594 , -0.07560153,
         -0.07856067, -0.10717329, -0.13592362, -0.1510574 ,
         -0.11374426, -0.09014434, -0.10846997, -0.14474139,
         -0.15768147]]], dtype=float32), h_activation=array([[[ 1.9113798 ,  1.9336143 ,  1.733639  ,  2.4304285 ,
          1.3138043 ,  1.6161711 , -0.00559584,  1.9876068 ,
          0.6261538 ,  1.7347419 ]]], dtype=float32), o_activation=array([[[20.68046   , -0.13755868, -0.10401591, -0.06871266,
         -0.07417372, -0.09812391, -0.0886594 , -0.07560153,
         -0.07856067, -0.10717329, -0.13592362, -0.1510574 ,
         -0.11374426, -0.09014434, -0.10846997, -0.14474139,
         -0.15768147]]], dtype=float32), reward=1), transition(observation=array([[ 0.9250934 ,  0.15253514,  0.2742473 ,  0.05561038,  0.08098155,
         0.10843973, -0.07757801,  0.10576939,  0.0761412 , -0.05360138,
        -0.05607286, -0.0487807 ,  0.0380928 ,  0.24810357,  0.26694366,
         0.55322176,  0.17007756,  0.29356903,  0.23055318,  0.2832964 ,
         0.0090862 , -0.01802383, -0.06270328,  0.00951186,  0.06117804,
         0.00257011, -0.05730898,  0.01760782,  0.03084805,  0.07810394,
         0.13954376,  0.347     ,  0.19930038,  1.        ]],
      dtype=float32), activation=array([[[25.54681   , -0.19581747, -0.15182966, -0.10665272,
         -0.11010918, -0.12767781, -0.11791684, -0.10953336,
         -0.12254465, -0.14127079, -0.14136723, -0.14923334,
         -0.1456663 , -0.15433349, -0.17365097, -0.21376151,
         -0.21811727]]], dtype=float32), h_activation=array([[[2.3007526, 2.4319265, 2.4182966, 3.3799787, 2.1104128,
         2.9951668, 0.9314968, 4.910962 , 0.1387065, 2.217605 ]]],
      dtype=float32), o_activation=array([[[25.54681   , -0.19581747, -0.15182966, -0.10665272,
         -0.11010918, -0.12767781, -0.11791684, -0.10953336,
         -0.12254465, -0.14127079, -0.14136723, -0.14923334,
         -0.1456663 , -0.15433349, -0.17365097, -0.21376151,
         -0.21811727]]], dtype=float32), reward=1), transition(observation=array([[ 0.986861  ,  0.291796  ,  0.17816228,  0.14790711, -0.03516695,
        -0.13271363,  0.12575608, -0.0053529 ,  0.07810723,  0.02246836,
        -0.02213561,  0.02120869,  0.10978722, -0.18715823,  0.30537078,
         0.27681467,  0.37437037,  0.313857  ,  0.4224139 ,  0.22455166,
         0.04343805,  0.06017052, -0.07088575, -0.10357633, -0.06529505,
         0.00339419, -0.00619306,  0.08231556, -0.12134988,  0.08468551,
         0.16006634,  0.12805638,  0.10107547,  1.        ]],
      dtype=float32), activation=array([[[27.178986  , -0.18550813, -0.14234371, -0.10699487,
         -0.11397428, -0.14823154, -0.15109873, -0.15717638,
         -0.168323  , -0.20398325, -0.17686063, -0.15415178,
         -0.13368933, -0.12488138, -0.10903683, -0.15157402,
         -0.19679447]]], dtype=float32), h_activation=array([[[2.6392715, 2.6692653, 3.1532705, 4.1880236, 3.0097632,
         3.704207 , 2.522654 , 6.2368975, 1.5129699, 3.6237965]]],
      dtype=float32), o_activation=array([[[27.178986  , -0.18550813, -0.14234371, -0.10699487,
         -0.11397428, -0.14823154, -0.15109873, -0.15717638,
         -0.168323  , -0.20398325, -0.17686063, -0.15415178,
         -0.13368933, -0.12488138, -0.10903683, -0.15157402,
         -0.19679447]]], dtype=float32), reward=1), transition(observation=array([[ 1.0099438 ,  0.12797303,  0.43042   ,  0.09847964,  0.12990421,
         0.00727348, -0.28287435, -0.01036531, -0.08596572,  0.04205034,
         0.00331107, -0.10455623, -0.04575259,  0.06233971,  0.31297615,
         0.42574143,  0.34410545,  0.3485863 ,  0.4526239 ,  0.4396722 ,
         0.06318593,  0.06883249, -0.06211163, -0.01840314, -0.04324572,
        -0.15184912,  0.0733933 ,  0.01022315,  0.08247786,  0.17249544,
         0.0715877 ,  0.2979708 ,  0.24404453,  1.        ]],
      dtype=float32), activation=array([[[25.7147    , -0.16345572, -0.13370354, -0.13024588,
         -0.14727274, -0.1791568 , -0.17976806, -0.18345682,
         -0.18380621, -0.219     , -0.16231559, -0.12309539,
         -0.13048886, -0.16451812, -0.1203163 , -0.12699114,
         -0.16451128]]], dtype=float32), h_activation=array([[[3.3514824, 3.2135441, 3.0028086, 5.028252 , 4.0543513,
         3.6864994, 4.238751 , 8.522095 , 1.0422447, 4.176338 ]]],
      dtype=float32), o_activation=array([[[25.7147    , -0.16345572, -0.13370354, -0.13024588,
         -0.14727274, -0.1791568 , -0.17976806, -0.18345682,
         -0.18380621, -0.219     , -0.16231559, -0.12309539,
         -0.13048886, -0.16451812, -0.1203163 , -0.12699114,
         -0.16451128]]], dtype=float32), reward=1), transition(observation=array([[ 0.90324247,  0.3240736 ,  0.31104854,  0.21047267,  0.12112458,
        -0.09185298, -0.07506656,  0.06934398, -0.03641622, -0.12118902,
        -0.04653166,  0.10235621,  0.14423466,  0.15073533,  0.43694776,
         0.28861833,  0.39127553,  0.37370378,  0.61794484,  0.41716737,
         0.10303555, -0.04373612,  0.05543098, -0.06902006,  0.03360039,
        -0.02937321, -0.13682441,  0.1424665 , -0.04446792,  0.05449075,
        -0.0587576 ,  0.16570333,  0.30928582,  1.        ]],
      dtype=float32), activation=array([[[27.894978  , -0.14246754, -0.10601416, -0.09774338,
         -0.13467588, -0.21383975, -0.25843367, -0.26912823,
         -0.23017165, -0.23313886, -0.15866895, -0.13681604,
         -0.15672445, -0.17329182, -0.09405707, -0.08984535,
         -0.13861847]]], dtype=float32), h_activation=array([[[ 4.4003   ,  2.606918 ,  4.123377 ,  5.667023 ,  4.6688643,
          3.8473535,  4.8811336, 10.07132  ,  1.2703825,  4.4700155]]],
      dtype=float32), o_activation=array([[[27.894978  , -0.14246754, -0.10601416, -0.09774338,
         -0.13467588, -0.21383975, -0.25843367, -0.26912823,
         -0.23017165, -0.23313886, -0.15866895, -0.13681604,
         -0.15672445, -0.17329182, -0.09405707, -0.08984535,
         -0.13861847]]], dtype=float32), reward=1), transition(observation=array([[ 0.92429143,  0.20507874,  0.56257594,  0.03940071,  0.20501423,
        -0.07112148,  0.00378203, -0.01109621,  0.01902023, -0.17214365,
         0.14366357, -0.04756634,  0.02862303,  0.03263876,  0.19367944,
         0.4646875 ,  0.42384598,  0.39749932,  0.48523638,  0.31294048,
        -0.00313134,  0.02203463, -0.304194  ,  0.2049716 ,  0.17916615,
        -0.05058424, -0.0538339 ,  0.0799439 ,  0.05057361, -0.04708257,
         0.17625421,  0.17413844,  0.33284098,  1.        ]],
      dtype=float32), activation=array([[[29.190247  , -0.1309936 , -0.088124  , -0.08599434,
         -0.15241191, -0.2513213 , -0.28457326, -0.3012352 ,
         -0.28127587, -0.28092664, -0.16460353, -0.11911952,
         -0.12474609, -0.13826685, -0.0649537 , -0.06770509,
         -0.1236346 ]]], dtype=float32), h_activation=array([[[ 4.5628185,  2.554123 ,  4.4195504,  6.332377 ,  4.8932195,
          3.3423083,  6.2069716, 11.123163 ,  2.2607763,  5.153807 ]]],
      dtype=float32), o_activation=array([[[29.190247  , -0.1309936 , -0.088124  , -0.08599434,
         -0.15241191, -0.2513213 , -0.28457326, -0.3012352 ,
         -0.28127587, -0.28092664, -0.16460353, -0.11911952,
         -0.12474609, -0.13826685, -0.0649537 , -0.06770509,
         -0.1236346 ]]], dtype=float32), reward=1), transition(observation=array([[0., 0., 0., 0., 0., 0., 0., 0., 0., 0., 0., 0., 0., 0., 0., 0.,
        0., 0., 0., 0., 0., 0., 0., 0., 0., 0., 0., 0., 0., 0., 0., 0.,
        0., 1.]], dtype=float32), activation=array([[[-0.0522231 , 11.1451845 , 12.742413  , 10.605919  ,
          1.2083211 , -0.12985301, -0.17795537, -0.20175931,
         -0.16529596, -0.1653123 , -0.03511608,  2.1145449 ,
          1.4495215 ,  0.6867404 , 10.937657  , 17.58887   ,
         14.291178  ]]], dtype=float32), h_activation=array([[[3.1452658, 1.7787247, 3.6257784, 4.8078594, 3.7393734,
         2.1927273, 5.6933327, 7.941621 , 2.4925988, 3.8228889]]],
      dtype=float32), o_activation=array([[[-0.0522231 , 11.1451845 , 12.742413  , 10.605919  ,
          1.2083211 , -0.12985301, -0.17795537, -0.20175931,
         -0.16529596, -0.1653123 , -0.03511608,  2.1145449 ,
          1.4495215 ,  0.6867404 , 10.937657  , 17.58887   ,
         14.291178  ]]], dtype=float32), reward=1), transition(observation=array([[0., 0., 0., 0., 0., 0., 0., 0., 0., 0., 0., 0., 0., 0., 0., 0.,
        0., 0., 0., 0., 0., 0., 0., 0., 0., 0., 0., 0., 0., 0., 0., 0.,
        0., 1.]], dtype=float32), activation=array([[[-0.05167788,  7.8635473 , 10.0414505 ,  9.008203  ,
          0.8430972 , -0.10184211, -0.14324033, -0.15959184,
         -0.12618223, -0.11218052, -0.01858592,  1.191155  ,
          0.70255   ,  0.33300352,  7.558421  , 12.756975  ,
         10.421339  ]]], dtype=float32), h_activation=array([[[2.0773048, 1.3023593, 3.242101 , 3.9069276, 2.714564 ,
         1.422237 , 4.81508  , 5.635934 , 2.2374454, 2.9169466]]],
      dtype=float32), o_activation=array([[[-0.05167788,  7.8635473 , 10.0414505 ,  9.008203  ,
          0.8430972 , -0.10184211, -0.14324033, -0.15959184,
         -0.12618223, -0.11218052, -0.01858592,  1.191155  ,
          0.70255   ,  0.33300352,  7.558421  , 12.756975  ,
         10.421339  ]]], dtype=float32), reward=1)], success=True), configuration(episode=5, buffer=[transition(observation=array([[1., 0., 0., 0., 0., 0., 0., 0., 0., 0., 0., 0., 0., 0., 0., 0.,
        0., 0., 0., 0., 0., 0., 0., 0., 0., 0., 0., 0., 0., 0., 0., 0.,
        0., 1.]], dtype=float32), activation=array([[[22.06819   , -0.16423194, -0.09829667, -0.0684431 ,
         -0.08563564, -0.08378637, -0.07823429, -0.07916434,
         -0.07612116, -0.08751891, -0.13224255, -0.16178848,
         -0.12346218, -0.08102608, -0.10995874, -0.18023862,
         -0.20943384]]], dtype=float32), h_activation=array([[[ 0.7566331 ,  0.86678445,  0.876579  ,  1.1590619 ,
          0.4522693 ,  0.68814313, -0.00902339,  0.8538044 ,
          0.02913611,  0.7585149 ]]], dtype=float32), o_activation=array([[[22.06819   , -0.16423194, -0.09829667, -0.0684431 ,
         -0.08563564, -0.08378637, -0.07823429, -0.07916434,
         -0.07612116, -0.08751891, -0.13224255, -0.16178848,
         -0.12346218, -0.08102608, -0.10995874, -0.18023862,
         -0.20943384]]], dtype=float32), reward=1), transition(observation=array([[1., 0., 0., 0., 0., 0., 0., 0., 0., 0., 0., 0., 0., 0., 0., 0.,
        0., 0., 0., 0., 0., 0., 0., 0., 0., 0., 0., 0., 0., 0., 0., 0.,
        0., 1.]], dtype=float32), activation=array([[[21.337822  , -0.1491693 , -0.10197385, -0.06717525,
         -0.07688909, -0.09120708, -0.08393563, -0.07479876,
         -0.07536136, -0.09905721, -0.1364056 , -0.15782735,
         -0.11842414, -0.08629068, -0.10938227, -0.1589372 ,
         -0.1784776 ]]], dtype=float32), h_activation=array([[[ 1.3947372 ,  1.4963942 ,  1.4212117 ,  1.9371545 ,
          0.90128696,  1.2210518 , -0.00731216,  1.5029242 ,
          0.27260917,  1.3240087 ]]], dtype=float32), o_activation=array([[[21.337822  , -0.1491693 , -0.10197385, -0.06717525,
         -0.07688909, -0.09120708, -0.08393563, -0.07479876,
         -0.07536136, -0.09905721, -0.1364056 , -0.15782735,
         -0.11842414, -0.08629068, -0.10938227, -0.1589372 ,
         -0.1784776 ]]], dtype=float32), reward=1), transition(observation=array([[1., 0., 0., 0., 0., 0., 0., 0., 0., 0., 0., 0., 0., 0., 0., 0.,
        0., 0., 0., 0., 0., 0., 0., 0., 0., 0., 0., 0., 0., 0., 0., 0.,
        0., 1.]], dtype=float32), activation=array([[[20.68046   , -0.13755868, -0.10401591, -0.06871266,
         -0.07417372, -0.09812391, -0.0886594 , -0.07560153,
         -0.07856067, -0.10717329, -0.13592362, -0.1510574 ,
         -0.11374426, -0.09014434, -0.10846997, -0.14474139,
         -0.15768147]]], dtype=float32), h_activation=array([[[ 1.9113798 ,  1.9336143 ,  1.733639  ,  2.4304285 ,
          1.3138043 ,  1.6161711 , -0.00559584,  1.9876068 ,
          0.6261538 ,  1.7347419 ]]], dtype=float32), o_activation=array([[[20.68046   , -0.13755868, -0.10401591, -0.06871266,
         -0.07417372, -0.09812391, -0.0886594 , -0.07560153,
         -0.07856067, -0.10717329, -0.13592362, -0.1510574 ,
         -0.11374426, -0.09014434, -0.10846997, -0.14474139,
         -0.15768147]]], dtype=float32), reward=1), transition(observation=array([[ 1.0262406e+00,  6.3864710e-03, -3.3577725e-02, -7.0555513e-03,
         2.8528506e-01,  5.2424955e-01,  2.1016076e-01, -1.7192271e-04,
         1.6239826e-01,  1.4189683e-01,  1.7058018e-01,  3.8852531e-01,
         3.6187136e-01,  2.3869839e-01, -1.9015461e-02,  5.4698072e-02,
        -3.0065257e-02, -1.4879017e-02,  7.3915504e-02, -1.2765293e-01,
         4.0666029e-01,  2.6050532e-01,  3.6579144e-01,  6.0808122e-02,
         1.5994562e-01,  3.6735121e-02,  4.5762989e-01,  4.4364658e-01,
         3.3350518e-01,  1.0320975e-01,  5.5409592e-02, -7.6118171e-02,
        -1.6476493e-03,  1.0000000e+00]], dtype=float32), activation=array([[[31.84977   , -0.14771019, -0.13905701, -0.12002766,
         -0.15930846, -0.1843039 , -0.16464324, -0.13560349,
         -0.13371804, -0.17512445, -0.22382551, -0.23629376,
         -0.19308676, -0.15661624, -0.15297785, -0.16157165,
         -0.17020488]]], dtype=float32), h_activation=array([[[ 3.316393  ,  3.6570609 ,  1.0675416 ,  2.0603685 ,
          0.7039814 ,  2.999533  , -0.01636505,  1.8143057 ,
          2.0652695 ,  1.7026093 ]]], dtype=float32), o_activation=array([[[31.84977   , -0.14771019, -0.13905701, -0.12002766,
         -0.15930846, -0.1843039 , -0.16464324, -0.13560349,
         -0.13371804, -0.17512445, -0.22382551, -0.23629376,
         -0.19308676, -0.15661624, -0.15297785, -0.16157165,
         -0.17020488]]], dtype=float32), reward=1), transition(observation=array([[ 0.9919337 , -0.04466585,  0.01140478,  0.19879851,  0.18313996,
         0.42246026,  0.15757006,  0.0348671 ,  0.07297024,  0.09245314,
         0.34914318,  0.3047099 ,  0.12674685,  0.06002923,  0.04448335,
        -0.03587189, -0.03086771, -0.00363244,  0.0386569 , -0.01847653,
         0.24393111,  0.24447338,  0.20532684,  0.01747894,  0.00866543,
         0.08862503,  0.318188  ,  0.33790478,  0.292595  , -0.02071193,
         0.0747313 , -0.0158376 , -0.03834767,  1.        ]],
      dtype=float32), activation=array([[[26.789227  , -0.13330323, -0.16699906, -0.15634951,
         -0.1269255 , -0.11621334, -0.14138792, -0.15819673,
         -0.12968859, -0.14934485, -0.1940906 , -0.17514044,
         -0.12873806, -0.13425022, -0.15283036, -0.14812715,
         -0.14429113]]], dtype=float32), h_activation=array([[[ 3.8011913 ,  4.096507  ,  0.06309742,  2.703156  ,
          0.7785702 ,  2.4782784 , -0.0101799 ,  1.8793372 ,
          3.742311  ,  1.6559018 ]]], dtype=float32), o_activation=array([[[26.789227  , -0.13330323, -0.16699906, -0.15634951,
         -0.1269255 , -0.11621334, -0.14138792, -0.15819673,
         -0.12968859, -0.14934485, -0.1940906 , -0.17514044,
         -0.12873806, -0.13425022, -0.15283036, -0.14812715,
         -0.14429113]]], dtype=float32), reward=1), transition(observation=array([[ 1.1659617 ,  0.17361984, -0.03211958,  0.1770665 ,  0.29208055,
         0.42835197,  0.15018876,  0.03626312,  0.10115183,  0.21463378,
         0.2233868 ,  0.2842291 ,  0.37285227,  0.09989031,  0.0936492 ,
         0.01782085, -0.05367036, -0.05322653, -0.01591624,  0.02951359,
         0.24429856,  0.46178663,  0.26890466,  0.01279046,  0.04873139,
         0.16660994,  0.36597753,  0.4894583 ,  0.37987477, -0.00687911,
         0.11325901, -0.0499473 ,  0.01709283,  1.        ]],
      dtype=float32), activation=array([[[33.10526   , -0.18134594, -0.20280404, -0.17892906,
         -0.14569406, -0.13021538, -0.16618405, -0.21379235,
         -0.19336863, -0.17327285, -0.19200704, -0.18547924,
         -0.18032014, -0.2015755 , -0.20228356, -0.19495612,
         -0.19723567]]], dtype=float32), h_activation=array([[[ 4.8503003e+00,  4.9804025e+00, -3.3012156e-03,  2.3558378e+00,
          8.4962559e-01,  2.9133658e+00, -7.2196946e-03,  2.0967956e+00,
          4.3609581e+00,  2.0756936e+00]]], dtype=float32), o_activation=array([[[33.10526   , -0.18134594, -0.20280404, -0.17892906,
         -0.14569406, -0.13021538, -0.16618405, -0.21379235,
         -0.19336863, -0.17327285, -0.19200704, -0.18547924,
         -0.18032014, -0.2015755 , -0.20228356, -0.19495612,
         -0.19723567]]], dtype=float32), reward=1), transition(observation=array([[ 0.881071  , -0.08091591, -0.02337518, -0.01977363,  0.46548358,
         0.35721123,  0.13848768,  0.01298946,  0.15251903,  0.14289314,
         0.17401545,  0.4910715 ,  0.27080935,  0.05455056,  0.12692115,
        -0.03628324, -0.07756794, -0.07022575, -0.04421593, -0.08645502,
         0.25236994,  0.32214636,  0.31537744,  0.08919556,  0.04694174,
         0.16667116,  0.33355707,  0.50173676,  0.41923466, -0.02538393,
        -0.16847174, -0.01557031, -0.19232938,  1.        ]],
      dtype=float32), activation=array([[[22.546703  , -0.0999223 , -0.1528102 , -0.14400466,
         -0.09562519, -0.0756548 , -0.13163473, -0.19800706,
         -0.15753095, -0.13251501, -0.15596066, -0.13654247,
         -0.12290788, -0.1600041 , -0.17165212, -0.14472845,
         -0.1204771 ]]], dtype=float32), h_activation=array([[[ 5.2001944 ,  5.507344  , -0.01324934,  2.6189709 ,
          0.30108008,  3.7942145 , -0.01250118,  1.8286805 ,
          5.031518  ,  1.8238524 ]]], dtype=float32), o_activation=array([[[22.546703  , -0.0999223 , -0.1528102 , -0.14400466,
         -0.09562519, -0.0756548 , -0.13163473, -0.19800706,
         -0.15753095, -0.13251501, -0.15596066, -0.13654247,
         -0.12290788, -0.1600041 , -0.17165212, -0.14472845,
         -0.1204771 ]]], dtype=float32), reward=1), transition(observation=array([[ 0.8315779 , -0.09766175, -0.01567328, -0.03058417,  0.24531718,
         0.36841458,  0.25592953, -0.02279632, -0.07016864,  0.05263159,
         0.15619732,  0.17843919,  0.25016102, -0.12152302,  0.05977334,
         0.06183679, -0.06034312, -0.05825329, -0.20003895,  0.13428882,
         0.16531472,  0.32397273,  0.13945091,  0.13359872,  0.07066207,
        -0.01267693,  0.41686025,  0.30592632,  0.4037749 ,  0.07402995,
         0.20770913, -0.11524   ,  0.0938799 ,  1.        ]],
      dtype=float32), activation=array([[[16.628166  , -0.09314483, -0.15426855, -0.14112924,
         -0.06358448, -0.03991204, -0.10776146, -0.17964812,
         -0.12602665, -0.09060335, -0.10611656, -0.07049152,
         -0.06476931, -0.132636  , -0.1573702 , -0.12363394,
         -0.09680036]]], dtype=float32), h_activation=array([[[ 4.6368341e+00,  5.5448580e+00, -7.4274116e-03,  2.3686614e+00,
         -4.5692953e-03,  3.6180236e+00, -3.0886319e-03,  2.2352319e+00,
          6.1047254e+00,  1.1731946e+00]]], dtype=float32), o_activation=array([[[16.628166  , -0.09314483, -0.15426855, -0.14112924,
         -0.06358448, -0.03991204, -0.10776146, -0.17964812,
         -0.12602665, -0.09060335, -0.10611656, -0.07049152,
         -0.06476931, -0.132636  , -0.1573702 , -0.12363394,
         -0.09680036]]], dtype=float32), reward=1), transition(observation=array([[0., 0., 0., 0., 0., 0., 0., 0., 0., 0., 0., 0., 0., 0., 0., 0.,
        0., 0., 0., 0., 0., 0., 0., 0., 0., 0., 0., 0., 0., 0., 0., 0.,
        0., 1.]], dtype=float32), activation=array([[[-1.3820593e-01,  5.4659033e-01, -5.2596800e-02, -3.1537276e-02,
          8.3159456e+00,  1.3041826e+01,  5.6225872e+00, -6.7818679e-02,
         -4.5254219e-02, -2.9631602e-03,  3.0278392e+00,  8.1581459e+00,
          5.5197020e+00, -2.0481357e-02, -3.6999427e-02,  1.0800505e-01,
          2.3973746e+00]]], dtype=float32), h_activation=array([[[3.6373239 , 4.1726217 , 0.05413169, 1.8373188 , 0.06831416,
         2.786515  , 0.97399276, 1.8832223 , 5.197819  , 1.1642299 ]]],
      dtype=float32), o_activation=array([[[-1.3820593e-01,  5.4659033e-01, -5.2596800e-02, -3.1537276e-02,
          8.3159456e+00,  1.3041826e+01,  5.6225872e+00, -6.7818679e-02,
         -4.5254219e-02, -2.9631602e-03,  3.0278392e+00,  8.1581459e+00,
          5.5197020e+00, -2.0481357e-02, -3.6999427e-02,  1.0800505e-01,
          2.3973746e+00]]], dtype=float32), reward=1), transition(observation=array([[0., 0., 0., 0., 0., 0., 0., 0., 0., 0., 0., 0., 0., 0., 0., 0.,
        0., 0., 0., 0., 0., 0., 0., 0., 0., 0., 0., 0., 0., 0., 0., 0.,
        0., 1.]], dtype=float32), activation=array([[[-0.11598419,  0.43228102, -0.02884803, -0.0117844 ,
          6.6147346 ,  9.612385  ,  2.5635345 , -0.07345687,
         -0.04178667,  0.08955395,  2.425355  ,  6.210467  ,
          4.5112514 , -0.01605323, -0.02980867,  0.11010647,
          1.5533872 ]]], dtype=float32), h_activation=array([[[2.7797816e+00, 3.1954098e+00, 3.1915656e-01, 1.6161877e+00,
         6.9171190e-05, 2.1420152e+00, 1.3736644e+00, 1.5544316e+00,
         4.2317958e+00, 1.1539655e+00]]], dtype=float32), o_activation=array([[[-0.11598419,  0.43228102, -0.02884803, -0.0117844 ,
          6.6147346 ,  9.612385  ,  2.5635345 , -0.07345687,
         -0.04178667,  0.08955395,  2.425355  ,  6.210467  ,
          4.5112514 , -0.01605323, -0.02980867,  0.11010647,
          1.5533872 ]]], dtype=float32), reward=1)], success=True), configuration(episode=6, buffer=[transition(observation=array([[1., 0., 0., 0., 0., 0., 0., 0., 0., 0., 0., 0., 0., 0., 0., 0.,
        0., 0., 0., 0., 0., 0., 0., 0., 0., 0., 0., 0., 0., 0., 0., 0.,
        0., 1.]], dtype=float32), activation=array([[[22.06819   , -0.16423194, -0.09829667, -0.0684431 ,
         -0.08563564, -0.08378637, -0.07823429, -0.07916434,
         -0.07612116, -0.08751891, -0.13224255, -0.16178848,
         -0.12346218, -0.08102608, -0.10995874, -0.18023862,
         -0.20943384]]], dtype=float32), h_activation=array([[[ 0.7566331 ,  0.86678445,  0.876579  ,  1.1590619 ,
          0.4522693 ,  0.68814313, -0.00902339,  0.8538044 ,
          0.02913611,  0.7585149 ]]], dtype=float32), o_activation=array([[[22.06819   , -0.16423194, -0.09829667, -0.0684431 ,
         -0.08563564, -0.08378637, -0.07823429, -0.07916434,
         -0.07612116, -0.08751891, -0.13224255, -0.16178848,
         -0.12346218, -0.08102608, -0.10995874, -0.18023862,
         -0.20943384]]], dtype=float32), reward=1), transition(observation=array([[1., 0., 0., 0., 0., 0., 0., 0., 0., 0., 0., 0., 0., 0., 0., 0.,
        0., 0., 0., 0., 0., 0., 0., 0., 0., 0., 0., 0., 0., 0., 0., 0.,
        0., 1.]], dtype=float32), activation=array([[[21.337822  , -0.1491693 , -0.10197385, -0.06717525,
         -0.07688909, -0.09120708, -0.08393563, -0.07479876,
         -0.07536136, -0.09905721, -0.1364056 , -0.15782735,
         -0.11842414, -0.08629068, -0.10938227, -0.1589372 ,
         -0.1784776 ]]], dtype=float32), h_activation=array([[[ 1.3947372 ,  1.4963942 ,  1.4212117 ,  1.9371545 ,
          0.90128696,  1.2210518 , -0.00731216,  1.5029242 ,
          0.27260917,  1.3240087 ]]], dtype=float32), o_activation=array([[[21.337822  , -0.1491693 , -0.10197385, -0.06717525,
         -0.07688909, -0.09120708, -0.08393563, -0.07479876,
         -0.07536136, -0.09905721, -0.1364056 , -0.15782735,
         -0.11842414, -0.08629068, -0.10938227, -0.1589372 ,
         -0.1784776 ]]], dtype=float32), reward=1), transition(observation=array([[1., 0., 0., 0., 0., 0., 0., 0., 0., 0., 0., 0., 0., 0., 0., 0.,
        0., 0., 0., 0., 0., 0., 0., 0., 0., 0., 0., 0., 0., 0., 0., 0.,
        0., 1.]], dtype=float32), activation=array([[[20.68046   , -0.13755868, -0.10401591, -0.06871266,
         -0.07417372, -0.09812391, -0.0886594 , -0.07560153,
         -0.07856067, -0.10717329, -0.13592362, -0.1510574 ,
         -0.11374426, -0.09014434, -0.10846997, -0.14474139,
         -0.15768147]]], dtype=float32), h_activation=array([[[ 1.9113798 ,  1.9336143 ,  1.733639  ,  2.4304285 ,
          1.3138043 ,  1.6161711 , -0.00559584,  1.9876068 ,
          0.6261538 ,  1.7347419 ]]], dtype=float32), o_activation=array([[[20.68046   , -0.13755868, -0.10401591, -0.06871266,
         -0.07417372, -0.09812391, -0.0886594 , -0.07560153,
         -0.07856067, -0.10717329, -0.13592362, -0.1510574 ,
         -0.11374426, -0.09014434, -0.10846997, -0.14474139,
         -0.15768147]]], dtype=float32), reward=1), transition(observation=array([[ 1.0587507 ,  0.16905202,  0.12530713,  0.03547871, -0.03668367,
         0.08241674, -0.11444364,  0.04914686,  0.17107823,  0.29496092,
         0.14065544,  0.18888564,  0.11024852, -0.14804626, -0.03415943,
         0.16259012,  0.3403079 ,  0.38882917,  0.21389304,  0.16833478,
         0.12478117, -0.01488159,  0.10037918,  0.05087918,  0.14948733,
         0.31535193,  0.12580362, -0.00776498, -0.21480985, -0.02294655,
         0.21653706,  0.11737883,  0.3957083 ,  1.        ]],
      dtype=float32), activation=array([[[29.365253  , -0.19338627, -0.1531038 , -0.10691758,
         -0.11476746, -0.12805802, -0.12056867, -0.12212508,
         -0.15423734, -0.18486169, -0.1970302 , -0.19413793,
         -0.15169384, -0.12802902, -0.141767  , -0.18538687,
         -0.21111059]]], dtype=float32), h_activation=array([[[2.8183298, 3.5368292, 1.5808995, 3.3923197, 2.5219462,
         3.2792535, 1.2766833, 2.1214194, 1.90805  , 3.9223232]]],
      dtype=float32), o_activation=array([[[29.365253  , -0.19338627, -0.1531038 , -0.10691758,
         -0.11476746, -0.12805802, -0.12056867, -0.12212508,
         -0.15423734, -0.18486169, -0.1970302 , -0.19413793,
         -0.15169384, -0.12802902, -0.141767  , -0.18538687,
         -0.21111059]]], dtype=float32), reward=1), transition(observation=array([[ 1.1265181 ,  0.4715933 ,  0.36691722, -0.09070886,  0.15066816,
         0.12335993,  0.11645246,  0.08578272,  0.32196084,  0.50488305,
         0.28191805,  0.16185188,  0.26089644,  0.15747154,  0.01317067,
         0.35341245,  0.45742035,  0.2168123 ,  0.10420988,  0.02498342,
        -0.10537721,  0.05278907,  0.02578263,  0.01801496,  0.26090798,
         0.43659368,  0.27267334,  0.07483023, -0.03156557,  0.0354267 ,
         0.22035791,  0.26417777,  0.26283702,  1.        ]],
      dtype=float32), activation=array([[[39.342598  , -0.23300575, -0.21729702, -0.18178634,
         -0.18845637, -0.21047826, -0.23208001, -0.21682991,
         -0.20924366, -0.21287641, -0.2252222 , -0.21363422,
         -0.1965955 , -0.23132491, -0.22211483, -0.22875743,
         -0.2477864 ]]], dtype=float32), h_activation=array([[[3.9487023, 5.6852274, 2.5190153, 2.9224381, 4.6259227,
         4.498025 , 3.0103898, 2.5252979, 2.991024 , 6.325044 ]]],
      dtype=float32), o_activation=array([[[39.342598  , -0.23300575, -0.21729702, -0.18178634,
         -0.18845637, -0.21047826, -0.23208001, -0.21682991,
         -0.20924366, -0.21287641, -0.2252222 , -0.21363422,
         -0.1965955 , -0.23132491, -0.22211483, -0.22875743,
         -0.2477864 ]]], dtype=float32), reward=1), transition(observation=array([[ 1.0125412 ,  0.117799  ,  0.15885949,  0.03533082,  0.09393904,
        -0.08254648, -0.01533996, -0.10764467,  0.2354534 ,  0.205887  ,
         0.23743685, -0.11873093, -0.14859502,  0.04131325,  0.00176366,
         0.21076843,  0.35929626,  0.1796453 , -0.06583989, -0.15274921,
         0.19859663,  0.01176956,  0.07615255, -0.06587989,  0.19282548,
         0.53741515,  0.22984669, -0.0463481 , -0.21553962,  0.14068863,
         0.11399788,  0.08983323,  0.31179908,  1.        ]],
      dtype=float32), activation=array([[[23.879883  , -0.09334375, -0.14356612, -0.1711246 ,
         -0.15831615, -0.18985988, -0.23134996, -0.19602281,
         -0.11673745, -0.09481557, -0.11718681, -0.10753395,
         -0.08471485, -0.16768   , -0.17312874, -0.1456892 ,
         -0.11845376]]], dtype=float32), h_activation=array([[[3.6995738, 6.086692 , 2.5031254, 3.38733  , 5.497218 ,
         3.833124 , 4.676643 , 2.8195903, 2.855882 , 6.2957478]]],
      dtype=float32), o_activation=array([[[23.879883  , -0.09334375, -0.14356612, -0.1711246 ,
         -0.15831615, -0.18985988, -0.23134996, -0.19602281,
         -0.11673745, -0.09481557, -0.11718681, -0.10753395,
         -0.08471485, -0.16768   , -0.17312874, -0.1456892 ,
         -0.11845376]]], dtype=float32), reward=1), transition(observation=array([[ 0.8810773 ,  0.08425614, -0.04654847, -0.06236494, -0.07790508,
         0.04422556,  0.16654052,  0.12230445,  0.1721303 ,  0.31531253,
         0.1492591 , -0.0026321 ,  0.18528669,  0.01030408,  0.2263838 ,
         0.25223675,  0.33163723,  0.23602986,  0.2629484 , -0.05068511,
        -0.00135131, -0.05697595, -0.02532389,  0.03539722,  0.28998733,
         0.3364743 ,  0.03510726,  0.19063787,  0.14530843, -0.02485101,
         0.1791079 ,  0.1358112 ,  0.48410484,  1.        ]],
      dtype=float32), activation=array([[[25.354576  , -0.05666833, -0.09975826, -0.12028107,
         -0.14371184, -0.2244137 , -0.2993315 , -0.2473832 ,
         -0.13416249, -0.07613438, -0.10151209, -0.13064183,
         -0.11908079, -0.18434604, -0.1717826 , -0.12850748,
         -0.0849167 ]]], dtype=float32), h_activation=array([[[2.6515968, 6.0839543, 3.0973873, 3.2719216, 5.9152927,
         4.9066343, 5.3604097, 2.313292 , 3.3952014, 5.1752734]]],
      dtype=float32), o_activation=array([[[25.354576  , -0.05666833, -0.09975826, -0.12028107,
         -0.14371184, -0.2244137 , -0.2993315 , -0.2473832 ,
         -0.13416249, -0.07613438, -0.10151209, -0.13064183,
         -0.11908079, -0.18434604, -0.1717826 , -0.12850748,
         -0.0849167 ]]], dtype=float32), reward=1), transition(observation=array([[ 0.9307297 ,  0.17196691,  0.0609934 ,  0.02340678,  0.17380734,
        -0.09978605, -0.16311194,  0.13398221,  0.23802668,  0.45324937,
         0.3026372 ,  0.07985639,  0.23222467,  0.07766644,  0.15945487,
         0.13497457,  0.4970869 ,  0.09978078,  0.10560957, -0.03843076,
        -0.18026863, -0.05836883, -0.08914257,  0.1974757 ,  0.21398972,
         0.41179138,  0.13020825, -0.09131282,  0.09795546,  0.35318103,
         0.17532422,  0.32868025,  0.4018056 ,  1.        ]],
      dtype=float32), activation=array([[[28.482513  , -0.09808373, -0.16655898, -0.19650364,
         -0.19808854, -0.23983662, -0.2955472 , -0.2476557 ,
         -0.15247884, -0.10155044, -0.13438517, -0.15816402,
         -0.14270319, -0.19169265, -0.17084813, -0.12739944,
         -0.0975614 ]]], dtype=float32), h_activation=array([[[3.6066155, 6.642117 , 3.58104  , 4.285664 , 7.020982 ,
         5.762849 , 6.1711164, 1.5908792, 2.7468858, 5.4977093]]],
      dtype=float32), o_activation=array([[[28.482513  , -0.09808373, -0.16655898, -0.19650364,
         -0.19808854, -0.23983662, -0.2955472 , -0.2476557 ,
         -0.15247884, -0.10155044, -0.13438517, -0.15816402,
         -0.14270319, -0.19169265, -0.17084813, -0.12739944,
         -0.0975614 ]]], dtype=float32), reward=1), transition(observation=array([[0., 0., 0., 0., 0., 0., 0., 0., 0., 0., 0., 0., 0., 0., 0., 0.,
        0., 0., 0., 0., 0., 0., 0., 0., 0., 0., 0., 0., 0., 0., 0., 0.,
        0., 1.]], dtype=float32), activation=array([[[-7.2118558e-02,  9.5136280e+00, -2.4505394e-02, -5.4121867e-02,
         -4.1337285e-02, -1.5803078e-01, -2.1936202e-01, -9.5239550e-02,
          6.6341858e+00,  1.4157981e+01,  8.0060005e+00,  2.5218482e+00,
          5.2801185e+00, -3.0702162e-03, -5.0550760e-03,  8.8182259e+00,
          1.4873808e+01]]], dtype=float32), h_activation=array([[[2.4567876, 4.8854556, 3.1515393, 3.5992804, 5.132452 ,
         4.279715 , 5.133017 , 1.1360826, 2.3454916, 4.327055 ]]],
      dtype=float32), o_activation=array([[[-7.2118558e-02,  9.5136280e+00, -2.4505394e-02, -5.4121867e-02,
         -4.1337285e-02, -1.5803078e-01, -2.1936202e-01, -9.5239550e-02,
          6.6341858e+00,  1.4157981e+01,  8.0060005e+00,  2.5218482e+00,
          5.2801185e+00, -3.0702162e-03, -5.0550760e-03,  8.8182259e+00,
          1.4873808e+01]]], dtype=float32), reward=1), transition(observation=array([[0., 0., 0., 0., 0., 0., 0., 0., 0., 0., 0., 0., 0., 0., 0., 0.,
        0., 0., 0., 0., 0., 0., 0., 0., 0., 0., 0., 0., 0., 0., 0., 0.,
        0., 1.]], dtype=float32), activation=array([[[-6.9970272e-02,  6.5135984e+00, -1.3431635e-02, -2.6225885e-02,
         -2.4641532e-02, -1.1760452e-01, -1.6189229e-01, -6.1497297e-02,
          5.8129826e+00,  1.0695054e+01,  5.3781819e+00,  9.9236155e-01,
          3.5244999e+00, -5.3007365e-03, -7.1820174e-03,  6.7228513e+00,
          1.0982475e+01]]], dtype=float32), h_activation=array([[[1.6699541, 3.6937542, 2.9339898, 3.2233286, 3.6819358,
         3.2357917, 4.0232034, 0.8352202, 1.8622996, 3.5072408]]],
      dtype=float32), o_activation=array([[[-6.9970272e-02,  6.5135984e+00, -1.3431635e-02, -2.6225885e-02,
         -2.4641532e-02, -1.1760452e-01, -1.6189229e-01, -6.1497297e-02,
          5.8129826e+00,  1.0695054e+01,  5.3781819e+00,  9.9236155e-01,
          3.5244999e+00, -5.3007365e-03, -7.1820174e-03,  6.7228513e+00,
          1.0982475e+01]]], dtype=float32), reward=1)], success=True), configuration(episode=7, buffer=[transition(observation=array([[1., 0., 0., 0., 0., 0., 0., 0., 0., 0., 0., 0., 0., 0., 0., 0.,
        0., 0., 0., 0., 0., 0., 0., 0., 0., 0., 0., 0., 0., 0., 0., 0.,
        0., 1.]], dtype=float32), activation=array([[[22.06819   , -0.16423194, -0.09829667, -0.0684431 ,
         -0.08563564, -0.08378637, -0.07823429, -0.07916434,
         -0.07612116, -0.08751891, -0.13224255, -0.16178848,
         -0.12346218, -0.08102608, -0.10995874, -0.18023862,
         -0.20943384]]], dtype=float32), h_activation=array([[[ 0.7566331 ,  0.86678445,  0.876579  ,  1.1590619 ,
          0.4522693 ,  0.68814313, -0.00902339,  0.8538044 ,
          0.02913611,  0.7585149 ]]], dtype=float32), o_activation=array([[[22.06819   , -0.16423194, -0.09829667, -0.0684431 ,
         -0.08563564, -0.08378637, -0.07823429, -0.07916434,
         -0.07612116, -0.08751891, -0.13224255, -0.16178848,
         -0.12346218, -0.08102608, -0.10995874, -0.18023862,
         -0.20943384]]], dtype=float32), reward=1), transition(observation=array([[1., 0., 0., 0., 0., 0., 0., 0., 0., 0., 0., 0., 0., 0., 0., 0.,
        0., 0., 0., 0., 0., 0., 0., 0., 0., 0., 0., 0., 0., 0., 0., 0.,
        0., 1.]], dtype=float32), activation=array([[[21.337822  , -0.1491693 , -0.10197385, -0.06717525,
         -0.07688909, -0.09120708, -0.08393563, -0.07479876,
         -0.07536136, -0.09905721, -0.1364056 , -0.15782735,
         -0.11842414, -0.08629068, -0.10938227, -0.1589372 ,
         -0.1784776 ]]], dtype=float32), h_activation=array([[[ 1.3947372 ,  1.4963942 ,  1.4212117 ,  1.9371545 ,
          0.90128696,  1.2210518 , -0.00731216,  1.5029242 ,
          0.27260917,  1.3240087 ]]], dtype=float32), o_activation=array([[[21.337822  , -0.1491693 , -0.10197385, -0.06717525,
         -0.07688909, -0.09120708, -0.08393563, -0.07479876,
         -0.07536136, -0.09905721, -0.1364056 , -0.15782735,
         -0.11842414, -0.08629068, -0.10938227, -0.1589372 ,
         -0.1784776 ]]], dtype=float32), reward=1), transition(observation=array([[1., 0., 0., 0., 0., 0., 0., 0., 0., 0., 0., 0., 0., 0., 0., 0.,
        0., 0., 0., 0., 0., 0., 0., 0., 0., 0., 0., 0., 0., 0., 0., 0.,
        0., 1.]], dtype=float32), activation=array([[[20.68046   , -0.13755868, -0.10401591, -0.06871266,
         -0.07417372, -0.09812391, -0.0886594 , -0.07560153,
         -0.07856067, -0.10717329, -0.13592362, -0.1510574 ,
         -0.11374426, -0.09014434, -0.10846997, -0.14474139,
         -0.15768147]]], dtype=float32), h_activation=array([[[ 1.9113798 ,  1.9336143 ,  1.733639  ,  2.4304285 ,
          1.3138043 ,  1.6161711 , -0.00559584,  1.9876068 ,
          0.6261538 ,  1.7347419 ]]], dtype=float32), o_activation=array([[[20.68046   , -0.13755868, -0.10401591, -0.06871266,
         -0.07417372, -0.09812391, -0.0886594 , -0.07560153,
         -0.07856067, -0.10717329, -0.13592362, -0.1510574 ,
         -0.11374426, -0.09014434, -0.10846997, -0.14474139,
         -0.15768147]]], dtype=float32), reward=1), transition(observation=array([[ 0.8395045 ,  0.28890866,  0.48803705,  0.36232132,  0.14833881,
         0.2730845 ,  0.00933909, -0.04247423,  0.00948637, -0.07274963,
        -0.09512499, -0.05544006,  0.14464132,  0.38594183,  0.32092705,
         0.10693726, -0.01737448,  0.24054208,  0.32485658,  0.16642879,
         0.0235054 , -0.01157387,  0.00388462,  0.01743691,  0.04396732,
         0.2004272 ,  0.03512707,  0.22020456,  0.05232638,  0.2218329 ,
         0.14584729,  0.20024855, -0.08425537,  1.        ]],
      dtype=float32), activation=array([[[23.626942  , -0.19888125, -0.1751914 , -0.13855432,
         -0.12653184, -0.13616265, -0.11856697, -0.0985411 ,
         -0.10041555, -0.11739251, -0.13127176, -0.14993437,
         -0.1492314 , -0.14537513, -0.15125342, -0.17736234,
         -0.19120707]]], dtype=float32), h_activation=array([[[ 3.2848921e+00,  1.5285156e+00,  1.9483032e+00,  1.4960806e+00,
          1.5752929e+00,  5.4282153e-01, -2.2472905e-03,  5.2326317e+00,
         -4.6363669e-03,  2.6118836e+00]]], dtype=float32), o_activation=array([[[23.626942  , -0.19888125, -0.1751914 , -0.13855432,
         -0.12653184, -0.13616265, -0.11856697, -0.0985411 ,
         -0.10041555, -0.11739251, -0.13127176, -0.14993437,
         -0.1492314 , -0.14537513, -0.15125342, -0.17736234,
         -0.19120707]]], dtype=float32), reward=1), transition(observation=array([[ 1.0522656 ,  0.3486454 ,  0.34811702,  0.3200056 ,  0.06230465,
        -0.19689062, -0.14529751, -0.0575664 ,  0.00852359, -0.04569411,
         0.04473962,  0.09240934,  0.26673943,  0.32386705,  0.25190935,
         0.00913787,  0.05437145,  0.08394498,  0.5620021 ,  0.39705762,
        -0.06093604, -0.03073986, -0.09766712, -0.14737463, -0.01484943,
         0.21000457, -0.05022454,  0.10889107,  0.1854259 ,  0.48114604,
         0.14724904,  0.00618063,  0.0521871 ,  1.        ]],
      dtype=float32), activation=array([[[28.983826  , -0.17650607, -0.12285141, -0.09307047,
         -0.09985898, -0.1090407 , -0.11668343, -0.17436539,
         -0.19902536, -0.22925222, -0.20973754, -0.20271344,
         -0.18030718, -0.14946441, -0.14250547, -0.19776566,
         -0.21361345]]], dtype=float32), h_activation=array([[[ 5.5982676e+00,  8.3921033e-01,  2.4857993e+00,  1.8066645e+00,
          3.4925499e+00,  1.0436994e+00,  4.8581773e-01,  6.7026253e+00,
         -1.4035709e-03,  3.7719378e+00]]], dtype=float32), o_activation=array([[[28.983826  , -0.17650607, -0.12285141, -0.09307047,
         -0.09985898, -0.1090407 , -0.11668343, -0.17436539,
         -0.19902536, -0.22925222, -0.20973754, -0.20271344,
         -0.18030718, -0.14946441, -0.14250547, -0.19776566,
         -0.21361345]]], dtype=float32), reward=1), transition(observation=array([[ 0.9185784 ,  0.25764623,  0.32656577,  0.10807978,  0.17945601,
         0.1966242 ,  0.00483241,  0.0363148 , -0.0595188 , -0.15472785,
        -0.04682981, -0.02059407,  0.34616593,  0.45529595,  0.286307  ,
        -0.05745872,  0.04308423,  0.1778438 ,  0.45443463,  0.2721216 ,
         0.10864601,  0.06715642,  0.1502459 , -0.0994545 , -0.06536236,
        -0.08873763,  0.03632719, -0.00228774,  0.12797612,  0.27917555,
         0.4115023 ,  0.1841748 ,  0.15452778,  1.        ]],
      dtype=float32), activation=array([[[27.992107  , -0.11956608, -0.0654603 , -0.05800169,
         -0.12811658, -0.19851108, -0.18889277, -0.21803117,
         -0.21424253, -0.21835493, -0.1720831 , -0.16201837,
         -0.13517335, -0.10605766, -0.1161994 , -0.17378269,
         -0.16980638]]], dtype=float32), h_activation=array([[[ 6.7249155e+00,  1.0384450e+00,  3.4422204e+00,  4.4528645e-01,
          3.7015555e+00,  6.6058433e-01, -2.2355019e-04,  7.8783827e+00,
         -2.6713288e-03,  3.3556170e+00]]], dtype=float32), o_activation=array([[[27.992107  , -0.11956608, -0.0654603 , -0.05800169,
         -0.12811658, -0.19851108, -0.18889277, -0.21803117,
         -0.21424253, -0.21835493, -0.1720831 , -0.16201837,
         -0.13517335, -0.10605766, -0.1161994 , -0.17378269,
         -0.16980638]]], dtype=float32), reward=1), transition(observation=array([[ 1.19088697e+00,  3.15416992e-01,  2.41074651e-01,
         3.79573047e-01,  6.46768063e-02, -2.08239794e-01,
         1.58937767e-01, -6.13399781e-02, -1.18541174e-01,
        -4.63040695e-02,  4.53820713e-02,  2.01337580e-02,
         3.60878617e-01,  6.99047267e-01,  3.90193909e-01,
         8.90134349e-02,  7.56817358e-03,  3.16447198e-01,
         4.76181149e-01,  1.45338476e-01, -6.46582022e-02,
         5.37963570e-05, -9.30826887e-02,  8.66289437e-02,
         2.34721422e-01, -1.25362903e-01, -2.24500392e-02,
         6.01631850e-02,  6.85858950e-02,  4.20401543e-01,
         2.51888394e-01,  2.38260329e-01,  1.08916245e-01,
         1.00000000e+00]], dtype=float32), activation=array([[[37.251163  , -0.14455919, -0.09748283, -0.09700789,
         -0.15947314, -0.19785608, -0.18990082, -0.27859673,
         -0.3030177 , -0.3097464 , -0.24819662, -0.2217586 ,
         -0.17812936, -0.13497838, -0.1697939 , -0.25830507,
         -0.22456622]]], dtype=float32), h_activation=array([[[ 8.4101219e+00, -5.4065284e-04,  4.5663652e+00,  1.9239658e-01,
          5.7018523e+00,  7.2848117e-01,  9.1752642e-01,  9.2313805e+00,
          3.0252546e-02,  2.1322775e+00]]], dtype=float32), o_activation=array([[[37.251163  , -0.14455919, -0.09748283, -0.09700789,
         -0.15947314, -0.19785608, -0.18990082, -0.27859673,
         -0.3030177 , -0.3097464 , -0.24819662, -0.2217586 ,
         -0.17812936, -0.13497838, -0.1697939 , -0.25830507,
         -0.22456622]]], dtype=float32), reward=1), transition(observation=array([[ 1.0371761 ,  0.43080974,  0.49255186,  0.27303776,  0.02060582,
        -0.03083375, -0.2179544 , -0.06101595,  0.05630386, -0.00374186,
         0.03523275, -0.01042119,  0.2445414 ,  0.31437254,  0.23012021,
         0.02828456,  0.08821665,  0.3431735 ,  0.4527885 ,  0.27727893,
         0.03128963, -0.09271491, -0.14318933,  0.05307104, -0.04696024,
         0.05224684, -0.09154648,  0.03678012,  0.08994269,  0.25233117,
         0.22522855,  0.08129036, -0.08580672,  1.        ]],
      dtype=float32), activation=array([[[ 3.4341019e+01, -1.2964286e-01, -8.0250360e-02, -7.9646617e-02,
         -1.6517679e-01, -2.2965331e-01, -2.0411806e-01, -3.1299686e-01,
         -3.6799869e-01, -3.2742518e-01, -2.0858671e-01, -1.7704225e-01,
         -9.9351659e-02, -5.9493971e-03, -7.8149013e-02, -2.1816608e-01,
         -1.9991340e-01]]], dtype=float32), h_activation=array([[[ 9.0990419e+00,  2.4370015e-01,  4.1957331e+00, -3.6877918e-03,
          6.7594662e+00,  4.7826460e-01,  2.2969279e+00,  9.8051538e+00,
         -9.3312189e-04,  3.8307981e+00]]], dtype=float32), o_activation=array([[[ 3.4341019e+01, -1.2964286e-01, -8.0250360e-02, -7.9646617e-02,
         -1.6517679e-01, -2.2965331e-01, -2.0411806e-01, -3.1299686e-01,
         -3.6799869e-01, -3.2742518e-01, -2.0858671e-01, -1.7704225e-01,
         -9.9351659e-02, -5.9493971e-03, -7.8149013e-02, -2.1816608e-01,
         -1.9991340e-01]]], dtype=float32), reward=1), transition(observation=array([[0., 0., 0., 0., 0., 0., 0., 0., 0., 0., 0., 0., 0., 0., 0., 0.,
        0., 0., 0., 0., 0., 0., 0., 0., 0., 0., 0., 0., 0., 0., 0., 0.,
        0., 1.]], dtype=float32), activation=array([[[-5.4999590e-03,  1.2873414e+01,  1.6221352e+01,  1.2423329e+01,
         -1.4124904e-02, -1.3937236e-01, -1.3997059e-01, -2.2491929e-01,
         -2.2245048e-01, -1.6386557e-01, -4.8137069e-02, -8.7554641e-03,
          8.9045277e+00,  1.7191296e+01,  9.8293133e+00, -6.9277189e-03,
          3.9361262e+00]]], dtype=float32), h_activation=array([[[ 6.8676047e+00,  5.0538528e-01,  3.1593544e+00, -1.9659377e-03,
          5.3841634e+00,  1.1348644e-01,  3.0678298e+00,  7.2467232e+00,
          9.2606699e-01,  2.6993408e+00]]], dtype=float32), o_activation=array([[[-5.4999590e-03,  1.2873414e+01,  1.6221352e+01,  1.2423329e+01,
         -1.4124904e-02, -1.3937236e-01, -1.3997059e-01, -2.2491929e-01,
         -2.2245048e-01, -1.6386557e-01, -4.8137069e-02, -8.7554641e-03,
          8.9045277e+00,  1.7191296e+01,  9.8293133e+00, -6.9277189e-03,
          3.9361262e+00]]], dtype=float32), reward=1), transition(observation=array([[0., 0., 0., 0., 0., 0., 0., 0., 0., 0., 0., 0., 0., 0., 0., 0.,
        0., 0., 0., 0., 0., 0., 0., 0., 0., 0., 0., 0., 0., 0., 0., 0.,
        0., 1.]], dtype=float32), activation=array([[[-1.4467744e-02,  9.5628405e+00,  1.2607576e+01,  1.0165472e+01,
         -6.3938210e-03, -1.0643951e-01, -1.2836136e-01, -2.0164293e-01,
         -1.8146345e-01, -1.0586067e-01, -1.9453444e-02, -6.5520308e-03,
          6.5040512e+00,  1.3202950e+01,  7.1685057e+00, -8.4151318e-03,
          2.8679175e+00]]], dtype=float32), h_activation=array([[[ 5.0604076e+00,  6.6140532e-01,  2.6560853e+00,  7.8948975e-02,
          4.1163144e+00, -1.1814978e-03,  3.1790428e+00,  5.3109665e+00,
          1.1773168e+00,  1.9475527e+00]]], dtype=float32), o_activation=array([[[-1.4467744e-02,  9.5628405e+00,  1.2607576e+01,  1.0165472e+01,
         -6.3938210e-03, -1.0643951e-01, -1.2836136e-01, -2.0164293e-01,
         -1.8146345e-01, -1.0586067e-01, -1.9453444e-02, -6.5520308e-03,
          6.5040512e+00,  1.3202950e+01,  7.1685057e+00, -8.4151318e-03,
          2.8679175e+00]]], dtype=float32), reward=1)], success=True), configuration(episode=8, buffer=[transition(observation=array([[1., 0., 0., 0., 0., 0., 0., 0., 0., 0., 0., 0., 0., 0., 0., 0.,
        0., 0., 0., 0., 0., 0., 0., 0., 0., 0., 0., 0., 0., 0., 0., 0.,
        0., 1.]], dtype=float32), activation=array([[[22.06819   , -0.16423194, -0.09829667, -0.0684431 ,
         -0.08563564, -0.08378637, -0.07823429, -0.07916434,
         -0.07612116, -0.08751891, -0.13224255, -0.16178848,
         -0.12346218, -0.08102608, -0.10995874, -0.18023862,
         -0.20943384]]], dtype=float32), h_activation=array([[[ 0.7566331 ,  0.86678445,  0.876579  ,  1.1590619 ,
          0.4522693 ,  0.68814313, -0.00902339,  0.8538044 ,
          0.02913611,  0.7585149 ]]], dtype=float32), o_activation=array([[[22.06819   , -0.16423194, -0.09829667, -0.0684431 ,
         -0.08563564, -0.08378637, -0.07823429, -0.07916434,
         -0.07612116, -0.08751891, -0.13224255, -0.16178848,
         -0.12346218, -0.08102608, -0.10995874, -0.18023862,
         -0.20943384]]], dtype=float32), reward=1), transition(observation=array([[1., 0., 0., 0., 0., 0., 0., 0., 0., 0., 0., 0., 0., 0., 0., 0.,
        0., 0., 0., 0., 0., 0., 0., 0., 0., 0., 0., 0., 0., 0., 0., 0.,
        0., 1.]], dtype=float32), activation=array([[[21.337822  , -0.1491693 , -0.10197385, -0.06717525,
         -0.07688909, -0.09120708, -0.08393563, -0.07479876,
         -0.07536136, -0.09905721, -0.1364056 , -0.15782735,
         -0.11842414, -0.08629068, -0.10938227, -0.1589372 ,
         -0.1784776 ]]], dtype=float32), h_activation=array([[[ 1.3947372 ,  1.4963942 ,  1.4212117 ,  1.9371545 ,
          0.90128696,  1.2210518 , -0.00731216,  1.5029242 ,
          0.27260917,  1.3240087 ]]], dtype=float32), o_activation=array([[[21.337822  , -0.1491693 , -0.10197385, -0.06717525,
         -0.07688909, -0.09120708, -0.08393563, -0.07479876,
         -0.07536136, -0.09905721, -0.1364056 , -0.15782735,
         -0.11842414, -0.08629068, -0.10938227, -0.1589372 ,
         -0.1784776 ]]], dtype=float32), reward=1), transition(observation=array([[1., 0., 0., 0., 0., 0., 0., 0., 0., 0., 0., 0., 0., 0., 0., 0.,
        0., 0., 0., 0., 0., 0., 0., 0., 0., 0., 0., 0., 0., 0., 0., 0.,
        0., 1.]], dtype=float32), activation=array([[[20.68046   , -0.13755868, -0.10401591, -0.06871266,
         -0.07417372, -0.09812391, -0.0886594 , -0.07560153,
         -0.07856067, -0.10717329, -0.13592362, -0.1510574 ,
         -0.11374426, -0.09014434, -0.10846997, -0.14474139,
         -0.15768147]]], dtype=float32), h_activation=array([[[ 1.9113798 ,  1.9336143 ,  1.733639  ,  2.4304285 ,
          1.3138043 ,  1.6161711 , -0.00559584,  1.9876068 ,
          0.6261538 ,  1.7347419 ]]], dtype=float32), o_activation=array([[[20.68046   , -0.13755868, -0.10401591, -0.06871266,
         -0.07417372, -0.09812391, -0.0886594 , -0.07560153,
         -0.07856067, -0.10717329, -0.13592362, -0.1510574 ,
         -0.11374426, -0.09014434, -0.10846997, -0.14474139,
         -0.15768147]]], dtype=float32), reward=1), transition(observation=array([[ 1.032584  ,  0.07888948, -0.04386556,  0.02290539, -0.04216916,
         0.05829855,  0.16078018,  0.60832924,  0.85957867,  0.45218286,
         0.10991969, -0.00889705,  0.17383462,  0.12460154,  0.04476234,
         0.01890535, -0.18206759,  0.06557814,  0.07671046, -0.13435036,
        -0.1641891 ,  0.0440328 ,  0.273758  ,  0.600123  ,  0.6967558 ,
         0.13252057, -0.01312962, -0.1445153 , -0.1158312 ,  0.083728  ,
        -0.0452891 , -0.0928752 , -0.09129411,  1.        ]],
      dtype=float32), activation=array([[[31.774323  , -0.14817601, -0.12232646, -0.0819374 ,
         -0.10726169, -0.15201351, -0.15994605, -0.1766291 ,
         -0.20473236, -0.2195162 , -0.21117932, -0.2015289 ,
         -0.16168724, -0.13386455, -0.13663523, -0.16576053,
         -0.176438  ]]], dtype=float32), h_activation=array([[[-1.97000848e-03,  1.73028421e+00,  1.45007205e+00,
          1.73076212e+00,  2.29559875e+00,  3.15113401e+00,
         -1.31415725e-02, -1.89649761e-02, -7.87624624e-04,
          3.33664751e+00]]], dtype=float32), o_activation=array([[[31.774323  , -0.14817601, -0.12232646, -0.0819374 ,
         -0.10726169, -0.15201351, -0.15994605, -0.1766291 ,
         -0.20473236, -0.2195162 , -0.21117932, -0.2015289 ,
         -0.16168724, -0.13386455, -0.13663523, -0.16576053,
         -0.176438  ]]], dtype=float32), reward=1), transition(observation=array([[ 0.8550245 ,  0.15546823, -0.12677984,  0.04931068, -0.13498156,
         0.14455071,  0.23132639,  0.8269195 ,  0.6221    ,  0.4462626 ,
         0.06052561,  0.12980711, -0.06549291,  0.01440109,  0.09786422,
        -0.05577173, -0.07011048,  0.12082467, -0.02108791, -0.08095064,
         0.06790955,  0.11285317,  0.21662696,  0.6490068 ,  0.7135693 ,
         0.30948624, -0.01424238, -0.23448344,  0.05207936,  0.04180669,
         0.10236469, -0.05521318, -0.02070455,  1.        ]],
      dtype=float32), activation=array([[[26.085587  , -0.13021842, -0.11173437, -0.11202091,
         -0.15620166, -0.19571204, -0.16458622, -0.09413806,
         -0.0802898 , -0.12538682, -0.18031278, -0.1749777 ,
         -0.12999603, -0.12227958, -0.11182083, -0.1347722 ,
         -0.16602376]]], dtype=float32), h_activation=array([[[-0.0238559 ,  1.6375864 ,  2.2094872 ,  1.8266156 ,
          2.8974118 ,  3.1635132 , -0.02076774, -0.03172293,
          0.6193378 ,  4.474339  ]]], dtype=float32), o_activation=array([[[26.085587  , -0.13021842, -0.11173437, -0.11202091,
         -0.15620166, -0.19571204, -0.16458622, -0.09413806,
         -0.0802898 , -0.12538682, -0.18031278, -0.1749777 ,
         -0.12999603, -0.12227958, -0.11182083, -0.1347722 ,
         -0.16602376]]], dtype=float32), reward=1), transition(observation=array([[ 0.9545268 , -0.09891803, -0.03137416, -0.01928588,  0.01312793,
        -0.0211743 ,  0.03087018,  0.38246688,  0.8965496 ,  0.24500339,
         0.09580999, -0.1078587 , -0.02210169, -0.02214685, -0.02099313,
         0.01087026,  0.02101124, -0.06977373,  0.10658514,  0.15081272,
         0.06923737,  0.07536587,  0.43769097,  0.6025988 ,  0.62863606,
         0.11836826,  0.13298725,  0.01961562,  0.04839861,  0.05072578,
        -0.08936681, -0.04658684, -0.04015302,  1.        ]],
      dtype=float32), activation=array([[[22.854496  , -0.11294401, -0.10186631, -0.12080207,
         -0.16809116, -0.19376001, -0.13445523, -0.05313455,
         -0.05334046, -0.12037063, -0.16718082, -0.1592035 ,
         -0.11993106, -0.13784507, -0.1238039 , -0.13568738,
         -0.15503995]]], dtype=float32), h_activation=array([[[-1.5621724e-02,  1.7953424e+00,  1.5357206e+00,  2.1706676e+00,
          2.8879182e+00,  4.2988949e+00, -8.0955466e-03, -2.8352167e-02,
         -4.7470881e-03,  5.4883680e+00]]], dtype=float32), o_activation=array([[[22.854496  , -0.11294401, -0.10186631, -0.12080207,
         -0.16809116, -0.19376001, -0.13445523, -0.05313455,
         -0.05334046, -0.12037063, -0.16718082, -0.1592035 ,
         -0.11993106, -0.13784507, -0.1238039 , -0.13568738,
         -0.15503995]]], dtype=float32), reward=1), transition(observation=array([[ 9.85430479e-01,  1.14527024e-01,  1.54752895e-01,
         2.44812649e-02,  2.00040221e-01, -1.24504544e-01,
         1.73357993e-01,  6.03887618e-01,  7.66416311e-01,
         4.48715329e-01, -5.31981811e-02, -2.03009881e-02,
        -8.75837356e-02, -1.46772161e-01, -3.50769907e-02,
        -1.82870239e-01,  1.10406950e-01,  7.44467601e-02,
         5.22374362e-02,  1.06030747e-01, -8.19115043e-02,
         2.31926337e-01,  3.48529041e-01,  7.43799746e-01,
         7.69148171e-01,  3.05868596e-01, -1.02823384e-01,
        -1.07307531e-01,  1.62941188e-01,  1.45696085e-02,
        -1.19821839e-01, -1.51180148e-01, -3.81794234e-04,
         1.00000000e+00]], dtype=float32), activation=array([[[26.47818   , -0.14902711, -0.13715921, -0.15682468,
         -0.19384524, -0.22968268, -0.177162  , -0.07366331,
         -0.04753771, -0.11557304, -0.17824522, -0.15511738,
         -0.10936798, -0.14571325, -0.11715294, -0.12624821,
         -0.17800258]]], dtype=float32), h_activation=array([[[-1.4642115e-02,  1.8814967e+00,  1.8901901e+00,  2.3311613e+00,
          2.8507111e+00,  3.6763635e+00, -1.0798439e-02, -2.9769093e-02,
         -5.6451987e-03,  7.5669541e+00]]], dtype=float32), o_activation=array([[[26.47818   , -0.14902711, -0.13715921, -0.15682468,
         -0.19384524, -0.22968268, -0.177162  , -0.07366331,
         -0.04753771, -0.11557304, -0.17824522, -0.15511738,
         -0.10936798, -0.14571325, -0.11715294, -0.12624821,
         -0.17800258]]], dtype=float32), reward=1), transition(observation=array([[ 1.0156451 ,  0.07485756, -0.08495236,  0.00278607, -0.03423753,
         0.1489985 ,  0.32334667,  0.7660193 ,  0.7741226 ,  0.41223615,
         0.11026349, -0.14016531,  0.07658574, -0.13565578, -0.25267807,
        -0.02813796, -0.09516027,  0.11303794,  0.09616488, -0.1440517 ,
         0.02716546,  0.12697999,  0.30889168,  0.9485949 ,  0.64316064,
         0.34212014, -0.00224475, -0.0147778 , -0.05174124, -0.06790193,
         0.09394571, -0.11086598,  0.062211  ,  1.        ]],
      dtype=float32), activation=array([[[27.30692   , -0.10330715, -0.08354402, -0.12152329,
         -0.19432285, -0.254028  , -0.20401883, -0.07207351,
         -0.03267127, -0.11869629, -0.19639814, -0.17333491,
         -0.12400219, -0.17995496, -0.13800028, -0.11565351,
         -0.15517156]]], dtype=float32), h_activation=array([[[-0.02367967,  1.8260112 ,  2.2042053 ,  1.8686054 ,
          2.280275  ,  3.477941  , -0.01490428, -0.04227838,
          0.49467358,  8.120813  ]]], dtype=float32), o_activation=array([[[27.30692   , -0.10330715, -0.08354402, -0.12152329,
         -0.19432285, -0.254028  , -0.20401883, -0.07207351,
         -0.03267127, -0.11869629, -0.19639814, -0.17333491,
         -0.12400219, -0.17995496, -0.13800028, -0.11565351,
         -0.15517156]]], dtype=float32), reward=1), transition(observation=array([[0., 0., 0., 0., 0., 0., 0., 0., 0., 0., 0., 0., 0., 0., 0., 0.,
        0., 0., 0., 0., 0., 0., 0., 0., 0., 0., 0., 0., 0., 0., 0., 0.,
        0., 1.]], dtype=float32), activation=array([[[-1.13435335e-01,  4.36218739e+00,  4.30889893e+00,
         -5.74550638e-03, -4.52649966e-02, -6.71103001e-02,
         -3.55411274e-03,  1.38043413e+01,  1.87634907e+01,
          5.98405933e+00, -4.91264053e-02, -2.01330129e-02,
          5.60126603e-01, -8.76574144e-02, -4.95562255e-02,
          1.79089165e+00,  1.85693455e+00]]], dtype=float32), h_activation=array([[[ 3.3787489e-01,  1.6341577e+00,  1.8819749e+00,  1.8023438e+00,
          1.8973007e+00,  2.9665027e+00, -9.8094728e-04,  3.2576808e-01,
          8.2191753e-01,  6.5573421e+00]]], dtype=float32), o_activation=array([[[-1.13435335e-01,  4.36218739e+00,  4.30889893e+00,
         -5.74550638e-03, -4.52649966e-02, -6.71103001e-02,
         -3.55411274e-03,  1.38043413e+01,  1.87634907e+01,
          5.98405933e+00, -4.91264053e-02, -2.01330129e-02,
          5.60126603e-01, -8.76574144e-02, -4.95562255e-02,
          1.79089165e+00,  1.85693455e+00]]], dtype=float32), reward=1), transition(observation=array([[0., 0., 0., 0., 0., 0., 0., 0., 0., 0., 0., 0., 0., 0., 0., 0.,
        0., 0., 0., 0., 0., 0., 0., 0., 0., 0., 0., 0., 0., 0., 0., 0.,
        0., 1.]], dtype=float32), activation=array([[[-0.10725063,  3.0033588 ,  3.6687844 ,  0.41203403,
         -0.02796409, -0.04618249,  0.5369084 , 11.036467  ,
         14.573058  ,  4.242794  , -0.04139638, -0.01601763,
          0.6102919 , -0.06523483, -0.0374197 ,  1.1730433 ,
          0.91496134]]], dtype=float32), h_activation=array([[[ 5.7678890e-01,  1.4966288e+00,  1.6742070e+00,  1.7730236e+00,
          1.5642089e+00,  2.5431008e+00, -6.1421393e-04,  5.6524235e-01,
          1.0126218e+00,  5.3625007e+00]]], dtype=float32), o_activation=array([[[-0.10725063,  3.0033588 ,  3.6687844 ,  0.41203403,
         -0.02796409, -0.04618249,  0.5369084 , 11.036467  ,
         14.573058  ,  4.242794  , -0.04139638, -0.01601763,
          0.6102919 , -0.06523483, -0.0374197 ,  1.1730433 ,
          0.91496134]]], dtype=float32), reward=1)], success=True), configuration(episode=9, buffer=[transition(observation=array([[1., 0., 0., 0., 0., 0., 0., 0., 0., 0., 0., 0., 0., 0., 0., 0.,
        0., 0., 0., 0., 0., 0., 0., 0., 0., 0., 0., 0., 0., 0., 0., 0.,
        0., 1.]], dtype=float32), activation=array([[[22.06819   , -0.16423194, -0.09829667, -0.0684431 ,
         -0.08563564, -0.08378637, -0.07823429, -0.07916434,
         -0.07612116, -0.08751891, -0.13224255, -0.16178848,
         -0.12346218, -0.08102608, -0.10995874, -0.18023862,
         -0.20943384]]], dtype=float32), h_activation=array([[[ 0.7566331 ,  0.86678445,  0.876579  ,  1.1590619 ,
          0.4522693 ,  0.68814313, -0.00902339,  0.8538044 ,
          0.02913611,  0.7585149 ]]], dtype=float32), o_activation=array([[[22.06819   , -0.16423194, -0.09829667, -0.0684431 ,
         -0.08563564, -0.08378637, -0.07823429, -0.07916434,
         -0.07612116, -0.08751891, -0.13224255, -0.16178848,
         -0.12346218, -0.08102608, -0.10995874, -0.18023862,
         -0.20943384]]], dtype=float32), reward=1), transition(observation=array([[1., 0., 0., 0., 0., 0., 0., 0., 0., 0., 0., 0., 0., 0., 0., 0.,
        0., 0., 0., 0., 0., 0., 0., 0., 0., 0., 0., 0., 0., 0., 0., 0.,
        0., 1.]], dtype=float32), activation=array([[[21.337822  , -0.1491693 , -0.10197385, -0.06717525,
         -0.07688909, -0.09120708, -0.08393563, -0.07479876,
         -0.07536136, -0.09905721, -0.1364056 , -0.15782735,
         -0.11842414, -0.08629068, -0.10938227, -0.1589372 ,
         -0.1784776 ]]], dtype=float32), h_activation=array([[[ 1.3947372 ,  1.4963942 ,  1.4212117 ,  1.9371545 ,
          0.90128696,  1.2210518 , -0.00731216,  1.5029242 ,
          0.27260917,  1.3240087 ]]], dtype=float32), o_activation=array([[[21.337822  , -0.1491693 , -0.10197385, -0.06717525,
         -0.07688909, -0.09120708, -0.08393563, -0.07479876,
         -0.07536136, -0.09905721, -0.1364056 , -0.15782735,
         -0.11842414, -0.08629068, -0.10938227, -0.1589372 ,
         -0.1784776 ]]], dtype=float32), reward=1), transition(observation=array([[1., 0., 0., 0., 0., 0., 0., 0., 0., 0., 0., 0., 0., 0., 0., 0.,
        0., 0., 0., 0., 0., 0., 0., 0., 0., 0., 0., 0., 0., 0., 0., 0.,
        0., 1.]], dtype=float32), activation=array([[[20.68046   , -0.13755868, -0.10401591, -0.06871266,
         -0.07417372, -0.09812391, -0.0886594 , -0.07560153,
         -0.07856067, -0.10717329, -0.13592362, -0.1510574 ,
         -0.11374426, -0.09014434, -0.10846997, -0.14474139,
         -0.15768147]]], dtype=float32), h_activation=array([[[ 1.9113798 ,  1.9336143 ,  1.733639  ,  2.4304285 ,
          1.3138043 ,  1.6161711 , -0.00559584,  1.9876068 ,
          0.6261538 ,  1.7347419 ]]], dtype=float32), o_activation=array([[[20.68046   , -0.13755868, -0.10401591, -0.06871266,
         -0.07417372, -0.09812391, -0.0886594 , -0.07560153,
         -0.07856067, -0.10717329, -0.13592362, -0.1510574 ,
         -0.11374426, -0.09014434, -0.10846997, -0.14474139,
         -0.15768147]]], dtype=float32), reward=1), transition(observation=array([[ 1.1033859 , -0.09449986, -0.01763288,  0.05513925,  0.09268704,
        -0.00580805, -0.06222006, -0.06513125, -0.04667189, -0.08174681,
         0.12092996,  0.28174356,  0.41194442,  0.6086203 ,  0.39952132,
         0.2888671 , -0.07238821, -0.20196852,  0.03229015, -0.06755245,
         0.12497164,  0.06328951,  0.05951649, -0.07358313, -0.04169297,
         0.10553295,  0.30592394,  0.25929326,  0.72168285,  0.41692576,
         0.28797916,  0.04336672,  0.08314436,  1.        ]],
      dtype=float32), activation=array([[[29.732918  , -0.15838993, -0.13957177, -0.10436036,
         -0.11928017, -0.13361992, -0.12233572, -0.10925224,
         -0.10906246, -0.1608655 , -0.21096109, -0.23527347,
         -0.22589333, -0.21577354, -0.21619453, -0.21442485,
         -0.18671711]]], dtype=float32), h_activation=array([[[ 4.2284393 ,  1.5791504 ,  1.9329827 ,  3.309177  ,
          2.9291859 ,  4.4959817 , -0.00783061,  4.143052  ,
          0.68523014,  0.04937291]]], dtype=float32), o_activation=array([[[29.732918  , -0.15838993, -0.13957177, -0.10436036,
         -0.11928017, -0.13361992, -0.12233572, -0.10925224,
         -0.10906246, -0.1608655 , -0.21096109, -0.23527347,
         -0.22589333, -0.21577354, -0.21619453, -0.21442485,
         -0.18671711]]], dtype=float32), reward=1), transition(observation=array([[ 0.98474795, -0.16683602, -0.00818443, -0.04840102,  0.10219201,
        -0.05511525,  0.06560037, -0.11227691, -0.07184493, -0.06776745,
         0.13079129,  0.21594742,  0.41897476,  0.4544752 ,  0.61193854,
         0.25777137,  0.00843686, -0.06677597,  0.14772496, -0.07106145,
         0.09616528,  0.01235387,  0.13564904, -0.08640396, -0.00703234,
         0.03368666,  0.1164814 ,  0.3984035 ,  0.634327  ,  0.49097204,
         0.1593137 ,  0.05708156, -0.05086818,  1.        ]],
      dtype=float32), activation=array([[[27.311089  , -0.14822097, -0.14468156, -0.10995774,
         -0.13084427, -0.16971299, -0.14415973, -0.14518426,
         -0.14968917, -0.1920614 , -0.18964504, -0.17958231,
         -0.15484948, -0.12670383, -0.14702763, -0.17523654,
         -0.16183363]]], dtype=float32), h_activation=array([[[ 5.3084722e+00,  1.3728383e+00,  1.8229859e+00,  3.6767597e+00,
          4.3301277e+00,  6.5336280e+00, -6.5447093e-04,  5.9684687e+00,
          1.3727787e+00, -1.7911537e-02]]], dtype=float32), o_activation=array([[[27.311089  , -0.14822097, -0.14468156, -0.10995774,
         -0.13084427, -0.16971299, -0.14415973, -0.14518426,
         -0.14968917, -0.1920614 , -0.18964504, -0.17958231,
         -0.15484948, -0.12670383, -0.14702763, -0.17523654,
         -0.16183363]]], dtype=float32), reward=1), transition(observation=array([[ 1.0973694 , -0.00839587, -0.16637656, -0.22008136,  0.13543227,
         0.00472962, -0.04185065,  0.07196515, -0.05364237,  0.19757813,
        -0.05339742,  0.15736029,  0.37204897,  0.40661055,  0.5949995 ,
         0.33137736,  0.02433541,  0.06139161,  0.00774383, -0.19933927,
        -0.07598654, -0.01754267, -0.04829278,  0.00452399,  0.0692459 ,
         0.205657  ,  0.08023474,  0.33486846,  0.7115655 ,  0.38983878,
         0.16350365,  0.05875272,  0.00975609,  1.        ]],
      dtype=float32), activation=array([[[30.564137  , -0.15763085, -0.14939563, -0.13657112,
         -0.17723767, -0.22231853, -0.17902416, -0.20062815,
         -0.21347654, -0.24692649, -0.19792274, -0.15153642,
         -0.12999317, -0.10685945, -0.11863618, -0.17312789,
         -0.18736698]]], dtype=float32), h_activation=array([[[ 5.527296  ,  2.478843  ,  2.101037  ,  3.1634278 ,
          5.6651936 ,  8.520939  ,  0.59503573,  6.587942  ,
          1.4397311 , -0.01497895]]], dtype=float32), o_activation=array([[[30.564137  , -0.15763085, -0.14939563, -0.13657112,
         -0.17723767, -0.22231853, -0.17902416, -0.20062815,
         -0.21347654, -0.24692649, -0.19792274, -0.15153642,
         -0.12999317, -0.10685945, -0.11863618, -0.17312789,
         -0.18736698]]], dtype=float32), reward=1), transition(observation=array([[ 1.0397174 , -0.00587182, -0.1483719 ,  0.166614  ,  0.04983035,
         0.02769409,  0.03882147,  0.0307814 ,  0.01479452, -0.20416422,
        -0.1074969 ,  0.09304494,  0.27677897,  0.50603276,  0.57800734,
         0.19711071,  0.01607971, -0.05706024, -0.1556196 , -0.10961466,
         0.00713884, -0.07963359,  0.03309397,  0.06290979, -0.00530513,
         0.03091939,  0.01716517,  0.31892824,  0.78380835,  0.5554279 ,
         0.0959978 ,  0.13171577, -0.03242021,  1.        ]],
      dtype=float32), activation=array([[[26.775593  , -0.14284629, -0.17643566, -0.20221779,
         -0.2125301 , -0.24550846, -0.20181106, -0.214564  ,
         -0.17790987, -0.19567516, -0.1563319 , -0.10871315,
         -0.08908624, -0.0672327 , -0.07666864, -0.13464609,
         -0.15598829]]], dtype=float32), h_activation=array([[[ 5.8054776 ,  1.3291234 ,  2.8131335 ,  3.0219193 ,
          5.5393505 ,  8.40153   ,  0.7861348 ,  7.7474346 ,
          1.1798495 , -0.01711325]]], dtype=float32), o_activation=array([[[26.775593  , -0.14284629, -0.17643566, -0.20221779,
         -0.2125301 , -0.24550846, -0.20181106, -0.214564  ,
         -0.17790987, -0.19567516, -0.1563319 , -0.10871315,
         -0.08908624, -0.0672327 , -0.07666864, -0.13464609,
         -0.15598829]]], dtype=float32), reward=1), transition(observation=array([[ 9.23131347e-01, -1.17128022e-01,  4.06222567e-02,
        -7.24395737e-02, -1.46988839e-01, -3.40057947e-02,
        -1.47186488e-01, -4.60809504e-04,  2.56286338e-02,
        -1.09974004e-01,  2.69591004e-01,  1.28079608e-01,
         4.43736732e-01,  3.98712546e-01,  4.23840165e-01,
         4.12215060e-03,  6.69723228e-02,  1.71405096e-02,
         5.32276295e-02,  7.30487481e-02,  9.39465165e-02,
        -2.19326764e-02,  1.88427225e-01, -7.87574723e-02,
         8.69751349e-02,  8.96696374e-02,  2.27121770e-01,
         2.45702863e-01,  6.72984123e-01,  5.29873371e-01,
         1.46182984e-01,  1.51404291e-01,  1.37876093e-01,
         1.00000000e+00]], dtype=float32), activation=array([[[23.740326  , -0.10721959, -0.12863368, -0.15264632,
         -0.18354112, -0.2170302 , -0.16996172, -0.20421098,
         -0.20123586, -0.25298035, -0.20072804, -0.12667549,
         -0.07882953, -0.03211866, -0.03143957, -0.08498216,
         -0.11559013]]], dtype=float32), h_activation=array([[[ 6.4485941e+00,  5.6541526e-01,  2.5993221e+00,  2.5437689e+00,
          6.8411484e+00,  8.6519060e+00,  1.1276801e+00,  7.1883497e+00,
          2.2363307e+00, -8.1896987e-03]]], dtype=float32), o_activation=array([[[23.740326  , -0.10721959, -0.12863368, -0.15264632,
         -0.18354112, -0.2170302 , -0.16996172, -0.20421098,
         -0.20123586, -0.25298035, -0.20072804, -0.12667549,
         -0.07882953, -0.03211866, -0.03143957, -0.08498216,
         -0.11559013]]], dtype=float32), reward=1), transition(observation=array([[0., 0., 0., 0., 0., 0., 0., 0., 0., 0., 0., 0., 0., 0., 0., 0.,
        0., 0., 0., 0., 0., 0., 0., 0., 0., 0., 0., 0., 0., 0., 0., 0.,
        0., 1.]], dtype=float32), activation=array([[[-6.30224049e-02,  1.97124243e+00, -1.34788128e-02,
         -6.36869222e-02, -1.12893313e-01, -1.63832679e-01,
         -8.67190883e-02, -1.05706587e-01, -9.91829485e-02,
         -1.02435805e-01, -1.39497323e-02,  7.23013926e+00,
          1.29508829e+01,  1.75595646e+01,  1.49978037e+01,
          7.60926580e+00,  2.54990149e+00]]], dtype=float32), h_activation=array([[[4.9560485 , 0.2530132 , 1.8041286 , 1.7466452 , 5.3009043 ,
         6.140686  , 2.3115685 , 5.3812437 , 2.7740533 , 0.08244395]]],
      dtype=float32), o_activation=array([[[-6.30224049e-02,  1.97124243e+00, -1.34788128e-02,
         -6.36869222e-02, -1.12893313e-01, -1.63832679e-01,
         -8.67190883e-02, -1.05706587e-01, -9.91829485e-02,
         -1.02435805e-01, -1.39497323e-02,  7.23013926e+00,
          1.29508829e+01,  1.75595646e+01,  1.49978037e+01,
          7.60926580e+00,  2.54990149e+00]]], dtype=float32), reward=0), transition(observation=array([[0., 0., 0., 0., 0., 0., 0., 0., 0., 0., 0., 0., 0., 0., 0., 0.,
        0., 0., 0., 0., 0., 0., 0., 0., 0., 0., 0., 0., 0., 0., 0., 0.,
        0., 1.]], dtype=float32), activation=array([[[-0.05592776,  1.5265627 ,  0.48834664, -0.03301406,
         -0.08466385, -0.12874052, -0.09218754, -0.119468  ,
         -0.0956661 , -0.06777473,  0.34697533,  5.962792  ,
          9.876702  , 12.970806  , 10.783014  ,  5.2634387 ,
          1.3958411 ]]], dtype=float32), h_activation=array([[[3.6569252 , 0.09144199, 1.5456398 , 1.4046369 , 3.9289873 ,
         4.300417  , 2.7114444 , 3.967416  , 2.6605215 , 0.170415  ]]],
      dtype=float32), o_activation=array([[[-0.05592776,  1.5265627 ,  0.48834664, -0.03301406,
         -0.08466385, -0.12874052, -0.09218754, -0.119468  ,
         -0.0956661 , -0.06777473,  0.34697533,  5.962792  ,
          9.876702  , 12.970806  , 10.783014  ,  5.2634387 ,
          1.3958411 ]]], dtype=float32), reward=0)], success=False), configuration(episode=10, buffer=[transition(observation=array([[1., 0., 0., 0., 0., 0., 0., 0., 0., 0., 0., 0., 0., 0., 0., 0.,
        0., 0., 0., 0., 0., 0., 0., 0., 0., 0., 0., 0., 0., 0., 0., 0.,
        0., 1.]], dtype=float32), activation=array([[[22.06819   , -0.16423194, -0.09829667, -0.0684431 ,
         -0.08563564, -0.08378637, -0.07823429, -0.07916434,
         -0.07612116, -0.08751891, -0.13224255, -0.16178848,
         -0.12346218, -0.08102608, -0.10995874, -0.18023862,
         -0.20943384]]], dtype=float32), h_activation=array([[[ 0.7566331 ,  0.86678445,  0.876579  ,  1.1590619 ,
          0.4522693 ,  0.68814313, -0.00902339,  0.8538044 ,
          0.02913611,  0.7585149 ]]], dtype=float32), o_activation=array([[[22.06819   , -0.16423194, -0.09829667, -0.0684431 ,
         -0.08563564, -0.08378637, -0.07823429, -0.07916434,
         -0.07612116, -0.08751891, -0.13224255, -0.16178848,
         -0.12346218, -0.08102608, -0.10995874, -0.18023862,
         -0.20943384]]], dtype=float32), reward=1), transition(observation=array([[1., 0., 0., 0., 0., 0., 0., 0., 0., 0., 0., 0., 0., 0., 0., 0.,
        0., 0., 0., 0., 0., 0., 0., 0., 0., 0., 0., 0., 0., 0., 0., 0.,
        0., 1.]], dtype=float32), activation=array([[[21.337822  , -0.1491693 , -0.10197385, -0.06717525,
         -0.07688909, -0.09120708, -0.08393563, -0.07479876,
         -0.07536136, -0.09905721, -0.1364056 , -0.15782735,
         -0.11842414, -0.08629068, -0.10938227, -0.1589372 ,
         -0.1784776 ]]], dtype=float32), h_activation=array([[[ 1.3947372 ,  1.4963942 ,  1.4212117 ,  1.9371545 ,
          0.90128696,  1.2210518 , -0.00731216,  1.5029242 ,
          0.27260917,  1.3240087 ]]], dtype=float32), o_activation=array([[[21.337822  , -0.1491693 , -0.10197385, -0.06717525,
         -0.07688909, -0.09120708, -0.08393563, -0.07479876,
         -0.07536136, -0.09905721, -0.1364056 , -0.15782735,
         -0.11842414, -0.08629068, -0.10938227, -0.1589372 ,
         -0.1784776 ]]], dtype=float32), reward=1), transition(observation=array([[1., 0., 0., 0., 0., 0., 0., 0., 0., 0., 0., 0., 0., 0., 0., 0.,
        0., 0., 0., 0., 0., 0., 0., 0., 0., 0., 0., 0., 0., 0., 0., 0.,
        0., 1.]], dtype=float32), activation=array([[[20.68046   , -0.13755868, -0.10401591, -0.06871266,
         -0.07417372, -0.09812391, -0.0886594 , -0.07560153,
         -0.07856067, -0.10717329, -0.13592362, -0.1510574 ,
         -0.11374426, -0.09014434, -0.10846997, -0.14474139,
         -0.15768147]]], dtype=float32), h_activation=array([[[ 1.9113798 ,  1.9336143 ,  1.733639  ,  2.4304285 ,
          1.3138043 ,  1.6161711 , -0.00559584,  1.9876068 ,
          0.6261538 ,  1.7347419 ]]], dtype=float32), o_activation=array([[[20.68046   , -0.13755868, -0.10401591, -0.06871266,
         -0.07417372, -0.09812391, -0.0886594 , -0.07560153,
         -0.07856067, -0.10717329, -0.13592362, -0.1510574 ,
         -0.11374426, -0.09014434, -0.10846997, -0.14474139,
         -0.15768147]]], dtype=float32), reward=1), transition(observation=array([[ 0.91205895, -0.17471366,  0.01579236,  0.26716053,  0.23201902,
         0.07101507, -0.05781639, -0.00304212,  0.06731015,  0.16983737,
        -0.0183267 , -0.03343106,  0.09609319,  0.32140985,  0.42351454,
         0.35824633,  0.23911625, -0.06578562,  0.12303655,  0.3392721 ,
         0.37916365,  0.21914366, -0.12756704,  0.06521646,  0.00631696,
        -0.05538951, -0.05037586,  0.03055626,  0.07582375,  0.4087764 ,
         0.6370511 ,  0.07766515,  0.11276857,  1.        ]],
      dtype=float32), activation=array([[[25.110296  , -0.16170585, -0.1343094 , -0.10451341,
         -0.11852109, -0.12964126, -0.11186658, -0.09983774,
         -0.11262783, -0.14995398, -0.16452655, -0.16693185,
         -0.15684634, -0.16145647, -0.18049622, -0.20167923,
         -0.18860851]]], dtype=float32), h_activation=array([[[ 2.7076635 ,  2.5956576 ,  1.6990602 ,  3.8871717 ,
          2.1074219 ,  3.0924973 ,  1.1194751 ,  3.9432652 ,
         -0.00605091,  0.37006772]]], dtype=float32), o_activation=array([[[25.110296  , -0.16170585, -0.1343094 , -0.10451341,
         -0.11852109, -0.12964126, -0.11186658, -0.09983774,
         -0.11262783, -0.14995398, -0.16452655, -0.16693185,
         -0.15684634, -0.16145647, -0.18049622, -0.20167923,
         -0.18860851]]], dtype=float32), reward=1), transition(observation=array([[ 1.0762615 ,  0.11674733,  0.1309359 ,  0.23596717,  0.37905803,
         0.16320948, -0.03248826, -0.02295466,  0.13207275, -0.00663461,
         0.11436658, -0.13749975,  0.05640704,  0.2753761 ,  0.3908004 ,
         0.26496312,  0.00156926, -0.04007401, -0.03548134,  0.1426339 ,
         0.54749805,  0.07475048, -0.04317762, -0.05124635, -0.10902546,
        -0.06718197, -0.00725943, -0.03597628,  0.15850198,  0.43906355,
         0.5949128 ,  0.11877483,  0.06655854,  1.        ]],
      dtype=float32), activation=array([[[31.462872  , -0.19684371, -0.18448988, -0.14271134,
         -0.13779198, -0.18176137, -0.18708535, -0.17832021,
         -0.16859399, -0.17859176, -0.16571376, -0.17294608,
         -0.15702298, -0.12797329, -0.13576965, -0.16547169,
         -0.18698256]]], dtype=float32), h_activation=array([[[ 3.2627022 ,  3.4242263 ,  1.6107848 ,  4.2036486 ,
          2.5506847 ,  2.5845072 ,  0.86761624,  5.7838087 ,
         -0.01002119,  0.30071172]]], dtype=float32), o_activation=array([[[31.462872  , -0.19684371, -0.18448988, -0.14271134,
         -0.13779198, -0.18176137, -0.18708535, -0.17832021,
         -0.16859399, -0.17859176, -0.16571376, -0.17294608,
         -0.15702298, -0.12797329, -0.13576965, -0.16547169,
         -0.18698256]]], dtype=float32), reward=1), transition(observation=array([[ 0.9363896 , -0.09397618, -0.05404748,  0.03823167,  0.44102046,
         0.08837516,  0.11257625,  0.03767039,  0.03059777, -0.10667674,
        -0.13812359,  0.04689928,  0.09291852,  0.14994583,  0.5835497 ,
         0.38650608,  0.09193726,  0.04822174,  0.04883289, -0.00838595,
         0.3586586 ,  0.0383375 , -0.03126268,  0.06791188,  0.03979796,
        -0.08172644,  0.16082972, -0.12333817,  0.13976489,  0.2482353 ,
         0.6314922 ,  0.36325902,  0.22949116,  1.        ]],
      dtype=float32), activation=array([[[26.17279   , -0.14393663, -0.12143739, -0.08237141,
         -0.09262519, -0.15254089, -0.16924663, -0.18896165,
         -0.17584188, -0.17521435, -0.13843709, -0.15289755,
         -0.15419006, -0.1091961 , -0.10465445, -0.14686866,
         -0.15717472]]], dtype=float32), h_activation=array([[[ 2.9551601e+00,  3.8427041e+00,  1.5936370e+00,  5.1644616e+00,
          1.9596140e+00,  3.8496222e+00,  6.8394715e-01,  7.4907026e+00,
         -2.8444112e-03, -1.1865277e-02]]], dtype=float32), o_activation=array([[[26.17279   , -0.14393663, -0.12143739, -0.08237141,
         -0.09262519, -0.15254089, -0.16924663, -0.18896165,
         -0.17584188, -0.17521435, -0.13843709, -0.15289755,
         -0.15419006, -0.1091961 , -0.10465445, -0.14686866,
         -0.15717472]]], dtype=float32), reward=1), transition(observation=array([[ 1.042382  ,  0.09555557,  0.1775166 ,  0.5192815 ,  0.2939554 ,
         0.2876201 , -0.19517395, -0.01702088, -0.05688626, -0.01458053,
         0.01961225,  0.11508111,  0.1788678 ,  0.36908716,  0.39325678,
         0.2957931 ,  0.18263373,  0.05530119,  0.04476954,  0.22936426,
         0.19867657,  0.2665273 ,  0.12450986, -0.10536514, -0.03642325,
        -0.00795617, -0.05965481, -0.0425252 ,  0.03086247,  0.31978714,
         0.6472471 ,  0.27924967, -0.00877059,  1.        ]],
      dtype=float32), activation=array([[[31.343784  , -0.21306884, -0.19735679, -0.15704975,
         -0.12468247, -0.14634751, -0.16316417, -0.20804232,
         -0.216821  , -0.2504718 , -0.20557196, -0.1883847 ,
         -0.19939935, -0.14982979, -0.10049103, -0.13070388,
         -0.18739328]]], dtype=float32), h_activation=array([[[ 4.9785562e+00,  3.5636377e+00,  1.3102391e+00,  5.7814770e+00,
          2.2820086e+00,  3.6823397e+00,  1.7094860e+00,  9.4436607e+00,
         -2.3387722e-03,  2.2491038e-02]]], dtype=float32), o_activation=array([[[31.343784  , -0.21306884, -0.19735679, -0.15704975,
         -0.12468247, -0.14634751, -0.16316417, -0.20804232,
         -0.216821  , -0.2504718 , -0.20557196, -0.1883847 ,
         -0.19939935, -0.14982979, -0.10049103, -0.13070388,
         -0.18739328]]], dtype=float32), reward=1), transition(observation=array([[ 1.1536711 , -0.27022448,  0.16795968,  0.31843337,  0.26575905,
         0.17505582, -0.00530692, -0.18665703, -0.03628498, -0.12210037,
        -0.10098244,  0.07846367,  0.1306941 ,  0.47797447,  0.49984112,
         0.21865198,  0.18273206,  0.01195852,  0.03457328,  0.29992127,
         0.1537983 ,  0.21209463,  0.10288586,  0.09652387, -0.0192462 ,
        -0.10295809, -0.11329546, -0.07184045, -0.04827693,  0.09938808,
         0.45250005,  0.23810986,  0.03045133,  1.        ]],
      dtype=float32), activation=array([[[32.72249   , -0.1735596 , -0.14452527, -0.09609676,
         -0.08723693, -0.15842997, -0.21491489, -0.28584507,
         -0.26905137, -0.27128962, -0.18656337, -0.16762689,
         -0.18025148, -0.13769136, -0.09670647, -0.12207048,
         -0.15746221]]], dtype=float32), h_activation=array([[[ 5.81423187e+00,  2.71652746e+00,  9.57015574e-01,
          5.75433826e+00,  2.35921884e+00,  3.93582773e+00,
          2.42171335e+00,  1.08510895e+01, -3.87101690e-03,
         -1.56146735e-02]]], dtype=float32), o_activation=array([[[32.72249   , -0.1735596 , -0.14452527, -0.09609676,
         -0.08723693, -0.15842997, -0.21491489, -0.28584507,
         -0.26905137, -0.27128962, -0.18656337, -0.16762689,
         -0.18025148, -0.13769136, -0.09670647, -0.12207048,
         -0.15746221]]], dtype=float32), reward=1), transition(observation=array([[0., 0., 0., 0., 0., 0., 0., 0., 0., 0., 0., 0., 0., 0., 0., 0.,
        0., 0., 0., 0., 0., 0., 0., 0., 0., 0., 0., 0., 0., 0., 0., 0.,
        0., 1.]], dtype=float32), activation=array([[[-4.55699526e-02,  1.92223692e+00,  5.65587473e+00,
          1.09643946e+01,  1.06967945e+01, -4.58173733e-03,
         -8.96100178e-02, -1.94505855e-01, -1.82095930e-01,
         -1.69278368e-01, -4.06523235e-02,  1.77560377e+00,
          3.64005470e+00,  9.71941185e+00,  1.43395596e+01,
          1.22601490e+01,  5.51940775e+00]]], dtype=float32), h_activation=array([[[4.442245  , 2.115206  , 0.78853106, 4.4263945 , 1.9671123 ,
         2.8176353 , 3.0571625 , 8.047514  , 1.0657266 , 0.12712118]]],
      dtype=float32), o_activation=array([[[-4.55699526e-02,  1.92223692e+00,  5.65587473e+00,
          1.09643946e+01,  1.06967945e+01, -4.58173733e-03,
         -8.96100178e-02, -1.94505855e-01, -1.82095930e-01,
         -1.69278368e-01, -4.06523235e-02,  1.77560377e+00,
          3.64005470e+00,  9.71941185e+00,  1.43395596e+01,
          1.22601490e+01,  5.51940775e+00]]], dtype=float32), reward=1), transition(observation=array([[0., 0., 0., 0., 0., 0., 0., 0., 0., 0., 0., 0., 0., 0., 0., 0.,
        0., 0., 0., 0., 0., 0., 0., 0., 0., 0., 0., 0., 0., 0., 0., 0.,
        0., 1.]], dtype=float32), activation=array([[[-4.73512113e-02,  1.39705276e+00,  5.01431942e+00,
          9.22983360e+00,  8.13524628e+00, -7.60220969e-03,
         -8.68203044e-02, -1.72120064e-01, -1.48294300e-01,
         -1.15825862e-01, -1.77157503e-02,  1.75903845e+00,
          2.78694153e+00,  6.89136934e+00,  1.01617565e+01,
          9.05144882e+00,  4.09521723e+00]]], dtype=float32), h_activation=array([[[3.2852798 , 1.6783032 , 0.9118383 , 3.6119413 , 1.4799459 ,
         1.9938768 , 3.104002  , 5.9289618 , 1.408504  , 0.25919667]]],
      dtype=float32), o_activation=array([[[-4.73512113e-02,  1.39705276e+00,  5.01431942e+00,
          9.22983360e+00,  8.13524628e+00, -7.60220969e-03,
         -8.68203044e-02, -1.72120064e-01, -1.48294300e-01,
         -1.15825862e-01, -1.77157503e-02,  1.75903845e+00,
          2.78694153e+00,  6.89136934e+00,  1.01617565e+01,
          9.05144882e+00,  4.09521723e+00]]], dtype=float32), reward=1)], success=True), configuration(episode=11, buffer=[transition(observation=array([[1., 0., 0., 0., 0., 0., 0., 0., 0., 0., 0., 0., 0., 0., 0., 0.,
        0., 0., 0., 0., 0., 0., 0., 0., 0., 0., 0., 0., 0., 0., 0., 0.,
        0., 1.]], dtype=float32), activation=array([[[22.06819   , -0.16423194, -0.09829667, -0.0684431 ,
         -0.08563564, -0.08378637, -0.07823429, -0.07916434,
         -0.07612116, -0.08751891, -0.13224255, -0.16178848,
         -0.12346218, -0.08102608, -0.10995874, -0.18023862,
         -0.20943384]]], dtype=float32), h_activation=array([[[ 0.7566331 ,  0.86678445,  0.876579  ,  1.1590619 ,
          0.4522693 ,  0.68814313, -0.00902339,  0.8538044 ,
          0.02913611,  0.7585149 ]]], dtype=float32), o_activation=array([[[22.06819   , -0.16423194, -0.09829667, -0.0684431 ,
         -0.08563564, -0.08378637, -0.07823429, -0.07916434,
         -0.07612116, -0.08751891, -0.13224255, -0.16178848,
         -0.12346218, -0.08102608, -0.10995874, -0.18023862,
         -0.20943384]]], dtype=float32), reward=1), transition(observation=array([[1., 0., 0., 0., 0., 0., 0., 0., 0., 0., 0., 0., 0., 0., 0., 0.,
        0., 0., 0., 0., 0., 0., 0., 0., 0., 0., 0., 0., 0., 0., 0., 0.,
        0., 1.]], dtype=float32), activation=array([[[21.337822  , -0.1491693 , -0.10197385, -0.06717525,
         -0.07688909, -0.09120708, -0.08393563, -0.07479876,
         -0.07536136, -0.09905721, -0.1364056 , -0.15782735,
         -0.11842414, -0.08629068, -0.10938227, -0.1589372 ,
         -0.1784776 ]]], dtype=float32), h_activation=array([[[ 1.3947372 ,  1.4963942 ,  1.4212117 ,  1.9371545 ,
          0.90128696,  1.2210518 , -0.00731216,  1.5029242 ,
          0.27260917,  1.3240087 ]]], dtype=float32), o_activation=array([[[21.337822  , -0.1491693 , -0.10197385, -0.06717525,
         -0.07688909, -0.09120708, -0.08393563, -0.07479876,
         -0.07536136, -0.09905721, -0.1364056 , -0.15782735,
         -0.11842414, -0.08629068, -0.10938227, -0.1589372 ,
         -0.1784776 ]]], dtype=float32), reward=1), transition(observation=array([[1., 0., 0., 0., 0., 0., 0., 0., 0., 0., 0., 0., 0., 0., 0., 0.,
        0., 0., 0., 0., 0., 0., 0., 0., 0., 0., 0., 0., 0., 0., 0., 0.,
        0., 1.]], dtype=float32), activation=array([[[20.68046   , -0.13755868, -0.10401591, -0.06871266,
         -0.07417372, -0.09812391, -0.0886594 , -0.07560153,
         -0.07856067, -0.10717329, -0.13592362, -0.1510574 ,
         -0.11374426, -0.09014434, -0.10846997, -0.14474139,
         -0.15768147]]], dtype=float32), h_activation=array([[[ 1.9113798 ,  1.9336143 ,  1.733639  ,  2.4304285 ,
          1.3138043 ,  1.6161711 , -0.00559584,  1.9876068 ,
          0.6261538 ,  1.7347419 ]]], dtype=float32), o_activation=array([[[20.68046   , -0.13755868, -0.10401591, -0.06871266,
         -0.07417372, -0.09812391, -0.0886594 , -0.07560153,
         -0.07856067, -0.10717329, -0.13592362, -0.1510574 ,
         -0.11374426, -0.09014434, -0.10846997, -0.14474139,
         -0.15768147]]], dtype=float32), reward=1), transition(observation=array([[ 1.0029126 ,  0.2018893 , -0.03643088,  0.14090835,  0.28130266,
         0.03270191,  0.09461626,  0.11123893,  0.46847376,  0.2905212 ,
         0.23099403, -0.07225452,  0.04743581,  0.09920823, -0.07582104,
        -0.07963353,  0.16257167,  0.03865772,  0.02751084,  0.21651894,
         0.49796057,  0.18578953, -0.09052565,  0.09486959,  0.48887104,
         0.25487703, -0.03200853,  0.12373988,  0.00112037,  0.02467956,
         0.06974339, -0.11243749, -0.07515486,  1.        ]],
      dtype=float32), activation=array([[[28.405216  , -0.16852959, -0.14711806, -0.11071891,
         -0.12542889, -0.14487742, -0.13288967, -0.13264276,
         -0.15908957, -0.18429023, -0.18977603, -0.1837742 ,
         -0.14009789, -0.11498981, -0.12510008, -0.16157174,
         -0.18761685]]], dtype=float32), h_activation=array([[[ 2.5027063e+00,  3.5794892e+00,  2.2130439e+00,  2.5505195e+00,
          2.1711543e+00,  1.4088173e+00, -9.5754355e-04,  3.5111809e-01,
          1.2658074e-01,  3.1237321e+00]]], dtype=float32), o_activation=array([[[28.405216  , -0.16852959, -0.14711806, -0.11071891,
         -0.12542889, -0.14487742, -0.13288967, -0.13264276,
         -0.15908957, -0.18429023, -0.18977603, -0.1837742 ,
         -0.14009789, -0.11498981, -0.12510008, -0.16157174,
         -0.18761685]]], dtype=float32), reward=1), transition(observation=array([[ 0.99338067, -0.08269736,  0.11932602,  0.23173186,  0.47775647,
         0.06528789,  0.19257022,  0.17715593,  0.4710901 ,  0.24976477,
         0.03518591, -0.00401776,  0.03892471,  0.20160007, -0.07531749,
        -0.18954185, -0.2067608 ,  0.12003868,  0.16262944,  0.42294392,
         0.55821335,  0.09978113, -0.00112946,  0.18534793,  0.57792675,
         0.25180277,  0.29643905,  0.04474815,  0.12536019, -0.01311802,
         0.08618328, -0.13130645,  0.02611733,  1.        ]],
      dtype=float32), activation=array([[[26.212662  , -0.11726599, -0.15098007, -0.12437991,
         -0.11969853, -0.16803764, -0.16347232, -0.10545727,
         -0.08047722, -0.08773004, -0.1509523 , -0.19088896,
         -0.13310058, -0.11661638, -0.1465404 , -0.14626199,
         -0.1199438 ]]], dtype=float32), h_activation=array([[[ 2.3465006 ,  3.2662067 ,  1.0654908 ,  2.2808847 ,
          1.3617373 ,  0.56821156, -0.01707957, -0.01074221,
         -0.0110407 ,  3.336186  ]]], dtype=float32), o_activation=array([[[26.212662  , -0.11726599, -0.15098007, -0.12437991,
         -0.11969853, -0.16803764, -0.16347232, -0.10545727,
         -0.08047722, -0.08773004, -0.1509523 , -0.19088896,
         -0.13310058, -0.11661638, -0.1465404 , -0.14626199,
         -0.1199438 ]]], dtype=float32), reward=1), transition(observation=array([[ 1.067583  ,  0.04137407,  0.13439114,  0.16287583,  0.23645735,
         0.12077887,  0.06502914,  0.3001787 ,  0.48792773,  0.35396385,
         0.13093938,  0.03025767, -0.17591943, -0.11125463, -0.02700452,
         0.09624705,  0.07794804,  0.0807264 ,  0.11291146,  0.3161324 ,
         0.14524794,  0.27093714,  0.02225347,  0.27592072,  0.26150206,
         0.20217979,  0.29793683, -0.04052709,  0.05227395, -0.04962488,
         0.01636559,  0.00116219, -0.03599045,  1.        ]],
      dtype=float32), activation=array([[[30.632732  , -0.16356872, -0.15115418, -0.10399238,
         -0.10213233, -0.14820957, -0.1730498 , -0.13672416,
         -0.12179829, -0.11388174, -0.16072159, -0.18936038,
         -0.13504188, -0.1358176 , -0.17559852, -0.20340602,
         -0.19222763]]], dtype=float32), h_activation=array([[[ 1.2268865e+00,  4.1666818e+00,  4.4579664e-01,  3.4033632e+00,
          1.6377442e+00,  8.0287278e-01, -2.9774779e-03, -8.1161363e-03,
          8.3141327e-02,  4.8741693e+00]]], dtype=float32), o_activation=array([[[30.632732  , -0.16356872, -0.15115418, -0.10399238,
         -0.10213233, -0.14820957, -0.1730498 , -0.13672416,
         -0.12179829, -0.11388174, -0.16072159, -0.18936038,
         -0.13504188, -0.1358176 , -0.17559852, -0.20340602,
         -0.19222763]]], dtype=float32), reward=1), transition(observation=array([[ 1.0988324 , -0.10433708, -0.01931911,  0.1922585 ,  0.4404736 ,
         0.23280065,  0.10291007,  0.3277053 ,  0.36981818,  0.1103337 ,
         0.06597915,  0.09964758,  0.13452959,  0.15926604,  0.02096355,
         0.03025405, -0.14820372, -0.05238624,  0.01904212,  0.21295384,
         0.5712426 ,  0.02924417,  0.3621475 ,  0.41450334,  0.29376057,
         0.1915881 ,  0.12864445, -0.10529211, -0.07300251,  0.05223422,
        -0.06118063, -0.13206796,  0.15170102,  1.        ]],
      dtype=float32), activation=array([[[29.39323   , -0.13701764, -0.13681434, -0.11203352,
         -0.11637491, -0.173675  , -0.18950963, -0.10395174,
         -0.04972586, -0.06702805, -0.15529005, -0.21506678,
         -0.20100443, -0.21651895, -0.19776681, -0.17159054,
         -0.1606801 ]]], dtype=float32), h_activation=array([[[ 1.4957919e+00,  3.9154036e+00, -1.0286152e-04,  4.1407118e+00,
          6.6052043e-01,  1.5040134e+00, -2.0230778e-02, -4.2366493e-03,
         -4.2900969e-03,  4.1097097e+00]]], dtype=float32), o_activation=array([[[29.39323   , -0.13701764, -0.13681434, -0.11203352,
         -0.11637491, -0.173675  , -0.18950963, -0.10395174,
         -0.04972586, -0.06702805, -0.15529005, -0.21506678,
         -0.20100443, -0.21651895, -0.19776681, -0.17159054,
         -0.1606801 ]]], dtype=float32), reward=1), transition(observation=array([[ 0.9743072 , -0.10424435,  0.11331623,  0.24746138,  0.32923314,
         0.14650387,  0.15216422,  0.41716468,  0.46252117,  0.19153571,
        -0.0839572 , -0.02682381,  0.08665664,  0.11687894,  0.09358576,
        -0.05240699,  0.00663598,  0.10118204,  0.08026259,  0.31161118,
         0.434928  ,  0.34781057,  0.1834189 ,  0.40346557,  0.43442833,
         0.2824255 ,  0.22181223,  0.06079149, -0.11038267,  0.06947619,
         0.12784667,  0.10016337,  0.06316594,  1.        ]],
      dtype=float32), activation=array([[[26.32801   , -0.1605183 , -0.14911358, -0.09326448,
         -0.07350945, -0.13818115, -0.17723505, -0.10613275,
         -0.0540083 , -0.06368395, -0.13031219, -0.1693856 ,
         -0.16120188, -0.19738346, -0.18373352, -0.1516444 ,
         -0.15713646]]], dtype=float32), h_activation=array([[[ 9.2607105e-01,  3.1177092e+00,  2.7812523e-01,  4.2176628e+00,
         -2.9400087e-04,  1.5477182e+00, -1.3809511e-02, -7.3070750e-03,
         -1.0834601e-02,  4.1850061e+00]]], dtype=float32), o_activation=array([[[26.32801   , -0.1605183 , -0.14911358, -0.09326448,
         -0.07350945, -0.13818115, -0.17723505, -0.10613275,
         -0.0540083 , -0.06368395, -0.13031219, -0.1693856 ,
         -0.16120188, -0.19738346, -0.18373352, -0.1516444 ,
         -0.15713646]]], dtype=float32), reward=1), transition(observation=array([[0., 0., 0., 0., 0., 0., 0., 0., 0., 0., 0., 0., 0., 0., 0., 0.,
        0., 0., 0., 0., 0., 0., 0., 0., 0., 0., 0., 0., 0., 0., 0., 0.,
        0., 1.]], dtype=float32), activation=array([[[-9.6675716e-02, -1.4112110e-02,  3.8477945e-01,  6.7254453e+00,
          9.4875040e+00,  3.3523526e+00,  5.7049966e-01,  8.5731268e+00,
          1.2405935e+01,  7.0244093e+00, -3.9242888e-03, -2.5484093e-02,
         -1.9221827e-02, -6.6024654e-02, -4.8470370e-02,  1.2171922e+00,
          1.4236259e+00]]], dtype=float32), h_activation=array([[[ 1.0933378e+00,  2.7499595e+00,  5.7818633e-01,  3.8348274e+00,
          1.1137935e-01,  1.6456180e+00, -2.1630635e-03,  3.8098472e-01,
          3.3389947e-01,  3.7236183e+00]]], dtype=float32), o_activation=array([[[-9.6675716e-02, -1.4112110e-02,  3.8477945e-01,  6.7254453e+00,
          9.4875040e+00,  3.3523526e+00,  5.7049966e-01,  8.5731268e+00,
          1.2405935e+01,  7.0244093e+00, -3.9242888e-03, -2.5484093e-02,
         -1.9221827e-02, -6.6024654e-02, -4.8470370e-02,  1.2171922e+00,
          1.4236259e+00]]], dtype=float32), reward=1), transition(observation=array([[0., 0., 0., 0., 0., 0., 0., 0., 0., 0., 0., 0., 0., 0., 0., 0.,
        0., 0., 0., 0., 0., 0., 0., 0., 0., 0., 0., 0., 0., 0., 0., 0.,
        0., 1.]], dtype=float32), activation=array([[[-9.5607042e-02, -1.2590289e-02,  4.7709447e-01,  6.0287724e+00,
          8.2056684e+00,  3.0398650e+00,  1.1841662e+00,  7.5447330e+00,
          1.0281415e+01,  5.0307689e+00, -9.5123444e-03, -2.0775540e-02,
         -1.2039010e-02, -5.1945910e-02, -3.8666271e-02,  1.1853590e+00,
          1.1917691e+00]]], dtype=float32), h_activation=array([[[ 1.1957221e+00,  2.4520447e+00,  7.9868740e-01,  3.5078440e+00,
          1.8438399e-01,  1.6645136e+00, -1.5685654e-03,  6.3866782e-01,
          5.8690870e-01,  3.3386497e+00]]], dtype=float32), o_activation=array([[[-9.5607042e-02, -1.2590289e-02,  4.7709447e-01,  6.0287724e+00,
          8.2056684e+00,  3.0398650e+00,  1.1841662e+00,  7.5447330e+00,
          1.0281415e+01,  5.0307689e+00, -9.5123444e-03, -2.0775540e-02,
         -1.2039010e-02, -5.1945910e-02, -3.8666271e-02,  1.1853590e+00,
          1.1917691e+00]]], dtype=float32), reward=1)], success=True), configuration(episode=12, buffer=[transition(observation=array([[1., 0., 0., 0., 0., 0., 0., 0., 0., 0., 0., 0., 0., 0., 0., 0.,
        0., 0., 0., 0., 0., 0., 0., 0., 0., 0., 0., 0., 0., 0., 0., 0.,
        0., 1.]], dtype=float32), activation=array([[[22.06819   , -0.16423194, -0.09829667, -0.0684431 ,
         -0.08563564, -0.08378637, -0.07823429, -0.07916434,
         -0.07612116, -0.08751891, -0.13224255, -0.16178848,
         -0.12346218, -0.08102608, -0.10995874, -0.18023862,
         -0.20943384]]], dtype=float32), h_activation=array([[[ 0.7566331 ,  0.86678445,  0.876579  ,  1.1590619 ,
          0.4522693 ,  0.68814313, -0.00902339,  0.8538044 ,
          0.02913611,  0.7585149 ]]], dtype=float32), o_activation=array([[[22.06819   , -0.16423194, -0.09829667, -0.0684431 ,
         -0.08563564, -0.08378637, -0.07823429, -0.07916434,
         -0.07612116, -0.08751891, -0.13224255, -0.16178848,
         -0.12346218, -0.08102608, -0.10995874, -0.18023862,
         -0.20943384]]], dtype=float32), reward=1), transition(observation=array([[1., 0., 0., 0., 0., 0., 0., 0., 0., 0., 0., 0., 0., 0., 0., 0.,
        0., 0., 0., 0., 0., 0., 0., 0., 0., 0., 0., 0., 0., 0., 0., 0.,
        0., 1.]], dtype=float32), activation=array([[[21.337822  , -0.1491693 , -0.10197385, -0.06717525,
         -0.07688909, -0.09120708, -0.08393563, -0.07479876,
         -0.07536136, -0.09905721, -0.1364056 , -0.15782735,
         -0.11842414, -0.08629068, -0.10938227, -0.1589372 ,
         -0.1784776 ]]], dtype=float32), h_activation=array([[[ 1.3947372 ,  1.4963942 ,  1.4212117 ,  1.9371545 ,
          0.90128696,  1.2210518 , -0.00731216,  1.5029242 ,
          0.27260917,  1.3240087 ]]], dtype=float32), o_activation=array([[[21.337822  , -0.1491693 , -0.10197385, -0.06717525,
         -0.07688909, -0.09120708, -0.08393563, -0.07479876,
         -0.07536136, -0.09905721, -0.1364056 , -0.15782735,
         -0.11842414, -0.08629068, -0.10938227, -0.1589372 ,
         -0.1784776 ]]], dtype=float32), reward=1), transition(observation=array([[1., 0., 0., 0., 0., 0., 0., 0., 0., 0., 0., 0., 0., 0., 0., 0.,
        0., 0., 0., 0., 0., 0., 0., 0., 0., 0., 0., 0., 0., 0., 0., 0.,
        0., 1.]], dtype=float32), activation=array([[[20.68046   , -0.13755868, -0.10401591, -0.06871266,
         -0.07417372, -0.09812391, -0.0886594 , -0.07560153,
         -0.07856067, -0.10717329, -0.13592362, -0.1510574 ,
         -0.11374426, -0.09014434, -0.10846997, -0.14474139,
         -0.15768147]]], dtype=float32), h_activation=array([[[ 1.9113798 ,  1.9336143 ,  1.733639  ,  2.4304285 ,
          1.3138043 ,  1.6161711 , -0.00559584,  1.9876068 ,
          0.6261538 ,  1.7347419 ]]], dtype=float32), o_activation=array([[[20.68046   , -0.13755868, -0.10401591, -0.06871266,
         -0.07417372, -0.09812391, -0.0886594 , -0.07560153,
         -0.07856067, -0.10717329, -0.13592362, -0.1510574 ,
         -0.11374426, -0.09014434, -0.10846997, -0.14474139,
         -0.15768147]]], dtype=float32), reward=1), transition(observation=array([[ 0.91399765,  0.32786432,  0.14034201,  0.5561039 ,  0.29227608,
        -0.06659332, -0.15171246, -0.02055454, -0.15086712, -0.00317292,
        -0.02984424, -0.05239563, -0.04598244,  0.0869535 ,  0.12312844,
         0.08735274,  0.44543195,  0.24704705,  0.25903147,  0.2766331 ,
         0.19823033,  0.0466284 , -0.17029263, -0.06639997, -0.02521801,
         0.05054229,  0.10432091, -0.20515119, -0.03833676,  0.03740663,
        -0.08122908,  0.25139803,  0.23018788,  1.        ]],
      dtype=float32), activation=array([[[22.975206  , -0.2129636 , -0.18182169, -0.13874207,
         -0.12304655, -0.12154539, -0.09734666, -0.08706193,
         -0.10432022, -0.1224497 , -0.13013698, -0.1362813 ,
         -0.12180425, -0.11824022, -0.13629754, -0.18543819,
         -0.2108668 ]]], dtype=float32), h_activation=array([[[ 4.6024508e+00,  2.5291610e+00,  3.2442591e+00,  4.5679221e+00,
          1.7772260e+00,  5.2061296e-01,  1.5613518e+00,  4.7509079e+00,
         -2.0310883e-03,  2.8820455e+00]]], dtype=float32), o_activation=array([[[22.975206  , -0.2129636 , -0.18182169, -0.13874207,
         -0.12304655, -0.12154539, -0.09734666, -0.08706193,
         -0.10432022, -0.1224497 , -0.13013698, -0.1362813 ,
         -0.12180425, -0.11824022, -0.13629754, -0.18543819,
         -0.2108668 ]]], dtype=float32), reward=1), transition(observation=array([[ 1.0606871 ,  0.41359934,  0.31929806,  0.392058  ,  0.34125048,
        -0.00215703, -0.08643141,  0.00598904,  0.05971043, -0.19334413,
         0.13875589, -0.18209006, -0.00300746, -0.05685658, -0.04627626,
         0.2871418 ,  0.30885   ,  0.35554555,  0.42064998,  0.5258153 ,
         0.2588895 ,  0.06108516, -0.03170513, -0.0421214 ,  0.10258029,
         0.14876066, -0.06762642,  0.03682871,  0.13722263,  0.05386508,
         0.09272525, -0.00968972,  0.39843634,  1.        ]],
      dtype=float32), activation=array([[[31.040207  , -0.19812775, -0.1609127 , -0.07802851,
         -0.08393902, -0.16791481, -0.19437239, -0.19550003,
         -0.2097365 , -0.1942136 , -0.14595726, -0.15362687,
         -0.12147451, -0.11713026, -0.14239155, -0.17166914,
         -0.17916183]]], dtype=float32), h_activation=array([[[ 5.8750811e+00,  3.2471545e+00,  4.0004973e+00,  6.0310907e+00,
          1.7598542e+00, -2.0329698e-03,  2.6349080e+00,  6.6923170e+00,
          6.3340023e-02,  4.7186379e+00]]], dtype=float32), o_activation=array([[[31.040207  , -0.19812775, -0.1609127 , -0.07802851,
         -0.08393902, -0.16791481, -0.19437239, -0.19550003,
         -0.2097365 , -0.1942136 , -0.14595726, -0.15362687,
         -0.12147451, -0.11713026, -0.14239155, -0.17166914,
         -0.17916183]]], dtype=float32), reward=1), transition(observation=array([[ 1.0723968 ,  0.26441488,  0.2831768 ,  0.6867113 ,  0.27633545,
         0.07856303, -0.07582173,  0.14453109,  0.13922082,  0.08544773,
        -0.1090623 ,  0.01918802,  0.04442857, -0.02840922,  0.13949747,
         0.19183227,  0.47887036,  0.29817793,  0.37418193,  0.4236168 ,
         0.28344354,  0.0644659 , -0.15408693,  0.01179203,  0.03454607,
        -0.12679009, -0.21156941, -0.00280561, -0.01330962,  0.10205338,
         0.07482769,  0.18819253,  0.40424097,  1.        ]],
      dtype=float32), activation=array([[[35.31609   , -0.17753956, -0.13823543, -0.0466051 ,
         -0.06767999, -0.18874723, -0.25179124, -0.26439276,
         -0.27219588, -0.25346312, -0.17957382, -0.16945527,
         -0.14614598, -0.16903926, -0.17505188, -0.1605645 ,
         -0.14663668]]], dtype=float32), h_activation=array([[[ 6.6138268e+00,  3.1261678e+00,  4.2216516e+00,  7.3012390e+00,
          1.5305822e+00,  2.5808424e-02,  4.1668539e+00,  7.6386299e+00,
         -2.7798754e-03,  5.9640975e+00]]], dtype=float32), o_activation=array([[[35.31609   , -0.17753956, -0.13823543, -0.0466051 ,
         -0.06767999, -0.18874723, -0.25179124, -0.26439276,
         -0.27219588, -0.25346312, -0.17957382, -0.16945527,
         -0.14614598, -0.16903926, -0.17505188, -0.1605645 ,
         -0.14663668]]], dtype=float32), reward=1), transition(observation=array([[ 0.93308127,  0.4046289 ,  0.34485167,  0.44196838,  0.22229955,
         0.02392185,  0.0624526 , -0.12453564, -0.16638081,  0.01685138,
        -0.01853155, -0.07776337,  0.06806455, -0.0307036 ,  0.12552229,
         0.16276306,  0.35941768,  0.1724244 ,  0.4023923 ,  0.43673545,
         0.34926167, -0.10926685, -0.04182248, -0.04265222,  0.23462218,
         0.10427336,  0.13502733,  0.1282522 ,  0.00143483,  0.21462251,
        -0.20421155,  0.36026305,  0.15383157,  1.        ]],
      dtype=float32), activation=array([[[ 2.9086166e+01, -1.3119894e-01, -8.5688114e-02,  1.9860182e+00,
         -1.3524112e-02, -1.7587145e-01, -2.7321002e-01, -2.6694843e-01,
         -2.4392629e-01, -2.2565784e-01, -1.4614776e-01, -1.3323970e-01,
         -1.1398431e-01, -1.6964170e-01, -1.5834324e-01, -1.0102484e-01,
         -7.9850383e-02]]], dtype=float32), h_activation=array([[[ 7.4554796e+00,  3.5774088e+00,  4.8082952e+00,  6.9585991e+00,
          1.9285042e+00, -7.9691941e-03,  5.1844807e+00,  9.2092323e+00,
          5.9147465e-01,  6.4161429e+00]]], dtype=float32), o_activation=array([[[ 2.9086166e+01, -1.3119894e-01, -8.5688114e-02,  1.9860182e+00,
         -1.3524112e-02, -1.7587145e-01, -2.7321002e-01, -2.6694843e-01,
         -2.4392629e-01, -2.2565784e-01, -1.4614776e-01, -1.3323970e-01,
         -1.1398431e-01, -1.6964170e-01, -1.5834324e-01, -1.0102484e-01,
         -7.9850383e-02]]], dtype=float32), reward=1), transition(observation=array([[ 0.8965102 ,  0.40769207,  0.29643157,  0.48610592,  0.19625269,
        -0.02220633,  0.08016413, -0.0103771 ,  0.06651738, -0.2087894 ,
         0.08047365,  0.10709551, -0.10750903, -0.09054321, -0.0688621 ,
         0.2894444 ,  0.28079027,  0.34439903,  0.36405063,  0.29035443,
         0.09784539,  0.13119192,  0.0857403 ,  0.14861514,  0.13965714,
        -0.0081145 ,  0.09173778,  0.19277884,  0.05716777,  0.14970613,
         0.0209376 ,  0.3024417 ,  0.4386377 ,  1.        ]],
      dtype=float32), activation=array([[[ 2.90925293e+01, -8.98640901e-02, -5.48929684e-02,
          3.09262371e+00, -7.83608388e-03, -1.75706550e-01,
         -2.98590988e-01, -3.31167817e-01, -2.96191126e-01,
         -2.58661747e-01, -1.52061567e-01, -1.19713515e-01,
         -9.01230350e-02, -1.44543231e-01, -1.30590767e-01,
         -6.93667531e-02, -4.73190285e-02]]], dtype=float32), h_activation=array([[[ 7.2743273e+00,  3.0794985e+00,  4.9487629e+00,  7.9404821e+00,
          1.6158520e+00, -6.5473784e-03,  5.6555858e+00,  9.6026182e+00,
          1.9478377e+00,  7.3588195e+00]]], dtype=float32), o_activation=array([[[ 2.90925293e+01, -8.98640901e-02, -5.48929684e-02,
          3.09262371e+00, -7.83608388e-03, -1.75706550e-01,
         -2.98590988e-01, -3.31167817e-01, -2.96191126e-01,
         -2.58661747e-01, -1.52061567e-01, -1.19713515e-01,
         -9.01230350e-02, -1.44543231e-01, -1.30590767e-01,
         -6.93667531e-02, -4.73190285e-02]]], dtype=float32), reward=1), transition(observation=array([[0., 0., 0., 0., 0., 0., 0., 0., 0., 0., 0., 0., 0., 0., 0., 0.,
        0., 0., 0., 0., 0., 0., 0., 0., 0., 0., 0., 0., 0., 0., 0., 0.,
        0., 1.]], dtype=float32), activation=array([[[-4.7945566e-02,  1.2727075e+01,  1.5211086e+01,  2.2515240e+01,
          1.5731401e+01, -4.0674329e-02, -1.6355251e-01, -1.9380409e-01,
         -1.6579771e-01, -1.5820886e-01, -3.7641551e-02,  1.7531705e+00,
          2.4389935e+00, -5.6870300e-02, -1.0374909e-02,  1.2896326e+01,
          1.8179161e+01]]], dtype=float32), h_activation=array([[[5.432688  , 2.5669718 , 4.186576  , 6.1880927 , 1.4407334 ,
         0.00806603, 5.0299306 , 6.9986115 , 2.1628828 , 5.62515   ]]],
      dtype=float32), o_activation=array([[[-4.7945566e-02,  1.2727075e+01,  1.5211086e+01,  2.2515240e+01,
          1.5731401e+01, -4.0674329e-02, -1.6355251e-01, -1.9380409e-01,
         -1.6579771e-01, -1.5820886e-01, -3.7641551e-02,  1.7531705e+00,
          2.4389935e+00, -5.6870300e-02, -1.0374909e-02,  1.2896326e+01,
          1.8179161e+01]]], dtype=float32), reward=1), transition(observation=array([[0., 0., 0., 0., 0., 0., 0., 0., 0., 0., 0., 0., 0., 0., 0., 0.,
        0., 0., 0., 0., 0., 0., 0., 0., 0., 0., 0., 0., 0., 0., 0., 0.,
        0., 1.]], dtype=float32), activation=array([[[-5.21438159e-02,  9.37550449e+00,  1.14038076e+01,
          1.74279099e+01,  1.19513016e+01, -3.30009982e-02,
         -1.28895208e-01, -1.48762226e-01, -1.22181773e-01,
         -1.07480578e-01, -2.28549968e-02,  9.45742130e-01,
          1.74435616e+00, -4.21419181e-02, -1.29788555e-02,
          9.49378777e+00,  1.38646469e+01]]], dtype=float32), h_activation=array([[[4.026022  , 2.1886814 , 3.7199082 , 5.0293865 , 1.1593652 ,
         0.04368377, 4.209892  , 5.100581  , 2.01641   , 4.3826985 ]]],
      dtype=float32), o_activation=array([[[-5.21438159e-02,  9.37550449e+00,  1.14038076e+01,
          1.74279099e+01,  1.19513016e+01, -3.30009982e-02,
         -1.28895208e-01, -1.48762226e-01, -1.22181773e-01,
         -1.07480578e-01, -2.28549968e-02,  9.45742130e-01,
          1.74435616e+00, -4.21419181e-02, -1.29788555e-02,
          9.49378777e+00,  1.38646469e+01]]], dtype=float32), reward=1)], success=True), configuration(episode=13, buffer=[transition(observation=array([[1., 0., 0., 0., 0., 0., 0., 0., 0., 0., 0., 0., 0., 0., 0., 0.,
        0., 0., 0., 0., 0., 0., 0., 0., 0., 0., 0., 0., 0., 0., 0., 0.,
        0., 1.]], dtype=float32), activation=array([[[22.06819   , -0.16423194, -0.09829667, -0.0684431 ,
         -0.08563564, -0.08378637, -0.07823429, -0.07916434,
         -0.07612116, -0.08751891, -0.13224255, -0.16178848,
         -0.12346218, -0.08102608, -0.10995874, -0.18023862,
         -0.20943384]]], dtype=float32), h_activation=array([[[ 0.7566331 ,  0.86678445,  0.876579  ,  1.1590619 ,
          0.4522693 ,  0.68814313, -0.00902339,  0.8538044 ,
          0.02913611,  0.7585149 ]]], dtype=float32), o_activation=array([[[22.06819   , -0.16423194, -0.09829667, -0.0684431 ,
         -0.08563564, -0.08378637, -0.07823429, -0.07916434,
         -0.07612116, -0.08751891, -0.13224255, -0.16178848,
         -0.12346218, -0.08102608, -0.10995874, -0.18023862,
         -0.20943384]]], dtype=float32), reward=1), transition(observation=array([[1., 0., 0., 0., 0., 0., 0., 0., 0., 0., 0., 0., 0., 0., 0., 0.,
        0., 0., 0., 0., 0., 0., 0., 0., 0., 0., 0., 0., 0., 0., 0., 0.,
        0., 1.]], dtype=float32), activation=array([[[21.337822  , -0.1491693 , -0.10197385, -0.06717525,
         -0.07688909, -0.09120708, -0.08393563, -0.07479876,
         -0.07536136, -0.09905721, -0.1364056 , -0.15782735,
         -0.11842414, -0.08629068, -0.10938227, -0.1589372 ,
         -0.1784776 ]]], dtype=float32), h_activation=array([[[ 1.3947372 ,  1.4963942 ,  1.4212117 ,  1.9371545 ,
          0.90128696,  1.2210518 , -0.00731216,  1.5029242 ,
          0.27260917,  1.3240087 ]]], dtype=float32), o_activation=array([[[21.337822  , -0.1491693 , -0.10197385, -0.06717525,
         -0.07688909, -0.09120708, -0.08393563, -0.07479876,
         -0.07536136, -0.09905721, -0.1364056 , -0.15782735,
         -0.11842414, -0.08629068, -0.10938227, -0.1589372 ,
         -0.1784776 ]]], dtype=float32), reward=1), transition(observation=array([[1., 0., 0., 0., 0., 0., 0., 0., 0., 0., 0., 0., 0., 0., 0., 0.,
        0., 0., 0., 0., 0., 0., 0., 0., 0., 0., 0., 0., 0., 0., 0., 0.,
        0., 1.]], dtype=float32), activation=array([[[20.68046   , -0.13755868, -0.10401591, -0.06871266,
         -0.07417372, -0.09812391, -0.0886594 , -0.07560153,
         -0.07856067, -0.10717329, -0.13592362, -0.1510574 ,
         -0.11374426, -0.09014434, -0.10846997, -0.14474139,
         -0.15768147]]], dtype=float32), h_activation=array([[[ 1.9113798 ,  1.9336143 ,  1.733639  ,  2.4304285 ,
          1.3138043 ,  1.6161711 , -0.00559584,  1.9876068 ,
          0.6261538 ,  1.7347419 ]]], dtype=float32), o_activation=array([[[20.68046   , -0.13755868, -0.10401591, -0.06871266,
         -0.07417372, -0.09812391, -0.0886594 , -0.07560153,
         -0.07856067, -0.10717329, -0.13592362, -0.1510574 ,
         -0.11374426, -0.09014434, -0.10846997, -0.14474139,
         -0.15768147]]], dtype=float32), reward=1), transition(observation=array([[ 9.7928053e-01, -3.1429552e-02, -8.6803854e-02,  1.6101408e-01,
         1.9662878e-01, -1.8376833e-01,  8.2668744e-02,  3.0438641e-01,
         5.3783089e-01,  3.9859256e-01,  7.6966636e-02,  5.8889277e-02,
        -1.5962598e-01,  1.3679838e-02,  2.0350929e-01,  1.3987236e-01,
         2.1311194e-01,  9.4970390e-02, -6.9994330e-02,  1.3484766e-02,
        -1.8085131e-01, -1.5338940e-02,  6.7934550e-02, -1.6044542e-02,
         1.2087177e-01,  2.0924091e-01,  6.8306223e-02,  1.7741109e-04,
         1.0447494e-01,  2.1571089e-01,  4.9784881e-01,  7.0683610e-01,
         3.7605929e-01,  1.0000000e+00]], dtype=float32), activation=array([[[27.643787  , -0.1580379 , -0.12479043, -0.08690111,
         -0.10717127, -0.13054617, -0.12354681, -0.13585413,
         -0.1638363 , -0.1945178 , -0.18441297, -0.1696323 ,
         -0.13248472, -0.11840399, -0.14254788, -0.17973964,
         -0.18398117]]], dtype=float32), h_activation=array([[[ 8.0086285e-01,  2.6312456e+00,  1.7053449e+00,  4.1541009e+00,
          2.5245993e+00,  2.7242939e+00,  4.8958939e-01,  4.2214116e-01,
         -2.0583509e-04,  2.4162331e+00]]], dtype=float32), o_activation=array([[[27.643787  , -0.1580379 , -0.12479043, -0.08690111,
         -0.10717127, -0.13054617, -0.12354681, -0.13585413,
         -0.1638363 , -0.1945178 , -0.18441297, -0.1696323 ,
         -0.13248472, -0.11840399, -0.14254788, -0.17973964,
         -0.18398117]]], dtype=float32), reward=1), transition(observation=array([[ 1.0724508 ,  0.08613544, -0.10499594,  0.03411337,  0.06049497,
        -0.00168125,  0.05254972,  0.33308315,  0.5888031 ,  0.1865615 ,
         0.19610777,  0.06615965, -0.00428296,  0.03382178,  0.18560594,
         0.33962563,  0.00807175,  0.29765174,  0.06260502, -0.01192638,
         0.00423579,  0.10029906, -0.11625587,  0.07604326, -0.03664062,
         0.08756223,  0.03994893,  0.0780471 , -0.07338336,  0.04937673,
         0.43529934,  0.62072253,  0.3437674 ,  1.        ]],
      dtype=float32), activation=array([[[31.105766  , -0.1816706 , -0.15919603, -0.10972245,
         -0.1338706 , -0.19745474, -0.17878859, -0.0951008 ,
         -0.09507032, -0.13124225, -0.16879214, -0.20225744,
         -0.17623523, -0.16585101, -0.1684932 , -0.1746823 ,
         -0.18591791]]], dtype=float32), h_activation=array([[[-2.0812319e-03,  3.1216166e+00,  1.4865105e+00,  5.2059865e+00,
          3.3697903e+00,  4.4959764e+00, -5.3541658e-05, -2.0762705e-03,
          1.8602601e-01,  3.1788747e+00]]], dtype=float32), o_activation=array([[[31.105766  , -0.1816706 , -0.15919603, -0.10972245,
         -0.1338706 , -0.19745474, -0.17878859, -0.0951008 ,
         -0.09507032, -0.13124225, -0.16879214, -0.20225744,
         -0.17623523, -0.16585101, -0.1684932 , -0.1746823 ,
         -0.18591791]]], dtype=float32), reward=1), transition(observation=array([[ 0.8929264 , -0.00936095, -0.00736335,  0.03228149,  0.05613019,
         0.05842051, -0.03598179,  0.39419237,  0.43851492,  0.40899935,
         0.03579558, -0.09346689,  0.0847273 ,  0.07339982,  0.17347074,
         0.37718457,  0.15407862,  0.16020012,  0.05943708,  0.0670443 ,
         0.06932161,  0.11904001,  0.17582804,  0.27183884,  0.23113921,
        -0.07554252,  0.02354013,  0.01607659, -0.08548727,  0.03393328,
         0.4331098 ,  0.7475541 ,  0.22723505,  1.        ]],
      dtype=float32), activation=array([[[ 2.3904306e+01, -1.7958660e-01, -1.6688405e-01, -1.2972660e-01,
         -1.4583351e-01, -2.0611344e-01, -1.5334845e-01, -2.6104199e-02,
         -2.2748096e-02, -8.3338447e-02, -1.3246734e-01, -1.6120055e-01,
         -1.5955442e-01, -1.7329510e-01, -1.4697881e-01, -1.3603581e-01,
         -1.6465747e-01]]], dtype=float32), h_activation=array([[[-6.4474600e-03,  3.5687642e+00,  1.4869764e+00,  5.4093723e+00,
          3.8967302e+00,  5.8829441e+00,  7.9209858e-01, -4.0062452e-03,
         -3.9931862e-03,  3.5531323e+00]]], dtype=float32), o_activation=array([[[ 2.3904306e+01, -1.7958660e-01, -1.6688405e-01, -1.2972660e-01,
         -1.4583351e-01, -2.0611344e-01, -1.5334845e-01, -2.6104199e-02,
         -2.2748096e-02, -8.3338447e-02, -1.3246734e-01, -1.6120055e-01,
         -1.5955442e-01, -1.7329510e-01, -1.4697881e-01, -1.3603581e-01,
         -1.6465747e-01]]], dtype=float32), reward=1), transition(observation=array([[ 1.1146739 ,  0.00195693, -0.14889847, -0.12230881,  0.17992732,
         0.012873  , -0.05992405,  0.22075345,  0.47499228,  0.3594643 ,
         0.10922281, -0.0767197 , -0.00394847,  0.05536554,  0.24787962,
         0.34919354,  0.14352259,  0.06185004, -0.05820063, -0.10918886,
         0.0502191 , -0.05647831,  0.0444604 ,  0.2130452 ,  0.1809049 ,
         0.17583324, -0.1024987 ,  0.10623112,  0.11165211,  0.02789011,
         0.43366036,  0.5314369 ,  0.44337094,  1.        ]],
      dtype=float32), activation=array([[[ 2.8906857e+01, -1.8305542e-01, -1.8909127e-01, -1.6676162e-01,
         -1.8148428e-01, -2.4629518e-01, -2.0067328e-01, -4.9820088e-02,
         -1.5176198e-02, -8.4631577e-02, -1.5231889e-01, -1.7790671e-01,
         -1.6403195e-01, -1.9236171e-01, -1.6509533e-01, -1.4371650e-01,
         -1.7260517e-01]]], dtype=float32), h_activation=array([[[-4.2309314e-03,  4.9928370e+00,  1.3188999e+00,  5.7545476e+00,
          4.7047639e+00,  7.2872424e+00,  1.0823648e+00, -1.4847892e-03,
         -5.7019768e-03,  3.4993019e+00]]], dtype=float32), o_activation=array([[[ 2.8906857e+01, -1.8305542e-01, -1.8909127e-01, -1.6676162e-01,
         -1.8148428e-01, -2.4629518e-01, -2.0067328e-01, -4.9820088e-02,
         -1.5176198e-02, -8.4631577e-02, -1.5231889e-01, -1.7790671e-01,
         -1.6403195e-01, -1.9236171e-01, -1.6509533e-01, -1.4371650e-01,
         -1.7260517e-01]]], dtype=float32), reward=1), transition(observation=array([[ 1.0075781 , -0.02021715, -0.0026213 ,  0.10055488, -0.09230181,
         0.05741665, -0.06913577,  0.30541745,  0.41905895,  0.19675072,
         0.07239733, -0.07864553,  0.06450276,  0.13483614,  0.2006566 ,
         0.27365074,  0.36528945,  0.09303237,  0.01629425,  0.03083575,
         0.16257513, -0.03123285, -0.2002695 ,  0.22304147,  0.15437865,
         0.17581896,  0.06288519, -0.07926668,  0.07166272,  0.08788222,
         0.39731884,  0.6001264 ,  0.30039686,  1.        ]],
      dtype=float32), activation=array([[[25.791786  , -0.1944706 , -0.22310215, -0.20140369,
         -0.17813854, -0.2397005 , -0.21229301, -0.0500519 ,
          1.5418503 , -0.03344764, -0.11726528, -0.15647799,
         -0.1543894 , -0.18321998, -0.14720063, -0.12287366,
         -0.15970735]]], dtype=float32), h_activation=array([[[-5.2615702e-05,  4.5273132e+00,  2.1617792e+00,  6.0905828e+00,
          5.1437740e+00,  7.8117628e+00,  2.0069375e+00,  2.6290402e-01,
         -7.5717096e-04,  3.8776121e+00]]], dtype=float32), o_activation=array([[[25.791786  , -0.1944706 , -0.22310215, -0.20140369,
         -0.17813854, -0.2397005 , -0.21229301, -0.0500519 ,
          1.5418503 , -0.03344764, -0.11726528, -0.15647799,
         -0.1543894 , -0.18321998, -0.14720063, -0.12287366,
         -0.15970735]]], dtype=float32), reward=1), transition(observation=array([[0., 0., 0., 0., 0., 0., 0., 0., 0., 0., 0., 0., 0., 0., 0., 0.,
        0., 0., 0., 0., 0., 0., 0., 0., 0., 0., 0., 0., 0., 0., 0., 0.,
        0., 1.]], dtype=float32), activation=array([[[-1.00729555e-01, -6.07540598e-03, -7.53770024e-02,
         -7.31520653e-02, -5.09966835e-02, -1.38745204e-01,
         -9.33718458e-02,  1.11100607e+01,  2.00413666e+01,
          1.34067278e+01,  3.08162642e+00, -4.95728012e-03,
          1.21020770e+00, -1.33731887e-02,  3.55132341e+00,
          1.08315983e+01,  7.66260004e+00]]], dtype=float32), h_activation=array([[[0.25137487, 3.3922455 , 1.8544819 , 5.148213  , 3.9055157 ,
         6.1122575 , 1.5663657 , 0.45029998, 0.5909562 , 3.4628065 ]]],
      dtype=float32), o_activation=array([[[-1.00729555e-01, -6.07540598e-03, -7.53770024e-02,
         -7.31520653e-02, -5.09966835e-02, -1.38745204e-01,
         -9.33718458e-02,  1.11100607e+01,  2.00413666e+01,
          1.34067278e+01,  3.08162642e+00, -4.95728012e-03,
          1.21020770e+00, -1.33731887e-02,  3.55132341e+00,
          1.08315983e+01,  7.66260004e+00]]], dtype=float32), reward=1), transition(observation=array([[0., 0., 0., 0., 0., 0., 0., 0., 0., 0., 0., 0., 0., 0., 0., 0.,
        0., 0., 0., 0., 0., 0., 0., 0., 0., 0., 0., 0., 0., 0., 0., 0.,
        0., 1.]], dtype=float32), activation=array([[[-9.83380675e-02, -9.67862085e-03, -4.96626422e-02,
         -4.14139256e-02, -3.25387456e-02, -1.02161005e-01,
         -6.08132146e-02,  9.48206234e+00,  1.56054592e+01,
          9.59398365e+00,  1.91995883e+00, -2.57406710e-03,
          9.06135499e-01, -1.61105972e-02,  2.30810833e+00,
          8.10862923e+00,  5.26622343e+00]]], dtype=float32), h_activation=array([[[0.4306448 , 2.611447  , 1.680419  , 4.4346213 , 2.9546957 ,
         4.825198  , 1.1855915 , 0.5734902 , 0.91797554, 3.116881  ]]],
      dtype=float32), o_activation=array([[[-9.83380675e-02, -9.67862085e-03, -4.96626422e-02,
         -4.14139256e-02, -3.25387456e-02, -1.02161005e-01,
         -6.08132146e-02,  9.48206234e+00,  1.56054592e+01,
          9.59398365e+00,  1.91995883e+00, -2.57406710e-03,
          9.06135499e-01, -1.61105972e-02,  2.30810833e+00,
          8.10862923e+00,  5.26622343e+00]]], dtype=float32), reward=1)], success=True), configuration(episode=14, buffer=[transition(observation=array([[1., 0., 0., 0., 0., 0., 0., 0., 0., 0., 0., 0., 0., 0., 0., 0.,
        0., 0., 0., 0., 0., 0., 0., 0., 0., 0., 0., 0., 0., 0., 0., 0.,
        0., 1.]], dtype=float32), activation=array([[[22.06819   , -0.16423194, -0.09829667, -0.0684431 ,
         -0.08563564, -0.08378637, -0.07823429, -0.07916434,
         -0.07612116, -0.08751891, -0.13224255, -0.16178848,
         -0.12346218, -0.08102608, -0.10995874, -0.18023862,
         -0.20943384]]], dtype=float32), h_activation=array([[[ 0.7566331 ,  0.86678445,  0.876579  ,  1.1590619 ,
          0.4522693 ,  0.68814313, -0.00902339,  0.8538044 ,
          0.02913611,  0.7585149 ]]], dtype=float32), o_activation=array([[[22.06819   , -0.16423194, -0.09829667, -0.0684431 ,
         -0.08563564, -0.08378637, -0.07823429, -0.07916434,
         -0.07612116, -0.08751891, -0.13224255, -0.16178848,
         -0.12346218, -0.08102608, -0.10995874, -0.18023862,
         -0.20943384]]], dtype=float32), reward=1), transition(observation=array([[1., 0., 0., 0., 0., 0., 0., 0., 0., 0., 0., 0., 0., 0., 0., 0.,
        0., 0., 0., 0., 0., 0., 0., 0., 0., 0., 0., 0., 0., 0., 0., 0.,
        0., 1.]], dtype=float32), activation=array([[[21.337822  , -0.1491693 , -0.10197385, -0.06717525,
         -0.07688909, -0.09120708, -0.08393563, -0.07479876,
         -0.07536136, -0.09905721, -0.1364056 , -0.15782735,
         -0.11842414, -0.08629068, -0.10938227, -0.1589372 ,
         -0.1784776 ]]], dtype=float32), h_activation=array([[[ 1.3947372 ,  1.4963942 ,  1.4212117 ,  1.9371545 ,
          0.90128696,  1.2210518 , -0.00731216,  1.5029242 ,
          0.27260917,  1.3240087 ]]], dtype=float32), o_activation=array([[[21.337822  , -0.1491693 , -0.10197385, -0.06717525,
         -0.07688909, -0.09120708, -0.08393563, -0.07479876,
         -0.07536136, -0.09905721, -0.1364056 , -0.15782735,
         -0.11842414, -0.08629068, -0.10938227, -0.1589372 ,
         -0.1784776 ]]], dtype=float32), reward=1), transition(observation=array([[1., 0., 0., 0., 0., 0., 0., 0., 0., 0., 0., 0., 0., 0., 0., 0.,
        0., 0., 0., 0., 0., 0., 0., 0., 0., 0., 0., 0., 0., 0., 0., 0.,
        0., 1.]], dtype=float32), activation=array([[[20.68046   , -0.13755868, -0.10401591, -0.06871266,
         -0.07417372, -0.09812391, -0.0886594 , -0.07560153,
         -0.07856067, -0.10717329, -0.13592362, -0.1510574 ,
         -0.11374426, -0.09014434, -0.10846997, -0.14474139,
         -0.15768147]]], dtype=float32), h_activation=array([[[ 1.9113798 ,  1.9336143 ,  1.733639  ,  2.4304285 ,
          1.3138043 ,  1.6161711 , -0.00559584,  1.9876068 ,
          0.6261538 ,  1.7347419 ]]], dtype=float32), o_activation=array([[[20.68046   , -0.13755868, -0.10401591, -0.06871266,
         -0.07417372, -0.09812391, -0.0886594 , -0.07560153,
         -0.07856067, -0.10717329, -0.13592362, -0.1510574 ,
         -0.11374426, -0.09014434, -0.10846997, -0.14474139,
         -0.15768147]]], dtype=float32), reward=1), transition(observation=array([[ 1.1619486 ,  0.01457251, -0.0777839 , -0.10269453, -0.15341164,
         0.02555742,  0.37286904,  0.30555612,  0.2438846 ,  0.13882889,
         0.15557504,  0.2543295 ,  0.2934641 ,  0.41663587,  0.10932229,
         0.06169364,  0.09853851, -0.06896197, -0.11072494, -0.10504771,
         0.15344939,  0.06574547, -0.04740886,  0.02800034,  0.09215965,
        -0.10149417,  0.07235172,  0.42180985,  0.68093777,  0.5031082 ,
         0.2598495 ,  0.01691642,  0.02386201,  1.        ]],
      dtype=float32), activation=array([[[34.596134  , -0.16600005, -0.13257499, -0.08866239,
         -0.12247884, -0.16374412, -0.16588205, -0.16133079,
         -0.16662002, -0.1979284 , -0.22495687, -0.23713534,
         -0.20840953, -0.181689  , -0.18542051, -0.202501  ,
         -0.19848634]]], dtype=float32), h_activation=array([[[ 2.1087341 ,  1.7671359 ,  3.6247609 ,  2.2281466 ,
          2.9254835 ,  3.490755  , -0.01267793,  0.86988753,
          2.3104541 ,  1.4746991 ]]], dtype=float32), o_activation=array([[[34.596134  , -0.16600005, -0.13257499, -0.08866239,
         -0.12247884, -0.16374412, -0.16588205, -0.16133079,
         -0.16662002, -0.1979284 , -0.22495687, -0.23713534,
         -0.20840953, -0.181689  , -0.18542051, -0.202501  ,
         -0.19848634]]], dtype=float32), reward=1), transition(observation=array([[ 1.16177094e+00,  3.94509286e-02,  2.48626526e-02,
         8.95678252e-02,  2.47837324e-02,  5.10965809e-02,
         3.72323185e-01,  3.90871227e-01,  2.43905932e-01,
         8.75457674e-02,  1.53621688e-01,  7.37013370e-02,
         5.05477190e-01,  3.16652447e-01, -5.29381111e-02,
         9.64543819e-02, -5.52814044e-02,  1.23705544e-01,
        -8.74022953e-04,  4.16924283e-02, -1.27769768e-01,
         1.61917470e-02,  5.09220995e-02,  2.13973641e-01,
         3.18065621e-02,  7.77924657e-02,  3.33436012e-01,
         3.95004481e-01,  7.66715288e-01,  3.56727630e-01,
         1.75479591e-01, -1.06228605e-01,  1.32319167e-01,
         1.00000000e+00]], dtype=float32), activation=array([[[33.371155  , -0.17057095, -0.19210021, -0.18363841,
         -0.2163813 , -0.23454028, -0.1666734 , -0.12858142,
         -0.14888105, -0.17807136, -0.20505403, -0.2091938 ,
         -0.17312868, -0.15330954, -0.17229205, -0.1848025 ,
         -0.17510168]]], dtype=float32), h_activation=array([[[ 2.6504531e+00,  7.2382569e-01,  4.5517206e+00,  2.1627474e+00,
          2.7808516e+00,  4.1768365e+00, -1.2005129e-02, -1.8513959e-03,
          2.8813951e+00,  1.5150999e+00]]], dtype=float32), o_activation=array([[[33.371155  , -0.17057095, -0.19210021, -0.18363841,
         -0.2163813 , -0.23454028, -0.1666734 , -0.12858142,
         -0.14888105, -0.17807136, -0.20505403, -0.2091938 ,
         -0.17312868, -0.15330954, -0.17229205, -0.1848025 ,
         -0.17510168]]], dtype=float32), reward=1), transition(observation=array([[ 9.5616972e-01, -7.7575609e-02, -7.2486751e-02, -5.7204567e-02,
         6.7832254e-02,  8.3066210e-02,  3.5889313e-01,  4.9572572e-01,
         2.0917384e-01,  3.5824455e-02,  1.6901287e-01,  3.8610497e-01,
         4.9088967e-01,  3.2459605e-01, -3.5901695e-02, -1.9964890e-01,
         1.2932484e-01, -5.0732903e-03, -9.0445958e-02, -6.2558814e-03,
         7.8243919e-02, -4.0107392e-04,  1.4143740e-03,  1.2247360e-01,
         1.7560230e-01,  1.0906055e-01, -1.3254851e-01,  4.7110546e-01,
         6.6047150e-01,  5.1218069e-01, -1.2681378e-01, -6.8218154e-03,
        -5.6272063e-02,  1.0000000e+00]], dtype=float32), activation=array([[[27.92844   , -0.12714447, -0.16806854, -0.15927836,
         -0.211789  , -0.23375997, -0.14353952, -0.08547668,
         -0.11268266, -0.16534185, -0.20495303, -0.18663238,
         -0.12941581, -0.12167663, -0.15929642, -0.14669384,
         -0.11776339]]], dtype=float32), h_activation=array([[[ 3.5318232 ,  0.16412443,  5.880825  ,  2.5700388 ,
          2.5837057 ,  4.9250383 , -0.02498798, -0.01692484,
          4.053663  ,  1.3393464 ]]], dtype=float32), o_activation=array([[[27.92844   , -0.12714447, -0.16806854, -0.15927836,
         -0.211789  , -0.23375997, -0.14353952, -0.08547668,
         -0.11268266, -0.16534185, -0.20495303, -0.18663238,
         -0.12941581, -0.12167663, -0.15929642, -0.14669384,
         -0.11776339]]], dtype=float32), reward=1), transition(observation=array([[ 9.73955095e-01, -1.09313346e-01, -4.21006791e-02,
        -1.04039639e-01,  6.05027787e-02,  3.67449850e-01,
         2.71834373e-01,  3.90722334e-01,  6.19841516e-01,
         6.44130260e-02,  3.06396075e-02,  3.20957154e-01,
         2.72674710e-01,  2.08247423e-01, -9.35253724e-02,
         6.42315522e-02, -7.51081035e-02, -7.55078420e-02,
        -6.21670522e-02,  1.01050384e-01, -4.16719168e-02,
        -2.59566907e-04,  1.50781333e-01,  2.86527067e-01,
        -1.52321741e-01,  1.18054517e-01,  1.95304558e-01,
         5.09726644e-01,  7.16101468e-01,  3.15916091e-01,
         1.34134978e-01,  3.10316831e-02,  2.68162265e-02,
         1.00000000e+00]], dtype=float32), activation=array([[[27.500584  , -0.11994919, -0.17643148, -0.1739146 ,
         -0.23166858, -0.25087816, -0.13679412, -0.08765508,
         -0.14435111, -0.20308354, -0.20040746, -0.14258686,
         -0.07705478, -0.09975311, -0.16364059, -0.13796651,
         -0.09825697]]], dtype=float32), h_activation=array([[[ 2.3314998 ,  0.6085626 ,  4.8450713 ,  2.0955887 ,
          1.3268638 ,  6.094414  , -0.02254702, -0.01928466,
          3.9913783 ,  2.1265364 ]]], dtype=float32), o_activation=array([[[27.500584  , -0.11994919, -0.17643148, -0.1739146 ,
         -0.23166858, -0.25087816, -0.13679412, -0.08765508,
         -0.14435111, -0.20308354, -0.20040746, -0.14258686,
         -0.07705478, -0.09975311, -0.16364059, -0.13796651,
         -0.09825697]]], dtype=float32), reward=1), transition(observation=array([[ 0.9792374 , -0.02777294, -0.22602126,  0.03292034,  0.09632196,
         0.1794058 ,  0.43372464,  0.5659353 ,  0.23721053,  0.14111704,
         0.01702454,  0.3568999 ,  0.33960554,  0.39369133, -0.06199397,
         0.05216336,  0.03955511, -0.04924699, -0.05442245, -0.05474938,
         0.13355283, -0.01936104, -0.01205696,  0.04972196,  0.18232884,
        -0.01392535,  0.32653448,  0.63921875,  0.7193307 ,  0.37832424,
         0.22855999, -0.04032548,  0.13269113,  1.        ]],
      dtype=float32), activation=array([[[27.443432  , -0.12943313, -0.18720028, -0.20390528,
         -0.24140996, -0.2272882 , -0.13698116, -0.08916207,
         -0.10676242, -0.1973662 , -0.23225011, -0.14842291,
         -0.09641487, -0.1589882 , -0.18657085, -0.13607857,
         -0.1185122 ]]], dtype=float32), h_activation=array([[[ 2.3956263 ,  0.37257877,  6.0928993 ,  2.5068326 ,
          0.9283409 ,  6.3671956 , -0.02110525, -0.01633321,
          4.4322443 ,  1.3420341 ]]], dtype=float32), o_activation=array([[[27.443432  , -0.12943313, -0.18720028, -0.20390528,
         -0.24140996, -0.2272882 , -0.13698116, -0.08916207,
         -0.10676242, -0.1973662 , -0.23225011, -0.14842291,
         -0.09641487, -0.1589882 , -0.18657085, -0.13607857,
         -0.1185122 ]]], dtype=float32), reward=1), transition(observation=array([[0., 0., 0., 0., 0., 0., 0., 0., 0., 0., 0., 0., 0., 0., 0., 0.,
        0., 0., 0., 0., 0., 0., 0., 0., 0., 0., 0., 0., 0., 0., 0., 0.,
        0., 1.]], dtype=float32), activation=array([[[-1.2097908e-01, -1.0199308e-03, -8.1405804e-02, -8.6119734e-02,
         -7.2615594e-02, -3.7702467e-02,  7.7812634e+00,  1.1748950e+01,
          5.6575623e+00, -5.6344800e-02, -5.9863482e-02,  5.1619430e+00,
          1.0387286e+01,  2.5628557e+00, -2.6280755e-02,  3.9453330e+00,
          6.7278657e+00]]], dtype=float32), h_activation=array([[[ 2.1960790e+00,  4.5619321e-01,  4.9727640e+00,  2.3019300e+00,
          7.6425838e-01,  4.8942342e+00, -4.6509353e-04,  2.3180249e-01,
          3.5674934e+00,  1.4334513e+00]]], dtype=float32), o_activation=array([[[-1.2097908e-01, -1.0199308e-03, -8.1405804e-02, -8.6119734e-02,
         -7.2615594e-02, -3.7702467e-02,  7.7812634e+00,  1.1748950e+01,
          5.6575623e+00, -5.6344800e-02, -5.9863482e-02,  5.1619430e+00,
          1.0387286e+01,  2.5628557e+00, -2.6280755e-02,  3.9453330e+00,
          6.7278657e+00]]], dtype=float32), reward=1), transition(observation=array([[0., 0., 0., 0., 0., 0., 0., 0., 0., 0., 0., 0., 0., 0., 0., 0.,
        0., 0., 0., 0., 0., 0., 0., 0., 0., 0., 0., 0., 0., 0., 0., 0.,
        0., 1.]], dtype=float32), activation=array([[[-1.0976452e-01, -3.3231424e-03, -5.5708349e-02, -4.9396429e-02,
         -4.2994592e-02, -2.3321494e-02,  6.6282978e+00,  9.7588463e+00,
          4.7770052e+00, -4.4974502e-02, -5.1606949e-02,  3.3240561e+00,
          7.9706831e+00,  2.1792247e+00, -2.3373093e-02,  2.5108123e+00,
          4.7661252e+00]]], dtype=float32), h_activation=array([[[ 2.0184398e+00,  5.8354813e-01,  4.1501327e+00,  2.1959920e+00,
          6.2745273e-01,  3.8298397e+00, -7.7213912e-04,  4.1838622e-01,
          2.8869052e+00,  1.4987142e+00]]], dtype=float32), o_activation=array([[[-1.0976452e-01, -3.3231424e-03, -5.5708349e-02, -4.9396429e-02,
         -4.2994592e-02, -2.3321494e-02,  6.6282978e+00,  9.7588463e+00,
          4.7770052e+00, -4.4974502e-02, -5.1606949e-02,  3.3240561e+00,
          7.9706831e+00,  2.1792247e+00, -2.3373093e-02,  2.5108123e+00,
          4.7661252e+00]]], dtype=float32), reward=1)], success=True), configuration(episode=15, buffer=[transition(observation=array([[1., 0., 0., 0., 0., 0., 0., 0., 0., 0., 0., 0., 0., 0., 0., 0.,
        0., 0., 0., 0., 0., 0., 0., 0., 0., 0., 0., 0., 0., 0., 0., 0.,
        0., 1.]], dtype=float32), activation=array([[[22.06819   , -0.16423194, -0.09829667, -0.0684431 ,
         -0.08563564, -0.08378637, -0.07823429, -0.07916434,
         -0.07612116, -0.08751891, -0.13224255, -0.16178848,
         -0.12346218, -0.08102608, -0.10995874, -0.18023862,
         -0.20943384]]], dtype=float32), h_activation=array([[[ 0.7566331 ,  0.86678445,  0.876579  ,  1.1590619 ,
          0.4522693 ,  0.68814313, -0.00902339,  0.8538044 ,
          0.02913611,  0.7585149 ]]], dtype=float32), o_activation=array([[[22.06819   , -0.16423194, -0.09829667, -0.0684431 ,
         -0.08563564, -0.08378637, -0.07823429, -0.07916434,
         -0.07612116, -0.08751891, -0.13224255, -0.16178848,
         -0.12346218, -0.08102608, -0.10995874, -0.18023862,
         -0.20943384]]], dtype=float32), reward=1), transition(observation=array([[1., 0., 0., 0., 0., 0., 0., 0., 0., 0., 0., 0., 0., 0., 0., 0.,
        0., 0., 0., 0., 0., 0., 0., 0., 0., 0., 0., 0., 0., 0., 0., 0.,
        0., 1.]], dtype=float32), activation=array([[[21.337822  , -0.1491693 , -0.10197385, -0.06717525,
         -0.07688909, -0.09120708, -0.08393563, -0.07479876,
         -0.07536136, -0.09905721, -0.1364056 , -0.15782735,
         -0.11842414, -0.08629068, -0.10938227, -0.1589372 ,
         -0.1784776 ]]], dtype=float32), h_activation=array([[[ 1.3947372 ,  1.4963942 ,  1.4212117 ,  1.9371545 ,
          0.90128696,  1.2210518 , -0.00731216,  1.5029242 ,
          0.27260917,  1.3240087 ]]], dtype=float32), o_activation=array([[[21.337822  , -0.1491693 , -0.10197385, -0.06717525,
         -0.07688909, -0.09120708, -0.08393563, -0.07479876,
         -0.07536136, -0.09905721, -0.1364056 , -0.15782735,
         -0.11842414, -0.08629068, -0.10938227, -0.1589372 ,
         -0.1784776 ]]], dtype=float32), reward=1), transition(observation=array([[1., 0., 0., 0., 0., 0., 0., 0., 0., 0., 0., 0., 0., 0., 0., 0.,
        0., 0., 0., 0., 0., 0., 0., 0., 0., 0., 0., 0., 0., 0., 0., 0.,
        0., 1.]], dtype=float32), activation=array([[[20.68046   , -0.13755868, -0.10401591, -0.06871266,
         -0.07417372, -0.09812391, -0.0886594 , -0.07560153,
         -0.07856067, -0.10717329, -0.13592362, -0.1510574 ,
         -0.11374426, -0.09014434, -0.10846997, -0.14474139,
         -0.15768147]]], dtype=float32), h_activation=array([[[ 1.9113798 ,  1.9336143 ,  1.733639  ,  2.4304285 ,
          1.3138043 ,  1.6161711 , -0.00559584,  1.9876068 ,
          0.6261538 ,  1.7347419 ]]], dtype=float32), o_activation=array([[[20.68046   , -0.13755868, -0.10401591, -0.06871266,
         -0.07417372, -0.09812391, -0.0886594 , -0.07560153,
         -0.07856067, -0.10717329, -0.13592362, -0.1510574 ,
         -0.11374426, -0.09014434, -0.10846997, -0.14474139,
         -0.15768147]]], dtype=float32), reward=1), transition(observation=array([[ 1.0076252 ,  0.09901267,  0.2583974 ,  0.6052387 ,  0.11403391,
        -0.07194833,  0.07179134,  0.01999034, -0.1335129 ,  0.11058258,
         0.22841157,  0.09234214,  0.39438033,  0.01547029, -0.04600549,
        -0.05829538, -0.1582861 , -0.03993578,  0.29383054,  0.2610186 ,
         0.21236934, -0.15622422,  0.03085882, -0.03795323,  0.00515529,
         0.04063462,  0.25541395,  0.42698783,  0.3989732 ,  0.1847611 ,
        -0.02512892,  0.04317215, -0.07737057,  1.        ]],
      dtype=float32), activation=array([[[25.689787  , -0.17346852, -0.16709651, -0.13924977,
         -0.12755156, -0.13257267, -0.11382414, -0.09879645,
         -0.10532527, -0.14286852, -0.1855691 , -0.20146032,
         -0.16287303, -0.1297315 , -0.1246893 , -0.13766928,
         -0.1611474 ]]], dtype=float32), h_activation=array([[[ 4.1769347e+00,  2.4131125e-01,  9.3700135e-01,  3.4731293e+00,
          1.5291171e+00,  8.1110561e-01, -5.2736399e-05,  2.6120889e+00,
          1.5257903e+00,  2.5303910e+00]]], dtype=float32), o_activation=array([[[25.689787  , -0.17346852, -0.16709651, -0.13924977,
         -0.12755156, -0.13257267, -0.11382414, -0.09879645,
         -0.10532527, -0.14286852, -0.1855691 , -0.20146032,
         -0.16287303, -0.1297315 , -0.1246893 , -0.13766928,
         -0.1611474 ]]], dtype=float32), reward=1), transition(observation=array([[ 0.91060525,  0.01040381,  0.37212914,  0.14951567,  0.17183994,
         0.09526914,  0.05082879, -0.00706256, -0.09586494,  0.08360867,
         0.30693233,  0.4754795 ,  0.258963  ,  0.01370628,  0.04917207,
         0.1027609 ,  0.00237212,  0.04716198,  0.06570129,  0.46771035,
         0.20530605, -0.17190108,  0.04799363,  0.15417571, -0.24620053,
         0.22866191,  0.27438664,  0.53068256,  0.1627459 ,  0.10077486,
        -0.00723563,  0.03689064, -0.13077044,  1.        ]],
      dtype=float32), activation=array([[[27.431618  , -0.16681929, -0.11293212, -0.05971431,
         -0.10938571, -0.15981315, -0.14413407, -0.13443288,
         -0.16216649, -0.18197069, -0.18086444, -0.18331929,
         -0.1562016 , -0.14307414, -0.15038061, -0.1610317 ,
         -0.17317738]]], dtype=float32), h_activation=array([[[ 5.4597006e+00,  5.2292937e-01, -1.6451830e-03,  4.5723548e+00,
          2.1627576e+00,  1.6951673e+00, -3.1063375e-03,  3.6641772e+00,
          3.8981771e+00,  3.3283193e+00]]], dtype=float32), o_activation=array([[[27.431618  , -0.16681929, -0.11293212, -0.05971431,
         -0.10938571, -0.15981315, -0.14413407, -0.13443288,
         -0.16216649, -0.18197069, -0.18086444, -0.18331929,
         -0.1562016 , -0.14307414, -0.15038061, -0.1610317 ,
         -0.17317738]]], dtype=float32), reward=1), transition(observation=array([[ 8.99080276e-01, -1.06855243e-01,  4.56885189e-01,
         4.98638332e-01,  2.26658806e-01,  5.26441745e-02,
        -1.03755780e-01, -4.96326387e-02,  2.92815492e-02,
        -1.39085352e-01,  2.64719836e-02,  2.22543284e-01,
         1.22550271e-01,  1.67457551e-01, -2.13033898e-04,
        -3.51358093e-02,  9.36468616e-02,  1.00224122e-01,
         2.32511327e-01,  3.52963537e-01,  2.29239687e-01,
        -1.52275756e-01,  1.28064767e-01,  7.70931393e-02,
         1.17814764e-01,  1.73316747e-01,  3.14431906e-01,
         5.38632810e-01,  2.05383405e-01,  1.97926298e-01,
         1.19784042e-01,  2.25570519e-02, -3.51460949e-02,
         1.00000000e+00]], dtype=float32), activation=array([[[20.791214  , -0.16992071, -0.11798722, -0.07831607,
         -0.11127683, -0.15333498, -0.13269264, -0.15154381,
         -0.17067827, -0.15541808, -0.09480058, -0.08245635,
         -0.11537308, -0.15148966, -0.13478357, -0.13637477,
         -0.16317537]]], dtype=float32), h_activation=array([[[ 6.66531   , -0.00885571, -0.00675851,  5.207795  ,
          1.3707683 ,  1.0203537 ,  0.64890915,  4.890524  ,
          3.4274797 ,  3.879025  ]]], dtype=float32), o_activation=array([[[20.791214  , -0.16992071, -0.11798722, -0.07831607,
         -0.11127683, -0.15333498, -0.13269264, -0.15154381,
         -0.17067827, -0.15541808, -0.09480058, -0.08245635,
         -0.11537308, -0.15148966, -0.13478357, -0.13637477,
         -0.16317537]]], dtype=float32), reward=1), transition(observation=array([[ 1.0307992 , -0.1324986 ,  0.2220591 ,  0.7167507 ,  0.2504126 ,
        -0.00130073,  0.00735   , -0.07908633, -0.14075185,  0.10481534,
         0.04392719,  0.39129832,  0.20011276,  0.0292537 ,  0.02672442,
        -0.03348834,  0.17216751,  0.04641069,  0.42233652,  0.3127366 ,
         0.1903476 ,  0.00367912, -0.1845191 , -0.17965813,  0.22619821,
         0.10111193,  0.24444541,  0.661968  ,  0.39495152,  0.2089525 ,
        -0.01142587, -0.02263412,  0.12804936,  1.        ]],
      dtype=float32), activation=array([[[27.832531  , -0.16975716, -0.1021945 , -0.04478046,
         -0.10321089, -0.17073564, -0.18011515, -0.2123757 ,
         -0.22918367, -0.21982329, -0.15052925, -0.11802179,
         -0.1303782 , -0.17572041, -0.16003847, -0.14831553,
         -0.16838491]]], dtype=float32), h_activation=array([[[ 8.181991  , -0.00952672, -0.00864372,  6.68766   ,
          0.9070361 ,  0.9407284 ,  1.9376831 ,  5.4624596 ,
          4.0328403 ,  3.7112365 ]]], dtype=float32), o_activation=array([[[27.832531  , -0.16975716, -0.1021945 , -0.04478046,
         -0.10321089, -0.17073564, -0.18011515, -0.2123757 ,
         -0.22918367, -0.21982329, -0.15052925, -0.11802179,
         -0.1303782 , -0.17572041, -0.16003847, -0.14831553,
         -0.16838491]]], dtype=float32), reward=1), transition(observation=array([[ 8.8866419e-01, -1.4143822e-01,  3.1941926e-01,  4.5003685e-01,
         2.5508165e-01, -1.7571592e-04,  8.6365968e-02, -1.3975783e-01,
        -8.0163322e-02,  6.2063310e-02,  1.5301697e-01,  3.6115745e-01,
         7.6597683e-02, -3.9420091e-02,  7.6921500e-02, -5.8588587e-02,
         1.3966498e-01,  1.7567988e-01,  9.9178955e-02,  2.4068943e-01,
         2.3113093e-01,  6.1466087e-02,  2.5508190e-02,  6.3094772e-02,
        -1.0432479e-01,  2.3133586e-01,  2.5041002e-01,  3.7650937e-01,
         1.8362162e-01,  2.2148396e-01,  2.5981346e-01,  7.8771688e-02,
         6.9772549e-02,  1.0000000e+00]], dtype=float32), activation=array([[[24.555285  , -0.14280523, -0.07149597,  1.9289074 ,
         -0.03764473, -0.15127155, -0.20364536, -0.25024086,
         -0.25856063, -0.21777003, -0.11240119, -0.07018549,
         -0.08674339, -0.1516484 , -0.15036865, -0.10470404,
         -0.10997686]]], dtype=float32), h_activation=array([[[ 8.2565098e+00, -4.1829543e-03, -9.7344052e-03,  7.2864828e+00,
          8.7196529e-01,  4.2706737e-01,  2.5404136e+00,  5.7291164e+00,
          4.9657536e+00,  3.7001925e+00]]], dtype=float32), o_activation=array([[[24.555285  , -0.14280523, -0.07149597,  1.9289074 ,
         -0.03764473, -0.15127155, -0.20364536, -0.25024086,
         -0.25856063, -0.21777003, -0.11240119, -0.07018549,
         -0.08674339, -0.1516484 , -0.15036865, -0.10470404,
         -0.10997686]]], dtype=float32), reward=1), transition(observation=array([[0., 0., 0., 0., 0., 0., 0., 0., 0., 0., 0., 0., 0., 0., 0., 0.,
        0., 0., 0., 0., 0., 0., 0., 0., 0., 0., 0., 0., 0., 0., 0., 0.,
        0., 1.]], dtype=float32), activation=array([[[-6.7171708e-02,  1.2807493e+00,  9.3363991e+00,  2.0179722e+01,
          1.3636500e+01, -1.6825056e-02, -8.9436240e-02, -1.5484002e-01,
         -1.6867948e-01, -1.0002250e-01,  5.3693357e+00,  9.9532909e+00,
          5.1940365e+00, -3.2782596e-02, -2.7915448e-02,  3.9267650e+00,
          5.2657113e+00]]], dtype=float32), h_activation=array([[[6.26554   , 0.11102688, 0.3262365 , 5.650979  , 0.73714685,
         0.2871501 , 2.893085  , 4.254957  , 4.3558397 , 3.0394788 ]]],
      dtype=float32), o_activation=array([[[-6.7171708e-02,  1.2807493e+00,  9.3363991e+00,  2.0179722e+01,
          1.3636500e+01, -1.6825056e-02, -8.9436240e-02, -1.5484002e-01,
         -1.6867948e-01, -1.0002250e-01,  5.3693357e+00,  9.9532909e+00,
          5.1940365e+00, -3.2782596e-02, -2.7915448e-02,  3.9267650e+00,
          5.2657113e+00]]], dtype=float32), reward=1), transition(observation=array([[0., 0., 0., 0., 0., 0., 0., 0., 0., 0., 0., 0., 0., 0., 0., 0.,
        0., 0., 0., 0., 0., 0., 0., 0., 0., 0., 0., 0., 0., 0., 0., 0.,
        0., 1.]], dtype=float32), activation=array([[[-6.34529814e-02,  1.00235128e+00,  7.65141869e+00,
          1.62859459e+01,  1.07079363e+01, -1.50036905e-02,
         -8.11215416e-02, -1.30149454e-01, -1.29114851e-01,
         -6.74447864e-02,  4.32812643e+00,  7.25442266e+00,
          4.05597353e+00, -2.65729371e-02, -2.71896403e-02,
          2.92019987e+00,  4.18948412e+00]]], dtype=float32), h_activation=array([[[4.699611  , 0.24022818, 0.744156  , 4.5959396 , 0.51078063,
         0.2070778 , 2.7646897 , 3.1527705 , 3.5875697 , 2.5558918 ]]],
      dtype=float32), o_activation=array([[[-6.34529814e-02,  1.00235128e+00,  7.65141869e+00,
          1.62859459e+01,  1.07079363e+01, -1.50036905e-02,
         -8.11215416e-02, -1.30149454e-01, -1.29114851e-01,
         -6.74447864e-02,  4.32812643e+00,  7.25442266e+00,
          4.05597353e+00, -2.65729371e-02, -2.71896403e-02,
          2.92019987e+00,  4.18948412e+00]]], dtype=float32), reward=1)], success=True), configuration(episode=16, buffer=[transition(observation=array([[1., 0., 0., 0., 0., 0., 0., 0., 0., 0., 0., 0., 0., 0., 0., 0.,
        0., 0., 0., 0., 0., 0., 0., 0., 0., 0., 0., 0., 0., 0., 0., 0.,
        0., 1.]], dtype=float32), activation=array([[[22.06819   , -0.16423194, -0.09829667, -0.0684431 ,
         -0.08563564, -0.08378637, -0.07823429, -0.07916434,
         -0.07612116, -0.08751891, -0.13224255, -0.16178848,
         -0.12346218, -0.08102608, -0.10995874, -0.18023862,
         -0.20943384]]], dtype=float32), h_activation=array([[[ 0.7566331 ,  0.86678445,  0.876579  ,  1.1590619 ,
          0.4522693 ,  0.68814313, -0.00902339,  0.8538044 ,
          0.02913611,  0.7585149 ]]], dtype=float32), o_activation=array([[[22.06819   , -0.16423194, -0.09829667, -0.0684431 ,
         -0.08563564, -0.08378637, -0.07823429, -0.07916434,
         -0.07612116, -0.08751891, -0.13224255, -0.16178848,
         -0.12346218, -0.08102608, -0.10995874, -0.18023862,
         -0.20943384]]], dtype=float32), reward=1), transition(observation=array([[1., 0., 0., 0., 0., 0., 0., 0., 0., 0., 0., 0., 0., 0., 0., 0.,
        0., 0., 0., 0., 0., 0., 0., 0., 0., 0., 0., 0., 0., 0., 0., 0.,
        0., 1.]], dtype=float32), activation=array([[[21.337822  , -0.1491693 , -0.10197385, -0.06717525,
         -0.07688909, -0.09120708, -0.08393563, -0.07479876,
         -0.07536136, -0.09905721, -0.1364056 , -0.15782735,
         -0.11842414, -0.08629068, -0.10938227, -0.1589372 ,
         -0.1784776 ]]], dtype=float32), h_activation=array([[[ 1.3947372 ,  1.4963942 ,  1.4212117 ,  1.9371545 ,
          0.90128696,  1.2210518 , -0.00731216,  1.5029242 ,
          0.27260917,  1.3240087 ]]], dtype=float32), o_activation=array([[[21.337822  , -0.1491693 , -0.10197385, -0.06717525,
         -0.07688909, -0.09120708, -0.08393563, -0.07479876,
         -0.07536136, -0.09905721, -0.1364056 , -0.15782735,
         -0.11842414, -0.08629068, -0.10938227, -0.1589372 ,
         -0.1784776 ]]], dtype=float32), reward=1), transition(observation=array([[1., 0., 0., 0., 0., 0., 0., 0., 0., 0., 0., 0., 0., 0., 0., 0.,
        0., 0., 0., 0., 0., 0., 0., 0., 0., 0., 0., 0., 0., 0., 0., 0.,
        0., 1.]], dtype=float32), activation=array([[[20.68046   , -0.13755868, -0.10401591, -0.06871266,
         -0.07417372, -0.09812391, -0.0886594 , -0.07560153,
         -0.07856067, -0.10717329, -0.13592362, -0.1510574 ,
         -0.11374426, -0.09014434, -0.10846997, -0.14474139,
         -0.15768147]]], dtype=float32), h_activation=array([[[ 1.9113798 ,  1.9336143 ,  1.733639  ,  2.4304285 ,
          1.3138043 ,  1.6161711 , -0.00559584,  1.9876068 ,
          0.6261538 ,  1.7347419 ]]], dtype=float32), o_activation=array([[[20.68046   , -0.13755868, -0.10401591, -0.06871266,
         -0.07417372, -0.09812391, -0.0886594 , -0.07560153,
         -0.07856067, -0.10717329, -0.13592362, -0.1510574 ,
         -0.11374426, -0.09014434, -0.10846997, -0.14474139,
         -0.15768147]]], dtype=float32), reward=1), transition(observation=array([[ 0.9946841 ,  0.28544292, -0.08501915,  0.24156496, -0.04096367,
        -0.14128125,  0.05133886,  0.01951593,  0.11240722,  0.05291561,
        -0.16382043,  0.01757071,  0.25784385,  0.36116216,  0.6495865 ,
         0.68657434,  0.22219066,  0.05868113, -0.06188049,  0.12424757,
         0.12370937, -0.19343182, -0.11476419,  0.09421507, -0.15457535,
         0.02694119,  0.04920017, -0.01352655,  0.40379572,  0.5040351 ,
         0.45378923,  0.60726213,  0.2431104 ,  1.        ]],
      dtype=float32), activation=array([[[29.747467  , -0.21465087, -0.15937875, -0.10529155,
         -0.11505473, -0.12990917, -0.12254254, -0.12657472,
         -0.14360012, -0.16989745, -0.17236191, -0.17914058,
         -0.19252464, -0.21220025, -0.23447184, -0.26644915,
         -0.24792272]]], dtype=float32), h_activation=array([[[ 2.6598654e+00,  2.1542654e+00,  3.2657406e+00,  3.6666479e+00,
          3.1609247e+00,  4.9073811e+00,  1.7426345e+00,  5.3812132e+00,
         -2.0743788e-03,  1.0788531e+00]]], dtype=float32), o_activation=array([[[29.747467  , -0.21465087, -0.15937875, -0.10529155,
         -0.11505473, -0.12990917, -0.12254254, -0.12657472,
         -0.14360012, -0.16989745, -0.17236191, -0.17914058,
         -0.19252464, -0.21220025, -0.23447184, -0.26644915,
         -0.24792272]]], dtype=float32), reward=1), transition(observation=array([[ 1.0705731 ,  0.15848355,  0.00465919, -0.18097736, -0.21001744,
         0.05011717,  0.02640633,  0.05137618, -0.02057694, -0.19919077,
        -0.1515004 ,  0.03381781,  0.35307378,  0.32513255,  0.6887999 ,
         0.24777995,  0.08452031, -0.03036674,  0.05616041, -0.13905099,
        -0.13229474, -0.18303983, -0.01587929,  0.04430395,  0.11813813,
        -0.1324299 , -0.01418324, -0.06555226,  0.37511572,  0.30098534,
         0.5750732 ,  0.5362029 ,  0.06777169,  1.        ]],
      dtype=float32), activation=array([[[28.699791  , -0.15454638, -0.13600694, -0.11065974,
         -0.13226986, -0.19203335, -0.18763368, -0.17451276,
         -0.15129116, -0.19372545, -0.17882103, -0.164989  ,
         -0.15503503, -0.14151429, -0.12997754, -0.14876205,
         -0.15580538]]], dtype=float32), h_activation=array([[[2.7922642 , 1.9462917 , 4.553225  , 2.5835447 , 4.431014  ,
         6.6840115 , 1.0143507 , 7.387208  , 0.32651368, 0.29190278]]],
      dtype=float32), o_activation=array([[[28.699791  , -0.15454638, -0.13600694, -0.11065974,
         -0.13226986, -0.19203335, -0.18763368, -0.17451276,
         -0.15129116, -0.19372545, -0.17882103, -0.164989  ,
         -0.15503503, -0.14151429, -0.12997754, -0.14876205,
         -0.15580538]]], dtype=float32), reward=1), transition(observation=array([[ 1.0413686 ,  0.14748307, -0.14659856,  0.07293151, -0.0456452 ,
         0.09173257,  0.0579171 , -0.09315065,  0.02842969, -0.0115918 ,
         0.02780597, -0.04445371,  0.3256208 ,  0.403698  ,  0.51274246,
         0.3598884 ,  0.3111721 ,  0.04374575, -0.1444248 ,  0.02922666,
         0.01304222,  0.09463165,  0.06412218,  0.15358439, -0.07232879,
         0.20708112,  0.18717203,  0.14799413,  0.27337378,  0.3048066 ,
         0.4907121 ,  0.34375182,  0.24249707,  1.        ]],
      dtype=float32), activation=array([[[30.019608  , -0.15657227, -0.15983556, -0.18931854,
         -0.22628647, -0.2307444 , -0.16386837, -0.18186887,
         -0.2045817 , -0.2835783 , -0.23869099, -0.17304933,
         -0.13911304, -0.09574986, -0.08249556, -0.14200117,
         -0.17707515]]], dtype=float32), h_activation=array([[[ 3.9238513e+00,  2.7431524e+00,  5.3057442e+00,  2.4473653e+00,
          5.4401979e+00,  7.5345969e+00,  2.4160492e+00,  8.4053259e+00,
          6.4356077e-01, -8.3862413e-03]]], dtype=float32), o_activation=array([[[30.019608  , -0.15657227, -0.15983556, -0.18931854,
         -0.22628647, -0.2307444 , -0.16386837, -0.18186887,
         -0.2045817 , -0.2835783 , -0.23869099, -0.17304933,
         -0.13911304, -0.09574986, -0.08249556, -0.14200117,
         -0.17707515]]], dtype=float32), reward=1), transition(observation=array([[ 1.0090175 ,  0.1251974 ,  0.1842662 , -0.21749583, -0.20886935,
        -0.06647497, -0.04435813, -0.14274317, -0.00249092, -0.00612576,
         0.08506797, -0.01323655,  0.21910286,  0.8121318 ,  0.4551749 ,
         0.661891  ,  0.36546963, -0.1433984 , -0.08684961, -0.13577497,
         0.08497169, -0.04256348, -0.03694358, -0.02034201,  0.14397258,
        -0.03216901, -0.06392714,  0.10978283,  0.15509032,  0.40363443,
         0.5570122 ,  0.5850879 ,  0.32963648,  1.        ]],
      dtype=float32), activation=array([[[31.112267  , -0.14713843, -0.16831024, -0.19373344,
         -0.2151013 , -0.22600082, -0.19661964, -0.24403092,
         -0.24996476, -0.30072606, -0.23615262, -0.16838686,
         -0.1328946 , -0.09718269, -0.10055202, -0.15618703,
         -0.16518813]]], dtype=float32), h_activation=array([[[ 4.8569088e+00,  3.0113175e+00,  6.4660282e+00,  1.9452044e+00,
          8.0683260e+00,  8.9123163e+00,  4.5652781e+00,  1.0157530e+01,
          9.1516459e-01, -8.8690342e-03]]], dtype=float32), o_activation=array([[[31.112267  , -0.14713843, -0.16831024, -0.19373344,
         -0.2151013 , -0.22600082, -0.19661964, -0.24403092,
         -0.24996476, -0.30072606, -0.23615262, -0.16838686,
         -0.1328946 , -0.09718269, -0.10055202, -0.15618703,
         -0.16518813]]], dtype=float32), reward=1), transition(observation=array([[ 0.8567709 , -0.17641991,  0.0012426 ,  0.1761995 , -0.03518255,
        -0.01293823,  0.06632432, -0.01485947,  0.16321512,  0.1188329 ,
        -0.20636997,  0.0642638 ,  0.2605073 ,  0.3773338 ,  0.5609005 ,
         0.4335103 ,  0.30124268,  0.02424358, -0.03299224,  0.13397211,
         0.05862154,  0.04884676,  0.08188968,  0.17851333, -0.05207853,
         0.12745409,  0.1959212 ,  0.06667311,  0.27585799,  0.55840194,
         0.47382072,  0.5794719 ,  0.22321911,  1.        ]],
      dtype=float32), activation=array([[[ 2.7930298e+01, -6.3171878e-02, -1.2850617e-01, -2.1656936e-01,
         -2.7223778e-01, -3.1054747e-01, -2.7475560e-01, -3.1392732e-01,
         -2.7632782e-01, -2.8602797e-01, -2.0077838e-01, -1.2537515e-01,
         -6.1507929e-02,  1.5872049e-01, -3.7807762e-03, -6.5925650e-02,
         -7.4786380e-02]]], dtype=float32), h_activation=array([[[ 4.0008497 ,  1.9420023 ,  5.590419  ,  2.3091054 ,
          7.2766986 ,  9.490633  ,  6.065711  ,  9.67597   ,
          0.42859468, -0.0148338 ]]], dtype=float32), o_activation=array([[[ 2.7930298e+01, -6.3171878e-02, -1.2850617e-01, -2.1656936e-01,
         -2.7223778e-01, -3.1054747e-01, -2.7475560e-01, -3.1392732e-01,
         -2.7632782e-01, -2.8602797e-01, -2.0077838e-01, -1.2537515e-01,
         -6.1507929e-02,  1.5872049e-01, -3.7807762e-03, -6.5925650e-02,
         -7.4786380e-02]]], dtype=float32), reward=1), transition(observation=array([[0., 0., 0., 0., 0., 0., 0., 0., 0., 0., 0., 0., 0., 0., 0., 0.,
        0., 0., 0., 0., 0., 0., 0., 0., 0., 0., 0., 0., 0., 0., 0., 0.,
        0., 1.]], dtype=float32), activation=array([[[-0.02465077,  7.969946  ,  0.30964363, -0.08721195,
         -0.13617857, -0.20808712, -0.19754507, -0.20082441,
         -0.12364147, -0.13336934, -0.06595188,  2.250668  ,
         11.8124695 , 18.528091  , 20.212679  , 17.593878  ,
         11.733768  ]]], dtype=float32), h_activation=array([[[ 2.6772232e+00,  1.2278961e+00,  4.5514612e+00,  1.8592120e+00,
          5.3614917e+00,  6.5872769e+00,  5.5709348e+00,  6.9175625e+00,
          9.3038654e-01, -8.2905707e-04]]], dtype=float32), o_activation=array([[[-0.02465077,  7.969946  ,  0.30964363, -0.08721195,
         -0.13617857, -0.20808712, -0.19754507, -0.20082441,
         -0.12364147, -0.13336934, -0.06595188,  2.250668  ,
         11.8124695 , 18.528091  , 20.212679  , 17.593878  ,
         11.733768  ]]], dtype=float32), reward=0), transition(observation=array([[0., 0., 0., 0., 0., 0., 0., 0., 0., 0., 0., 0., 0., 0., 0., 0.,
        0., 0., 0., 0., 0., 0., 0., 0., 0., 0., 0., 0., 0., 0., 0., 0.,
        0., 1.]], dtype=float32), activation=array([[[-0.02933743,  5.479062  ,  1.116702  , -0.04709113,
         -0.09699199, -0.15794317, -0.15676925, -0.15704264,
         -0.0953638 , -0.09185761, -0.04535923,  0.9045739 ,
          8.201845  , 13.540762  , 14.404109  , 12.767445  ,
          8.535629  ]]], dtype=float32), h_activation=array([[[1.7023559 , 0.8437642 , 3.9857702 , 1.7659642 , 3.812941  ,
         4.5709043 , 4.674755  , 4.9175444 , 0.9159602 , 0.03359124]]],
      dtype=float32), o_activation=array([[[-0.02933743,  5.479062  ,  1.116702  , -0.04709113,
         -0.09699199, -0.15794317, -0.15676925, -0.15704264,
         -0.0953638 , -0.09185761, -0.04535923,  0.9045739 ,
          8.201845  , 13.540762  , 14.404109  , 12.767445  ,
          8.535629  ]]], dtype=float32), reward=0)], success=False), configuration(episode=17, buffer=[transition(observation=array([[1., 0., 0., 0., 0., 0., 0., 0., 0., 0., 0., 0., 0., 0., 0., 0.,
        0., 0., 0., 0., 0., 0., 0., 0., 0., 0., 0., 0., 0., 0., 0., 0.,
        0., 1.]], dtype=float32), activation=array([[[22.06819   , -0.16423194, -0.09829667, -0.0684431 ,
         -0.08563564, -0.08378637, -0.07823429, -0.07916434,
         -0.07612116, -0.08751891, -0.13224255, -0.16178848,
         -0.12346218, -0.08102608, -0.10995874, -0.18023862,
         -0.20943384]]], dtype=float32), h_activation=array([[[ 0.7566331 ,  0.86678445,  0.876579  ,  1.1590619 ,
          0.4522693 ,  0.68814313, -0.00902339,  0.8538044 ,
          0.02913611,  0.7585149 ]]], dtype=float32), o_activation=array([[[22.06819   , -0.16423194, -0.09829667, -0.0684431 ,
         -0.08563564, -0.08378637, -0.07823429, -0.07916434,
         -0.07612116, -0.08751891, -0.13224255, -0.16178848,
         -0.12346218, -0.08102608, -0.10995874, -0.18023862,
         -0.20943384]]], dtype=float32), reward=1), transition(observation=array([[1., 0., 0., 0., 0., 0., 0., 0., 0., 0., 0., 0., 0., 0., 0., 0.,
        0., 0., 0., 0., 0., 0., 0., 0., 0., 0., 0., 0., 0., 0., 0., 0.,
        0., 1.]], dtype=float32), activation=array([[[21.337822  , -0.1491693 , -0.10197385, -0.06717525,
         -0.07688909, -0.09120708, -0.08393563, -0.07479876,
         -0.07536136, -0.09905721, -0.1364056 , -0.15782735,
         -0.11842414, -0.08629068, -0.10938227, -0.1589372 ,
         -0.1784776 ]]], dtype=float32), h_activation=array([[[ 1.3947372 ,  1.4963942 ,  1.4212117 ,  1.9371545 ,
          0.90128696,  1.2210518 , -0.00731216,  1.5029242 ,
          0.27260917,  1.3240087 ]]], dtype=float32), o_activation=array([[[21.337822  , -0.1491693 , -0.10197385, -0.06717525,
         -0.07688909, -0.09120708, -0.08393563, -0.07479876,
         -0.07536136, -0.09905721, -0.1364056 , -0.15782735,
         -0.11842414, -0.08629068, -0.10938227, -0.1589372 ,
         -0.1784776 ]]], dtype=float32), reward=1), transition(observation=array([[1., 0., 0., 0., 0., 0., 0., 0., 0., 0., 0., 0., 0., 0., 0., 0.,
        0., 0., 0., 0., 0., 0., 0., 0., 0., 0., 0., 0., 0., 0., 0., 0.,
        0., 1.]], dtype=float32), activation=array([[[20.68046   , -0.13755868, -0.10401591, -0.06871266,
         -0.07417372, -0.09812391, -0.0886594 , -0.07560153,
         -0.07856067, -0.10717329, -0.13592362, -0.1510574 ,
         -0.11374426, -0.09014434, -0.10846997, -0.14474139,
         -0.15768147]]], dtype=float32), h_activation=array([[[ 1.9113798 ,  1.9336143 ,  1.733639  ,  2.4304285 ,
          1.3138043 ,  1.6161711 , -0.00559584,  1.9876068 ,
          0.6261538 ,  1.7347419 ]]], dtype=float32), o_activation=array([[[20.68046   , -0.13755868, -0.10401591, -0.06871266,
         -0.07417372, -0.09812391, -0.0886594 , -0.07560153,
         -0.07856067, -0.10717329, -0.13592362, -0.1510574 ,
         -0.11374426, -0.09014434, -0.10846997, -0.14474139,
         -0.15768147]]], dtype=float32), reward=1), transition(observation=array([[ 9.45263982e-01,  8.99413675e-02,  5.33972494e-02,
        -4.89803590e-02, -1.13332614e-01, -7.71866068e-02,
         1.94641016e-02, -5.40147163e-02, -6.01098686e-02,
         1.89142913e-01,  6.54788256e-01,  2.63431191e-01,
         8.28424096e-02, -2.79486049e-02,  4.30067703e-02,
         1.33920550e-01,  4.20618892e-01, -1.73136860e-01,
         1.33520648e-01, -8.52557793e-02,  6.28142208e-02,
         4.78760619e-03,  1.74133450e-01,  4.41811010e-02,
         9.82982740e-02,  3.63508731e-01,  5.78153849e-01,
         3.01354736e-01,  5.24446219e-02, -1.17816284e-01,
        -5.08572720e-02,  3.27685353e-04,  4.53839339e-02,
         1.00000000e+00]], dtype=float32), activation=array([[[26.273563  , -0.16258767, -0.12968391, -0.08232419,
         -0.0993066 , -0.1051716 , -0.09958445, -0.09851133,
         -0.13468122, -0.18726026, -0.21589202, -0.21442519,
         -0.16491951, -0.1329755 , -0.14168929, -0.17665352,
         -0.1903884 ]]], dtype=float32), h_activation=array([[[3.6411397, 3.5029752, 2.1519487, 4.504969 , 4.298978 ,
         2.8214095, 1.0849452, 2.284099 , 4.0333714, 2.549217 ]]],
      dtype=float32), o_activation=array([[[26.273563  , -0.16258767, -0.12968391, -0.08232419,
         -0.0993066 , -0.1051716 , -0.09958445, -0.09851133,
         -0.13468122, -0.18726026, -0.21589202, -0.21442519,
         -0.16491951, -0.1329755 , -0.14168929, -0.17665352,
         -0.1903884 ]]], dtype=float32), reward=1), transition(observation=array([[ 0.9232768 ,  0.14452434, -0.04822372,  0.03240097,  0.03524395,
        -0.16230299, -0.01678745, -0.09114851, -0.02721984,  0.339423  ,
         0.49063805,  0.2789172 ,  0.09211575,  0.08843521,  0.14328404,
         0.05937588,  0.30528033, -0.0342807 , -0.3139687 , -0.19203295,
        -0.02793809,  0.07914538,  0.04724687,  0.07250176,  0.15025653,
         0.15596755,  0.58633834,  0.30058837,  0.07519972,  0.11307004,
         0.1339677 ,  0.26112533,  0.13556774,  1.        ]],
      dtype=float32), activation=array([[[23.127964  , -0.13538401, -0.14594966, -0.11417428,
         -0.13689116, -0.16419682, -0.13504039, -0.1261583 ,
         -0.16043139, -0.15207376, -0.13694936, -0.15639462,
         -0.16070443, -0.15351649, -0.14865492, -0.1507076 ,
         -0.1347994 ]]], dtype=float32), h_activation=array([[[5.009156 , 4.4227376, 2.0907469, 5.2905407, 6.545634 ,
         3.5900562, 2.2928476, 2.1928618, 5.5094285, 2.7139075]]],
      dtype=float32), o_activation=array([[[23.127964  , -0.13538401, -0.14594966, -0.11417428,
         -0.13689116, -0.16419682, -0.13504039, -0.1261583 ,
         -0.16043139, -0.15207376, -0.13694936, -0.15639462,
         -0.16070443, -0.15351649, -0.14865492, -0.1507076 ,
         -0.1347994 ]]], dtype=float32), reward=1), transition(observation=array([[ 0.9302119 ,  0.22121239,  0.05045401,  0.16870058, -0.09516971,
         0.20978002,  0.16160792,  0.1057563 , -0.01674662,  0.26281986,
         0.37252253,  0.4343475 ,  0.15431292, -0.07227319,  0.18258272,
         0.220471  ,  0.29205495,  0.09002882,  0.13113481, -0.03898215,
        -0.05068418,  0.13602547, -0.1637698 , -0.03754432,  0.09376235,
         0.5846257 ,  0.73692656,  0.32332042,  0.25044903, -0.10173941,
         0.01161369, -0.0380284 ,  0.22234344,  1.        ]],
      dtype=float32), activation=array([[[28.445583  , -0.15052237, -0.1823104 , -0.15816198,
         -0.2013717 , -0.26331875, -0.24028322, -0.20454067,
         -0.20483659, -0.11985403, -0.08598959, -0.13809107,
         -0.16003725, -0.15179671, -0.15071538, -0.16162603,
         -0.14447467]]], dtype=float32), h_activation=array([[[4.9187655, 4.5357466, 1.6837275, 5.6806545, 6.780922 ,
         4.0353394, 3.1348703, 2.6289632, 8.033262 , 3.3967881]]],
      dtype=float32), o_activation=array([[[28.445583  , -0.15052237, -0.1823104 , -0.15816198,
         -0.2013717 , -0.26331875, -0.24028322, -0.20454067,
         -0.20483659, -0.11985403, -0.08598959, -0.13809107,
         -0.16003725, -0.15179671, -0.15071538, -0.16162603,
         -0.14447467]]], dtype=float32), reward=1), transition(observation=array([[ 1.0194333 ,  0.00756551, -0.04002975, -0.01927159,  0.12464602,
         0.12998451,  0.00553658,  0.15305884, -0.02257497,  0.22920375,
         0.48995027,  0.24431123,  0.01907394, -0.03365657,  0.1390497 ,
         0.06863939,  0.27667406,  0.1427462 ,  0.15202212,  0.10130767,
         0.07302361,  0.06842233, -0.00482266, -0.01239705,  0.05956879,
         0.6489756 ,  0.536663  ,  0.42245507,  0.0592089 ,  0.0349017 ,
         0.2004081 , -0.00206968, -0.18375312,  1.        ]],
      dtype=float32), activation=array([[[24.817097  , -0.11538022, -0.15558635, -0.16579635,
         -0.2155755 , -0.26021677, -0.23620088, -0.22161044,
         -0.2169969 , -0.12479412, -0.05569785, -0.09174821,
         -0.1486297 , -0.17704055, -0.14569142, -0.1280303 ,
         -0.1171653 ]]], dtype=float32), h_activation=array([[[4.5878053, 5.0954394, 1.482579 , 6.2479854, 7.0646906,
         3.5902827, 3.2383966, 1.9786832, 8.860349 , 2.7789917]]],
      dtype=float32), o_activation=array([[[24.817097  , -0.11538022, -0.15558635, -0.16579635,
         -0.2155755 , -0.26021677, -0.23620088, -0.22161044,
         -0.2169969 , -0.12479412, -0.05569785, -0.09174821,
         -0.1486297 , -0.17704055, -0.14569142, -0.1280303 ,
         -0.1171653 ]]], dtype=float32), reward=1), transition(observation=array([[ 0.84641254,  0.1706318 , -0.06415521, -0.02428167, -0.10264921,
         0.13652027, -0.14248289, -0.02688727,  0.28798404,  0.33996508,
         0.47027126,  0.47250068, -0.05701819,  0.08673367, -0.04100599,
         0.16167416,  0.2946234 ,  0.00642319, -0.11388167, -0.05364021,
         0.18629315, -0.13554735,  0.03068594,  0.0150503 ,  0.23302983,
         0.23391154,  0.58865607,  0.3134835 , -0.15483703, -0.11513695,
         0.06577092,  0.1199699 ,  0.12095067,  1.        ]],
      dtype=float32), activation=array([[[20.314014  , -0.11571246, -0.15637264, -0.1442168 ,
         -0.17873253, -0.21694078, -0.19762258, -0.20009047,
         -0.22123754, -0.11009178, -0.0313107 , -0.08399604,
         -0.1579753 , -0.17296539, -0.13660999, -0.1147536 ,
         -0.09940463]]], dtype=float32), h_activation=array([[[4.5225115, 5.845105 , 0.6539584, 6.0886426, 7.9155507,
         4.6728325, 4.1905923, 0.8282072, 9.432768 , 3.9563806]]],
      dtype=float32), o_activation=array([[[20.314014  , -0.11571246, -0.15637264, -0.1442168 ,
         -0.17873253, -0.21694078, -0.19762258, -0.20009047,
         -0.22123754, -0.11009178, -0.0313107 , -0.08399604,
         -0.1579753 , -0.17296539, -0.13660999, -0.1147536 ,
         -0.09940463]]], dtype=float32), reward=1), transition(observation=array([[0., 0., 0., 0., 0., 0., 0., 0., 0., 0., 0., 0., 0., 0., 0., 0.,
        0., 0., 0., 0., 0., 0., 0., 0., 0., 0., 0., 0., 0., 0., 0., 0.,
        0., 1.]], dtype=float32), activation=array([[[-1.34196490e-01,  3.69050169e+00, -4.01236638e-02,
         -5.88522516e-02, -6.53805360e-02, -1.35476992e-01,
         -1.26901820e-01, -7.94661790e-02, -1.23092625e-02,
          1.39934101e+01,  1.97562408e+01,  1.22789993e+01,
          1.63748431e+00, -5.09306863e-02, -1.30817806e-02,
          5.30351686e+00,  8.43742943e+00]]], dtype=float32), h_activation=array([[[3.0951564, 3.8594425, 0.5594212, 4.5427103, 5.756938 ,
         3.2689333, 4.2979636, 0.454221 , 7.656737 , 3.1232429]]],
      dtype=float32), o_activation=array([[[-1.34196490e-01,  3.69050169e+00, -4.01236638e-02,
         -5.88522516e-02, -6.53805360e-02, -1.35476992e-01,
         -1.26901820e-01, -7.94661790e-02, -1.23092625e-02,
          1.39934101e+01,  1.97562408e+01,  1.22789993e+01,
          1.63748431e+00, -5.09306863e-02, -1.30817806e-02,
          5.30351686e+00,  8.43742943e+00]]], dtype=float32), reward=1), transition(observation=array([[0., 0., 0., 0., 0., 0., 0., 0., 0., 0., 0., 0., 0., 0., 0., 0.,
        0., 0., 0., 0., 0., 0., 0., 0., 0., 0., 0., 0., 0., 0., 0., 0.,
        0., 1.]], dtype=float32), activation=array([[[-1.09620757e-01,  2.24489927e+00, -1.64285656e-02,
         -2.71049738e-02, -4.91238981e-02, -1.07539877e-01,
         -1.11305825e-01, -7.51671940e-02, -1.33952880e-02,
          1.08878679e+01,  1.48555851e+01,  8.96710205e+00,
          1.16051388e+00, -4.30227146e-02, -1.46385059e-02,
          3.87596655e+00,  5.65123034e+00]]], dtype=float32), h_activation=array([[[2.0082753 , 2.5727854 , 0.7858778 , 3.6528072 , 4.031324  ,
         2.2759633 , 3.8567595 , 0.18919703, 5.933856  , 2.5413642 ]]],
      dtype=float32), o_activation=array([[[-1.09620757e-01,  2.24489927e+00, -1.64285656e-02,
         -2.71049738e-02, -4.91238981e-02, -1.07539877e-01,
         -1.11305825e-01, -7.51671940e-02, -1.33952880e-02,
          1.08878679e+01,  1.48555851e+01,  8.96710205e+00,
          1.16051388e+00, -4.30227146e-02, -1.46385059e-02,
          3.87596655e+00,  5.65123034e+00]]], dtype=float32), reward=1)], success=True), configuration(episode=18, buffer=[transition(observation=array([[1., 0., 0., 0., 0., 0., 0., 0., 0., 0., 0., 0., 0., 0., 0., 0.,
        0., 0., 0., 0., 0., 0., 0., 0., 0., 0., 0., 0., 0., 0., 0., 0.,
        0., 1.]], dtype=float32), activation=array([[[22.06819   , -0.16423194, -0.09829667, -0.0684431 ,
         -0.08563564, -0.08378637, -0.07823429, -0.07916434,
         -0.07612116, -0.08751891, -0.13224255, -0.16178848,
         -0.12346218, -0.08102608, -0.10995874, -0.18023862,
         -0.20943384]]], dtype=float32), h_activation=array([[[ 0.7566331 ,  0.86678445,  0.876579  ,  1.1590619 ,
          0.4522693 ,  0.68814313, -0.00902339,  0.8538044 ,
          0.02913611,  0.7585149 ]]], dtype=float32), o_activation=array([[[22.06819   , -0.16423194, -0.09829667, -0.0684431 ,
         -0.08563564, -0.08378637, -0.07823429, -0.07916434,
         -0.07612116, -0.08751891, -0.13224255, -0.16178848,
         -0.12346218, -0.08102608, -0.10995874, -0.18023862,
         -0.20943384]]], dtype=float32), reward=1), transition(observation=array([[1., 0., 0., 0., 0., 0., 0., 0., 0., 0., 0., 0., 0., 0., 0., 0.,
        0., 0., 0., 0., 0., 0., 0., 0., 0., 0., 0., 0., 0., 0., 0., 0.,
        0., 1.]], dtype=float32), activation=array([[[21.337822  , -0.1491693 , -0.10197385, -0.06717525,
         -0.07688909, -0.09120708, -0.08393563, -0.07479876,
         -0.07536136, -0.09905721, -0.1364056 , -0.15782735,
         -0.11842414, -0.08629068, -0.10938227, -0.1589372 ,
         -0.1784776 ]]], dtype=float32), h_activation=array([[[ 1.3947372 ,  1.4963942 ,  1.4212117 ,  1.9371545 ,
          0.90128696,  1.2210518 , -0.00731216,  1.5029242 ,
          0.27260917,  1.3240087 ]]], dtype=float32), o_activation=array([[[21.337822  , -0.1491693 , -0.10197385, -0.06717525,
         -0.07688909, -0.09120708, -0.08393563, -0.07479876,
         -0.07536136, -0.09905721, -0.1364056 , -0.15782735,
         -0.11842414, -0.08629068, -0.10938227, -0.1589372 ,
         -0.1784776 ]]], dtype=float32), reward=1), transition(observation=array([[1., 0., 0., 0., 0., 0., 0., 0., 0., 0., 0., 0., 0., 0., 0., 0.,
        0., 0., 0., 0., 0., 0., 0., 0., 0., 0., 0., 0., 0., 0., 0., 0.,
        0., 1.]], dtype=float32), activation=array([[[20.68046   , -0.13755868, -0.10401591, -0.06871266,
         -0.07417372, -0.09812391, -0.0886594 , -0.07560153,
         -0.07856067, -0.10717329, -0.13592362, -0.1510574 ,
         -0.11374426, -0.09014434, -0.10846997, -0.14474139,
         -0.15768147]]], dtype=float32), h_activation=array([[[ 1.9113798 ,  1.9336143 ,  1.733639  ,  2.4304285 ,
          1.3138043 ,  1.6161711 , -0.00559584,  1.9876068 ,
          0.6261538 ,  1.7347419 ]]], dtype=float32), o_activation=array([[[20.68046   , -0.13755868, -0.10401591, -0.06871266,
         -0.07417372, -0.09812391, -0.0886594 , -0.07560153,
         -0.07856067, -0.10717329, -0.13592362, -0.1510574 ,
         -0.11374426, -0.09014434, -0.10846997, -0.14474139,
         -0.15768147]]], dtype=float32), reward=1), transition(observation=array([[ 8.3741260e-01,  1.0635257e-02,  2.5672639e-02, -5.9096310e-02,
        -1.0827117e-01, -1.8900862e-02,  3.1206128e-01,  3.4840259e-01,
         4.6643928e-01,  4.7457941e-02, -8.8958964e-02, -6.0419079e-02,
        -3.4625731e-02, -9.5718920e-02,  2.1776296e-01,  3.4786519e-01,
         1.3894421e-01,  1.9003192e-01, -3.6355335e-02, -7.3779910e-04,
        -5.9354410e-02,  1.1191063e-01,  7.4294463e-02,  2.8205934e-01,
         2.8561255e-01,  9.8102584e-02,  1.8251312e-01, -2.8289178e-02,
         7.4925707e-03,  5.9602976e-02,  2.5809109e-01,  4.4047904e-01,
         1.9432198e-01,  1.0000000e+00]], dtype=float32), activation=array([[[22.324953  , -0.14240094, -0.09544501, -0.0514181 ,
         -0.07548168, -0.1201614 , -0.12129728, -0.12328533,
         -0.13443582, -0.14325859, -0.12821527, -0.12314554,
         -0.10310096, -0.10036214, -0.12330552, -0.16575065,
         -0.17340554]]], dtype=float32), h_activation=array([[[-0.00545047,  1.7227898 ,  2.4580786 ,  3.010293  ,
          1.390881  ,  3.1394892 ,  0.11978483,  1.5307274 ,
          1.1226667 ,  2.3903008 ]]], dtype=float32), o_activation=array([[[22.324953  , -0.14240094, -0.09544501, -0.0514181 ,
         -0.07548168, -0.1201614 , -0.12129728, -0.12328533,
         -0.13443582, -0.14325859, -0.12821527, -0.12314554,
         -0.10310096, -0.10036214, -0.12330552, -0.16575065,
         -0.17340554]]], dtype=float32), reward=1), transition(observation=array([[ 1.1042956e+00,  2.4841835e-03,  1.9882081e-01,  3.9906178e-02,
        -9.1449417e-02,  3.3445783e-02,  2.6097983e-01,  4.1512832e-01,
         1.6230124e-01,  1.9689617e-01, -1.0736986e-03,  1.1990400e-02,
        -9.1409922e-02, -3.9136303e-03,  2.8672001e-01,  4.5045114e-01,
         2.2177792e-01,  1.3276900e-01,  5.4504223e-02, -1.9285475e-01,
        -1.0117285e-02, -3.7310313e-02,  2.9594120e-01,  4.0606052e-01,
         3.3263817e-02,  1.2791796e-01, -2.5509991e-02,  5.0747842e-02,
         1.3338383e-01,  1.9544679e-01,  3.5310221e-01,  6.7302328e-01,
         3.2675317e-01,  1.0000000e+00]], dtype=float32), activation=array([[[30.21833   , -0.20540585, -0.16508386, -0.14900918,
         -0.17573579, -0.18542357, -0.13829444, -0.09711289,
         -0.11859714, -0.18572919, -0.18994403, -0.16879885,
         -0.16438043, -0.18415219, -0.16996142, -0.18574575,
         -0.22004728]]], dtype=float32), h_activation=array([[[-0.01273696,  1.6013136 ,  3.1510444 ,  4.2884164 ,
          2.3711586 ,  3.7393074 ,  0.515727  ,  2.536214  ,
          2.1224406 ,  2.718878  ]]], dtype=float32), o_activation=array([[[30.21833   , -0.20540585, -0.16508386, -0.14900918,
         -0.17573579, -0.18542357, -0.13829444, -0.09711289,
         -0.11859714, -0.18572919, -0.18994403, -0.16879885,
         -0.16438043, -0.18415219, -0.16996142, -0.18574575,
         -0.22004728]]], dtype=float32), reward=1), transition(observation=array([[ 1.0260909 , -0.15090974, -0.16938807, -0.07512122,  0.05633458,
         0.09879779,  0.18469477,  0.38666946,  0.29030457,  0.0676306 ,
         0.14876813,  0.15647028, -0.00740046,  0.0909768 ,  0.32323438,
         0.33024192,  0.39347148,  0.26218718,  0.03725489, -0.07209508,
         0.10757874,  0.0108205 ,  0.16844812,  0.36252743,  0.33082458,
         0.04693771,  0.23928848, -0.15891041, -0.14360246, -0.04577776,
         0.23831867,  0.54038954,  0.20074806,  1.        ]],
      dtype=float32), activation=array([[[27.5518    , -0.16140564, -0.12976857, -0.12607117,
         -0.19334704, -0.214518  , -0.13952166, -0.08233327,
         -0.12204131, -0.20796728, -0.1957018 , -0.17009702,
         -0.18321522, -0.19684048, -0.14949031, -0.14663942,
         -0.17738615]]], dtype=float32), h_activation=array([[[-4.8556169e-03,  2.4150405e+00,  3.9235420e+00,  6.0057392e+00,
          2.9405146e+00,  5.3562446e+00,  2.7071273e-01,  2.2262328e+00,
          2.9259856e+00,  1.6611409e+00]]], dtype=float32), o_activation=array([[[27.5518    , -0.16140564, -0.12976857, -0.12607117,
         -0.19334704, -0.214518  , -0.13952166, -0.08233327,
         -0.12204131, -0.20796728, -0.1957018 , -0.17009702,
         -0.18321522, -0.19684048, -0.14949031, -0.14663942,
         -0.17738615]]], dtype=float32), reward=1), transition(observation=array([[ 1.0414671 , -0.03292092, -0.27978343,  0.00930942, -0.05696518,
         0.04129329,  0.28198108,  0.46999013,  0.20395844, -0.02052264,
        -0.05966553, -0.06041379,  0.03570972,  0.0141863 ,  0.16462758,
         0.16295916,  0.05651025,  0.13452016, -0.05862897,  0.00685172,
         0.08008576, -0.12921052,  0.18073446,  0.10342964,  0.19522081,
         0.10476813,  0.20906049, -0.03219492, -0.11597925,  0.0951736 ,
         0.27716666,  0.6002597 ,  0.27119076,  1.        ]],
      dtype=float32), activation=array([[[20.920322  , -0.15253076, -0.1587464 , -0.14266707,
         -0.17540307, -0.21393691, -0.11329146, -0.0306413 ,
         -0.07183815, -0.15265547, -0.13014945, -0.1166979 ,
         -0.14118452, -0.15049048, -0.09882947, -0.07448198,
         -0.11390939]]], dtype=float32), h_activation=array([[[-0.01056703,  1.7193139 ,  4.823031  ,  5.948788  ,
          2.3848212 ,  5.272822  , -0.0083632 ,  1.2423099 ,
          3.0391805 ,  0.8239382 ]]], dtype=float32), o_activation=array([[[20.920322  , -0.15253076, -0.1587464 , -0.14266707,
         -0.17540307, -0.21393691, -0.11329146, -0.0306413 ,
         -0.07183815, -0.15265547, -0.13014945, -0.1166979 ,
         -0.14118452, -0.15049048, -0.09882947, -0.07448198,
         -0.11390939]]], dtype=float32), reward=1), transition(observation=array([[ 1.0498523 , -0.18422729, -0.02626987,  0.11258984,  0.04586525,
         0.08915874,  0.26423362,  0.59079087,  0.24478023,  0.13647005,
        -0.05861234,  0.12167782,  0.05784835,  0.02803504,  0.3977301 ,
         0.4646499 ,  0.2514859 ,  0.12609784,  0.01306123, -0.0685802 ,
         0.02285813,  0.19007085,  0.11763126,  0.2953962 ,  0.26783168,
        -0.0767406 , -0.05356696, -0.01680179,  0.09843121, -0.00500741,
         0.17269166,  0.43054   ,  0.3969655 ,  1.        ]],
      dtype=float32), activation=array([[[28.224869  , -0.20580684, -0.21538436, -0.18132721,
         -0.21918695, -0.24173686, -0.11972937, -0.0347653 ,
         -0.11222925, -0.20359573, -0.17977042, -0.150738  ,
         -0.16851366, -0.18630365, -0.16036724, -0.13737203,
         -0.16044742]]], dtype=float32), h_activation=array([[[-1.1217113e-02,  1.0702581e+00,  4.8400841e+00,  7.4899259e+00,
          2.2144349e+00,  6.4238963e+00, -2.1518222e-03,  1.6988920e+00,
          3.2878246e+00,  4.5847830e-01]]], dtype=float32), o_activation=array([[[28.224869  , -0.20580684, -0.21538436, -0.18132721,
         -0.21918695, -0.24173686, -0.11972937, -0.0347653 ,
         -0.11222925, -0.20359573, -0.17977042, -0.150738  ,
         -0.16851366, -0.18630365, -0.16036724, -0.13737203,
         -0.16044742]]], dtype=float32), reward=1), transition(observation=array([[0., 0., 0., 0., 0., 0., 0., 0., 0., 0., 0., 0., 0., 0., 0., 0.,
        0., 0., 0., 0., 0., 0., 0., 0., 0., 0., 0., 0., 0., 0., 0., 0.,
        0., 1.]], dtype=float32), activation=array([[[-1.3004024e-01, -5.1632807e-02, -8.5121855e-02, -3.9640341e-02,
         -4.4165585e-02, -7.5932726e-02,  6.8803596e+00,  1.7594130e+01,
          8.3484831e+00, -4.4295143e-02, -1.7515987e-02,  2.5361009e+00,
          7.6635844e-01, -4.4008777e-03,  4.7284026e+00,  1.1894520e+01,
          7.1071000e+00]]], dtype=float32), h_activation=array([[[ 4.5284635e-01,  8.1972414e-01,  3.8665564e+00,  6.1554756e+00,
          1.7677521e+00,  5.0101414e+00, -1.0246894e-03,  1.4390342e+00,
          3.0585940e+00,  8.9902616e-01]]], dtype=float32), o_activation=array([[[-1.3004024e-01, -5.1632807e-02, -8.5121855e-02, -3.9640341e-02,
         -4.4165585e-02, -7.5932726e-02,  6.8803596e+00,  1.7594130e+01,
          8.3484831e+00, -4.4295143e-02, -1.7515987e-02,  2.5361009e+00,
          7.6635844e-01, -4.4008777e-03,  4.7284026e+00,  1.1894520e+01,
          7.1071000e+00]]], dtype=float32), reward=1), transition(observation=array([[0., 0., 0., 0., 0., 0., 0., 0., 0., 0., 0., 0., 0., 0., 0., 0.,
        0., 0., 0., 0., 0., 0., 0., 0., 0., 0., 0., 0., 0., 0., 0., 0.,
        0., 1.]], dtype=float32), activation=array([[[-1.1942114e-01, -4.3204002e-02, -5.7522334e-02, -1.4890318e-02,
         -2.5733560e-02, -5.5356286e-02,  5.9863768e+00,  1.4221918e+01,
          6.7280684e+00, -3.5257518e-02, -1.4742532e-02,  2.0834584e+00,
          8.3638412e-01, -6.5249442e-03,  2.9258585e+00,  8.4684296e+00,
          4.8288465e+00]]], dtype=float32), h_activation=array([[[ 7.4839771e-01,  7.0813692e-01,  3.1856337e+00,  5.1534138e+00,
          1.4029140e+00,  3.9576442e+00, -9.8051573e-04,  1.2576752e+00,
          2.7751284e+00,  1.1944262e+00]]], dtype=float32), o_activation=array([[[-1.1942114e-01, -4.3204002e-02, -5.7522334e-02, -1.4890318e-02,
         -2.5733560e-02, -5.5356286e-02,  5.9863768e+00,  1.4221918e+01,
          6.7280684e+00, -3.5257518e-02, -1.4742532e-02,  2.0834584e+00,
          8.3638412e-01, -6.5249442e-03,  2.9258585e+00,  8.4684296e+00,
          4.8288465e+00]]], dtype=float32), reward=1)], success=True), configuration(episode=19, buffer=[transition(observation=array([[1., 0., 0., 0., 0., 0., 0., 0., 0., 0., 0., 0., 0., 0., 0., 0.,
        0., 0., 0., 0., 0., 0., 0., 0., 0., 0., 0., 0., 0., 0., 0., 0.,
        0., 1.]], dtype=float32), activation=array([[[22.06819   , -0.16423194, -0.09829667, -0.0684431 ,
         -0.08563564, -0.08378637, -0.07823429, -0.07916434,
         -0.07612116, -0.08751891, -0.13224255, -0.16178848,
         -0.12346218, -0.08102608, -0.10995874, -0.18023862,
         -0.20943384]]], dtype=float32), h_activation=array([[[ 0.7566331 ,  0.86678445,  0.876579  ,  1.1590619 ,
          0.4522693 ,  0.68814313, -0.00902339,  0.8538044 ,
          0.02913611,  0.7585149 ]]], dtype=float32), o_activation=array([[[22.06819   , -0.16423194, -0.09829667, -0.0684431 ,
         -0.08563564, -0.08378637, -0.07823429, -0.07916434,
         -0.07612116, -0.08751891, -0.13224255, -0.16178848,
         -0.12346218, -0.08102608, -0.10995874, -0.18023862,
         -0.20943384]]], dtype=float32), reward=1), transition(observation=array([[1., 0., 0., 0., 0., 0., 0., 0., 0., 0., 0., 0., 0., 0., 0., 0.,
        0., 0., 0., 0., 0., 0., 0., 0., 0., 0., 0., 0., 0., 0., 0., 0.,
        0., 1.]], dtype=float32), activation=array([[[21.337822  , -0.1491693 , -0.10197385, -0.06717525,
         -0.07688909, -0.09120708, -0.08393563, -0.07479876,
         -0.07536136, -0.09905721, -0.1364056 , -0.15782735,
         -0.11842414, -0.08629068, -0.10938227, -0.1589372 ,
         -0.1784776 ]]], dtype=float32), h_activation=array([[[ 1.3947372 ,  1.4963942 ,  1.4212117 ,  1.9371545 ,
          0.90128696,  1.2210518 , -0.00731216,  1.5029242 ,
          0.27260917,  1.3240087 ]]], dtype=float32), o_activation=array([[[21.337822  , -0.1491693 , -0.10197385, -0.06717525,
         -0.07688909, -0.09120708, -0.08393563, -0.07479876,
         -0.07536136, -0.09905721, -0.1364056 , -0.15782735,
         -0.11842414, -0.08629068, -0.10938227, -0.1589372 ,
         -0.1784776 ]]], dtype=float32), reward=1), transition(observation=array([[1., 0., 0., 0., 0., 0., 0., 0., 0., 0., 0., 0., 0., 0., 0., 0.,
        0., 0., 0., 0., 0., 0., 0., 0., 0., 0., 0., 0., 0., 0., 0., 0.,
        0., 1.]], dtype=float32), activation=array([[[20.68046   , -0.13755868, -0.10401591, -0.06871266,
         -0.07417372, -0.09812391, -0.0886594 , -0.07560153,
         -0.07856067, -0.10717329, -0.13592362, -0.1510574 ,
         -0.11374426, -0.09014434, -0.10846997, -0.14474139,
         -0.15768147]]], dtype=float32), h_activation=array([[[ 1.9113798 ,  1.9336143 ,  1.733639  ,  2.4304285 ,
          1.3138043 ,  1.6161711 , -0.00559584,  1.9876068 ,
          0.6261538 ,  1.7347419 ]]], dtype=float32), o_activation=array([[[20.68046   , -0.13755868, -0.10401591, -0.06871266,
         -0.07417372, -0.09812391, -0.0886594 , -0.07560153,
         -0.07856067, -0.10717329, -0.13592362, -0.1510574 ,
         -0.11374426, -0.09014434, -0.10846997, -0.14474139,
         -0.15768147]]], dtype=float32), reward=1), transition(observation=array([[ 1.0639745 ,  0.00292494,  0.02540972,  0.10308207, -0.10747393,
         0.11422122, -0.09950907, -0.00190753,  0.25184944,  0.10413883,
        -0.06137996,  0.0816504 ,  0.19974168,  0.55220056,  0.80171233,
         0.41153374, -0.18340705,  0.02581476,  0.07295382, -0.05835201,
         0.05316031, -0.07264972,  0.06282232, -0.33200955, -0.1801978 ,
        -0.11583986,  0.04771732,  0.38877493,  0.7010316 ,  0.5281961 ,
         0.08749681, -0.05638234, -0.00242795,  1.        ]],
      dtype=float32), activation=array([[[29.780178  , -0.16825889, -0.1377554 , -0.09770343,
         -0.11182882, -0.13238779, -0.12661195, -0.12110435,
         -0.1345381 , -0.17799643, -0.19416659, -0.20559853,
         -0.20908473, -0.21807651, -0.22914392, -0.23916698,
         -0.20539004]]], dtype=float32), h_activation=array([[[ 1.8339617e+00,  1.7994792e+00,  1.0829601e+00,  2.0346298e+00,
          3.5539334e+00,  4.5598841e+00, -3.5077131e-03,  4.5135937e+00,
         -7.3708938e-03,  4.9236834e-01]]], dtype=float32), o_activation=array([[[29.780178  , -0.16825889, -0.1377554 , -0.09770343,
         -0.11182882, -0.13238779, -0.12661195, -0.12110435,
         -0.1345381 , -0.17799643, -0.19416659, -0.20559853,
         -0.20908473, -0.21807651, -0.22914392, -0.23916698,
         -0.20539004]]], dtype=float32), reward=1), transition(observation=array([[ 9.64104474e-01,  1.95800457e-02, -1.65726990e-01,
        -8.47365782e-02, -1.30002588e-01,  6.75011054e-02,
        -9.29189206e-04,  2.87937000e-02,  4.04424220e-02,
         1.46530405e-01, -1.18705936e-01, -6.90159351e-02,
         2.38351375e-01,  4.78330553e-01,  6.36373520e-01,
         1.96435347e-01, -2.55629700e-03,  8.81094187e-02,
        -1.12390213e-01,  1.27936929e-01,  1.62540600e-02,
         1.95187956e-01, -3.44853811e-02,  5.83507717e-02,
        -4.43580113e-02, -1.77436531e-01,  1.46221593e-01,
         3.69382203e-01,  5.94285309e-01,  5.15174270e-01,
         3.82264227e-01,  8.18634778e-02,  4.13531587e-02,
         1.00000000e+00]], dtype=float32), activation=array([[[24.370245  , -0.1430541 , -0.10984413, -0.11659776,
         -0.1463892 , -0.16768523, -0.13361318, -0.1346711 ,
         -0.12786466, -0.17093243, -0.16678777, -0.15982291,
         -0.15424566, -0.11475084, -0.09929798, -0.16316395,
         -0.19075783]]], dtype=float32), h_activation=array([[[ 1.8931975 ,  2.2414777 ,  2.0542006 ,  0.8556533 ,
          5.0578704 ,  5.9189243 ,  0.16825062,  5.3471413 ,
         -0.00618141, -0.01066871]]], dtype=float32), o_activation=array([[[24.370245  , -0.1430541 , -0.10984413, -0.11659776,
         -0.1463892 , -0.16768523, -0.13361318, -0.1346711 ,
         -0.12786466, -0.17093243, -0.16678777, -0.15982291,
         -0.15424566, -0.11475084, -0.09929798, -0.16316395,
         -0.19075783]]], dtype=float32), reward=1), transition(observation=array([[ 1.02426255e+00,  2.51332810e-03,  3.09196293e-01,
        -1.06925949e-01,  2.00992510e-01, -9.31385381e-04,
        -4.61974926e-03, -1.38214529e-01, -1.08918212e-02,
         1.22951470e-01,  8.99478048e-02,  1.23287894e-01,
         1.91865638e-01,  4.35996383e-01,  6.81703389e-01,
         4.33798730e-01,  1.35991901e-01,  9.89348069e-02,
        -1.02054469e-01, -9.77441221e-02,  4.45699245e-02,
        -5.38250059e-02,  6.30474985e-02, -3.27924825e-02,
        -6.64096922e-02,  9.96791199e-02, -1.31977778e-02,
         5.23673773e-01,  4.77470964e-01,  4.90836352e-01,
         3.21039945e-01,  7.06405342e-02,  1.63787529e-01,
         1.00000000e+00]], dtype=float32), activation=array([[[31.06314   , -0.18079917, -0.17902927, -0.22714855,
         -0.25061306, -0.22453724, -0.15956098, -0.1670883 ,
         -0.166788  , -0.21997118, -0.22040237, -0.20020278,
         -0.17252877, -0.10668209, -0.0991227 , -0.19662121,
         -0.2377077 ]]], dtype=float32), h_activation=array([[[ 2.9101391e+00,  2.8457506e+00,  1.5447969e+00,  1.3639005e+00,
          6.5633984e+00,  6.8503380e+00,  1.2828445e+00,  7.9571857e+00,
          4.0626469e-01, -6.2686238e-03]]], dtype=float32), o_activation=array([[[31.06314   , -0.18079917, -0.17902927, -0.22714855,
         -0.25061306, -0.22453724, -0.15956098, -0.1670883 ,
         -0.166788  , -0.21997118, -0.22040237, -0.20020278,
         -0.17252877, -0.10668209, -0.0991227 , -0.19662121,
         -0.2377077 ]]], dtype=float32), reward=1), transition(observation=array([[ 1.0245329e+00, -2.4910986e-02, -4.2148385e-02,  9.2077024e-02,
         1.0971630e-01, -1.3943888e-01, -3.6264833e-02, -1.4797640e-01,
        -1.3268556e-02, -3.1119470e-02,  1.1615940e-01,  1.5762231e-01,
         8.7007217e-02,  3.9028060e-01,  5.8447212e-01,  3.1846610e-01,
        -6.0224514e-02, -8.7177806e-02, -7.0309779e-04,  7.0479825e-02,
        -8.7174252e-02,  5.1807221e-02,  1.8318218e-01, -1.2573183e-01,
        -8.3555408e-02, -1.0370787e-01,  1.1176362e-01,  5.4285622e-01,
         5.8281529e-01,  5.2769160e-01,  2.3881267e-01,  6.2280536e-02,
        -8.4839478e-02,  1.0000000e+00]], dtype=float32), activation=array([[[ 2.6726219e+01, -1.1865308e-01, -1.2788934e-01, -2.0313975e-01,
         -2.3366602e-01, -2.2958656e-01, -1.8646644e-01, -2.2261423e-01,
         -1.9135648e-01, -2.2036886e-01, -1.8818259e-01, -1.6551587e-01,
         -1.4355382e-01, -5.8600649e-02, -2.1807317e-02, -1.2518173e-01,
         -1.8162246e-01]]], dtype=float32), h_activation=array([[[ 3.4822607 ,  2.2132087 ,  0.9383015 ,  2.3240643 ,
          7.334848  ,  7.0585437 ,  1.8861713 ,  8.820375  ,
          0.97477615, -0.01470067]]], dtype=float32), o_activation=array([[[ 2.6726219e+01, -1.1865308e-01, -1.2788934e-01, -2.0313975e-01,
         -2.3366602e-01, -2.2958656e-01, -1.8646644e-01, -2.2261423e-01,
         -1.9135648e-01, -2.2036886e-01, -1.8818259e-01, -1.6551587e-01,
         -1.4355382e-01, -5.8600649e-02, -2.1807317e-02, -1.2518173e-01,
         -1.8162246e-01]]], dtype=float32), reward=1), transition(observation=array([[ 1.0255347 , -0.0411674 , -0.08217298, -0.10200115, -0.03714114,
        -0.02856757,  0.04231361, -0.05155535,  0.0424837 , -0.0927822 ,
         0.10731118,  0.19926009,  0.29684085,  0.2880715 ,  0.926507  ,
         0.26607013, -0.01021718,  0.02208059, -0.13234887,  0.01641593,
         0.08661164, -0.04009161, -0.16043758, -0.08270054,  0.03830709,
        -0.11298603,  0.0706401 ,  0.24025433,  0.6154715 ,  0.6550395 ,
         0.1486474 ,  0.08725863, -0.06538306,  1.        ]],
      dtype=float32), activation=array([[[ 2.9419140e+01, -1.2277890e-01, -1.0319963e-01, -1.7025276e-01,
         -2.4058212e-01, -2.7081323e-01, -2.3257700e-01, -2.6614031e-01,
         -2.3287791e-01, -2.3943377e-01, -1.7785463e-01, -1.5963359e-01,
         -1.6683103e-01, -8.0593377e-02, -2.5332203e-02, -1.3099691e-01,
         -1.9217740e-01]]], dtype=float32), h_activation=array([[[ 3.0604417 ,  1.7548115 ,  0.70085156,  2.330698  ,
          8.168256  ,  8.294302  ,  1.8231006 ,  9.576696  ,
          2.0625815 , -0.01835396]]], dtype=float32), o_activation=array([[[ 2.9419140e+01, -1.2277890e-01, -1.0319963e-01, -1.7025276e-01,
         -2.4058212e-01, -2.7081323e-01, -2.3257700e-01, -2.6614031e-01,
         -2.3287791e-01, -2.3943377e-01, -1.7785463e-01, -1.5963359e-01,
         -1.6683103e-01, -8.0593377e-02, -2.5332203e-02, -1.3099691e-01,
         -1.9217740e-01]]], dtype=float32), reward=1), transition(observation=array([[0., 0., 0., 0., 0., 0., 0., 0., 0., 0., 0., 0., 0., 0., 0., 0.,
        0., 0., 0., 0., 0., 0., 0., 0., 0., 0., 0., 0., 0., 0., 0., 0.,
        0., 1.]], dtype=float32), activation=array([[[-7.59259239e-02,  1.99018383e+00,  2.21900773e+00,
         -8.33910480e-02, -1.45814344e-01, -1.66852504e-01,
         -9.08448175e-02, -1.28730908e-01, -1.05381839e-01,
         -1.05446905e-01, -6.16267649e-03,  4.47673368e+00,
          4.53354073e+00,  1.48244991e+01,  2.29348717e+01,
          1.21180592e+01, -7.77322287e-03]]], dtype=float32), h_activation=array([[[ 2.1662586e+00,  8.7696576e-01,  2.2712716e-01,  1.4711409e+00,
          6.2035785e+00,  5.7329278e+00,  2.9789629e+00,  6.9807310e+00,
          2.7793877e+00, -4.3684125e-04]]], dtype=float32), o_activation=array([[[-7.59259239e-02,  1.99018383e+00,  2.21900773e+00,
         -8.33910480e-02, -1.45814344e-01, -1.66852504e-01,
         -9.08448175e-02, -1.28730908e-01, -1.05381839e-01,
         -1.05446905e-01, -6.16267649e-03,  4.47673368e+00,
          4.53354073e+00,  1.48244991e+01,  2.29348717e+01,
          1.21180592e+01, -7.77322287e-03]]], dtype=float32), reward=1), transition(observation=array([[0., 0., 0., 0., 0., 0., 0., 0., 0., 0., 0., 0., 0., 0., 0., 0.,
        0., 0., 0., 0., 0., 0., 0., 0., 0., 0., 0., 0., 0., 0., 0., 0.,
        0., 1.]], dtype=float32), activation=array([[[-6.46247640e-02,  1.23198557e+00,  3.37390161e+00,
         -4.71892618e-02, -1.13417394e-01, -1.32959306e-01,
         -9.64253247e-02, -1.37499526e-01, -1.00573614e-01,
         -6.81121647e-02,  1.16360331e+00,  4.00390768e+00,
          3.32239866e+00,  1.05738163e+01,  1.66451054e+01,
          8.53186798e+00, -1.54601615e-02]]], dtype=float32), h_activation=array([[[1.3477225 , 0.34870872, 0.28787467, 1.1369221 , 4.5007887 ,
         3.8780015 , 3.2694273 , 5.007592  , 2.7021866 , 0.01970747]]],
      dtype=float32), o_activation=array([[[-6.46247640e-02,  1.23198557e+00,  3.37390161e+00,
         -4.71892618e-02, -1.13417394e-01, -1.32959306e-01,
         -9.64253247e-02, -1.37499526e-01, -1.00573614e-01,
         -6.81121647e-02,  1.16360331e+00,  4.00390768e+00,
          3.32239866e+00,  1.05738163e+01,  1.66451054e+01,
          8.53186798e+00, -1.54601615e-02]]], dtype=float32), reward=1)], success=True), configuration(episode=20, buffer=[transition(observation=array([[1., 0., 0., 0., 0., 0., 0., 0., 0., 0., 0., 0., 0., 0., 0., 0.,
        0., 0., 0., 0., 0., 0., 0., 0., 0., 0., 0., 0., 0., 0., 0., 0.,
        0., 1.]], dtype=float32), activation=array([[[22.06819   , -0.16423194, -0.09829667, -0.0684431 ,
         -0.08563564, -0.08378637, -0.07823429, -0.07916434,
         -0.07612116, -0.08751891, -0.13224255, -0.16178848,
         -0.12346218, -0.08102608, -0.10995874, -0.18023862,
         -0.20943384]]], dtype=float32), h_activation=array([[[ 0.7566331 ,  0.86678445,  0.876579  ,  1.1590619 ,
          0.4522693 ,  0.68814313, -0.00902339,  0.8538044 ,
          0.02913611,  0.7585149 ]]], dtype=float32), o_activation=array([[[22.06819   , -0.16423194, -0.09829667, -0.0684431 ,
         -0.08563564, -0.08378637, -0.07823429, -0.07916434,
         -0.07612116, -0.08751891, -0.13224255, -0.16178848,
         -0.12346218, -0.08102608, -0.10995874, -0.18023862,
         -0.20943384]]], dtype=float32), reward=1), transition(observation=array([[1., 0., 0., 0., 0., 0., 0., 0., 0., 0., 0., 0., 0., 0., 0., 0.,
        0., 0., 0., 0., 0., 0., 0., 0., 0., 0., 0., 0., 0., 0., 0., 0.,
        0., 1.]], dtype=float32), activation=array([[[21.337822  , -0.1491693 , -0.10197385, -0.06717525,
         -0.07688909, -0.09120708, -0.08393563, -0.07479876,
         -0.07536136, -0.09905721, -0.1364056 , -0.15782735,
         -0.11842414, -0.08629068, -0.10938227, -0.1589372 ,
         -0.1784776 ]]], dtype=float32), h_activation=array([[[ 1.3947372 ,  1.4963942 ,  1.4212117 ,  1.9371545 ,
          0.90128696,  1.2210518 , -0.00731216,  1.5029242 ,
          0.27260917,  1.3240087 ]]], dtype=float32), o_activation=array([[[21.337822  , -0.1491693 , -0.10197385, -0.06717525,
         -0.07688909, -0.09120708, -0.08393563, -0.07479876,
         -0.07536136, -0.09905721, -0.1364056 , -0.15782735,
         -0.11842414, -0.08629068, -0.10938227, -0.1589372 ,
         -0.1784776 ]]], dtype=float32), reward=1), transition(observation=array([[1., 0., 0., 0., 0., 0., 0., 0., 0., 0., 0., 0., 0., 0., 0., 0.,
        0., 0., 0., 0., 0., 0., 0., 0., 0., 0., 0., 0., 0., 0., 0., 0.,
        0., 1.]], dtype=float32), activation=array([[[20.68046   , -0.13755868, -0.10401591, -0.06871266,
         -0.07417372, -0.09812391, -0.0886594 , -0.07560153,
         -0.07856067, -0.10717329, -0.13592362, -0.1510574 ,
         -0.11374426, -0.09014434, -0.10846997, -0.14474139,
         -0.15768147]]], dtype=float32), h_activation=array([[[ 1.9113798 ,  1.9336143 ,  1.733639  ,  2.4304285 ,
          1.3138043 ,  1.6161711 , -0.00559584,  1.9876068 ,
          0.6261538 ,  1.7347419 ]]], dtype=float32), o_activation=array([[[20.68046   , -0.13755868, -0.10401591, -0.06871266,
         -0.07417372, -0.09812391, -0.0886594 , -0.07560153,
         -0.07856067, -0.10717329, -0.13592362, -0.1510574 ,
         -0.11374426, -0.09014434, -0.10846997, -0.14474139,
         -0.15768147]]], dtype=float32), reward=1), transition(observation=array([[ 0.9050868 ,  0.31560582,  0.30960023,  0.15849936,  0.06340671,
         0.0061667 ,  0.10645124,  0.25733694,  0.22572036,  0.27518418,
         0.09029611,  0.01412802, -0.02216916,  0.03109553,  0.0467037 ,
        -0.00997706,  0.07257834,  0.2849332 ,  0.529861  ,  0.26264113,
         0.09337511,  0.15777178, -0.0335464 , -0.10986637,  0.12113677,
         0.27880237, -0.06146261,  0.12445913,  0.10785232,  0.06210208,
        -0.12676477, -0.12851274, -0.04793111,  1.        ]],
      dtype=float32), activation=array([[[25.827778  , -0.18270467, -0.15470943, -0.10838988,
         -0.1078584 , -0.13065405, -0.1240006 , -0.12250274,
         -0.14770249, -0.16403806, -0.16241042, -0.16289006,
         -0.12824498, -0.10649778, -0.11512995, -0.15648045,
         -0.18876399]]], dtype=float32), h_activation=array([[[ 1.8796268e+00,  2.2334507e+00,  2.1925616e+00,  2.2645123e+00,
          2.5351369e+00,  7.0477211e-01, -1.2005892e-03,  1.7583754e+00,
          1.0019028e+00,  4.0254979e+00]]], dtype=float32), o_activation=array([[[25.827778  , -0.18270467, -0.15470943, -0.10838988,
         -0.1078584 , -0.13065405, -0.1240006 , -0.12250274,
         -0.14770249, -0.16403806, -0.16241042, -0.16289006,
         -0.12824498, -0.10649778, -0.11512995, -0.15648045,
         -0.18876399]]], dtype=float32), reward=1), transition(observation=array([[ 0.90954095,  0.24362463,  0.5197542 ,  0.3219289 ,  0.16003196,
        -0.12958242,  0.1611257 ,  0.2261183 ,  0.34589934,  0.15092093,
        -0.02699919,  0.11644456,  0.01348593,  0.02537572, -0.10396013,
         0.0909164 ,  0.06258836,  0.09297356,  0.49609745,  0.28300613,
         0.0094127 , -0.05884949, -0.03389587,  0.15526408,  0.12167113,
         0.14391498,  0.06864715,  0.09465326, -0.07096042, -0.04878386,
         0.03199082,  0.15681262,  0.11602642,  1.        ]],
      dtype=float32), activation=array([[[25.644745  , -0.17166345, -0.14298174, -0.12134022,
         -0.13926655, -0.1650399 , -0.13675974, -0.11030909,
         -0.12753467, -0.13822861, -0.14753535, -0.1693469 ,
         -0.1487349 , -0.13961208, -0.13547277, -0.16732065,
         -0.18791185]]], dtype=float32), h_activation=array([[[2.1501036 , 1.0416694 , 1.9457898 , 2.8351908 , 2.4736607 ,
         0.30201277, 0.2915936 , 1.8855147 , 1.1486751 , 6.4357133 ]]],
      dtype=float32), o_activation=array([[[25.644745  , -0.17166345, -0.14298174, -0.12134022,
         -0.13926655, -0.1650399 , -0.13675974, -0.11030909,
         -0.12753467, -0.13822861, -0.14753535, -0.1693469 ,
         -0.1487349 , -0.13961208, -0.13547277, -0.16732065,
         -0.18791185]]], dtype=float32), reward=1), transition(observation=array([[ 1.1360108 ,  0.12455502,  0.31694934,  0.37276426, -0.13435078,
         0.0568382 ,  0.20913418,  0.20249777,  0.34607685,  0.25805688,
         0.02879588, -0.08808231, -0.05012251,  0.05883486,  0.07259733,
         0.04495263, -0.06732036,  0.3719788 ,  0.5713238 ,  0.2663364 ,
         0.05272986, -0.09807721,  0.1434958 ,  0.22701597,  0.21024697,
         0.15541925, -0.12445932, -0.04700926,  0.1813838 ,  0.03874479,
         0.10665754,  0.05705013, -0.03819158,  1.        ]],
      dtype=float32), activation=array([[[30.167858  , -0.15615347, -0.09346255, -0.08541686,
         -0.15801887, -0.21759853, -0.18075815, -0.12145078,
         -0.13133943, -0.16779608, -0.1680775 , -0.17398052,
         -0.1668655 , -0.20279622, -0.18224907, -0.1881193 ,
         -0.19695291]]], dtype=float32), h_activation=array([[[ 1.0949976e+00,  3.1276768e-01,  1.4516344e+00,  2.1906872e+00,
          3.1265085e+00, -2.8064272e-03,  4.5460153e-01,  1.6096952e+00,
          1.1830308e+00,  6.9421749e+00]]], dtype=float32), o_activation=array([[[30.167858  , -0.15615347, -0.09346255, -0.08541686,
         -0.15801887, -0.21759853, -0.18075815, -0.12145078,
         -0.13133943, -0.16779608, -0.1680775 , -0.17398052,
         -0.1668655 , -0.20279622, -0.18224907, -0.1881193 ,
         -0.19695291]]], dtype=float32), reward=1), transition(observation=array([[ 1.1253489 ,  0.29205406,  0.5420393 ,  0.38087887,  0.02753345,
        -0.22277251,  0.13923125,  0.35946178,  0.47933757,  0.3069948 ,
        -0.058314  , -0.15470508,  0.01372444,  0.05123994, -0.02664307,
         0.02610886,  0.111423  ,  0.21545832,  0.53261185,  0.23520532,
         0.0329402 , -0.05323281, -0.03365073,  0.3223729 ,  0.06902818,
         0.08145037, -0.00261907, -0.28331673, -0.02048154, -0.01795894,
        -0.04373891,  0.00195986, -0.09362973,  1.        ]],
      dtype=float32), activation=array([[[31.823162  , -0.19630343, -0.10785465, -0.10942386,
         -0.19293362, -0.241267  , -0.18899083, -0.12873851,
         -0.14731415, -0.168361  , -0.16202083, -0.17537923,
         -0.18415451, -0.2162458 , -0.17683439, -0.20707089,
         -0.24898048]]], dtype=float32), h_activation=array([[[ 8.7892264e-01, -6.7133382e-03,  2.1303909e+00,  2.1476245e+00,
          3.7756453e+00, -6.3431617e-03,  1.0924497e+00,  1.0713795e+00,
          1.7725453e-01,  9.0233994e+00]]], dtype=float32), o_activation=array([[[31.823162  , -0.19630343, -0.10785465, -0.10942386,
         -0.19293362, -0.241267  , -0.18899083, -0.12873851,
         -0.14731415, -0.168361  , -0.16202083, -0.17537923,
         -0.18415451, -0.2162458 , -0.17683439, -0.20707089,
         -0.24898048]]], dtype=float32), reward=1), transition(observation=array([[ 0.9746394 , -0.03596133,  0.41795892,  0.15193066,  0.03123882,
         0.12940535, -0.01463622,  0.41150492,  0.47882456,  0.10181163,
         0.2101188 , -0.02168017, -0.0911923 ,  0.03974164,  0.04618177,
        -0.07512294,  0.11570112,  0.25562346,  0.5975265 ,  0.43361044,
         0.13011302,  0.01748656, -0.02306453,  0.17086923,  0.16196385,
         0.34095052,  0.10865355,  0.13586487, -0.08044602,  0.02563005,
        -0.08929375, -0.02907671,  0.05603398,  1.        ]],
      dtype=float32), activation=array([[[27.525448  , -0.10845574, -0.03183372, -0.06169785,
         -0.19526525, -0.27545232, -0.21630067, -0.08096154,
         -0.06449514, -0.12460015, -0.16484447, -0.18524215,
         -0.16542435, -0.21016985, -0.16754691, -0.16397497,
         -0.17961754]]], dtype=float32), h_activation=array([[[ 1.6068643e-01, -2.5755345e-04,  1.7344263e+00,  2.7387910e+00,
          3.9072044e+00, -3.4495154e-03, -1.3839083e-03,  2.7077001e-01,
          2.6403174e-01,  9.2122822e+00]]], dtype=float32), o_activation=array([[[27.525448  , -0.10845574, -0.03183372, -0.06169785,
         -0.19526525, -0.27545232, -0.21630067, -0.08096154,
         -0.06449514, -0.12460015, -0.16484447, -0.18524215,
         -0.16542435, -0.21016985, -0.16754691, -0.16397497,
         -0.17961754]]], dtype=float32), reward=1), transition(observation=array([[0., 0., 0., 0., 0., 0., 0., 0., 0., 0., 0., 0., 0., 0., 0., 0.,
        0., 0., 0., 0., 0., 0., 0., 0., 0., 0., 0., 0., 0., 0., 0., 0.,
        0., 1.]], dtype=float32), activation=array([[[-9.4225489e-02,  4.5682507e+00,  1.1654683e+01,  8.7359762e+00,
         -4.4249158e-02, -1.2896380e-01, -2.7824236e-02,  1.4409761e+01,
          1.5585192e+01,  6.1512389e+00, -1.0306132e-02, -4.2193964e-02,
         -4.6746340e-02, -9.6185051e-02, -4.4744857e-02, -1.0267481e-02,
         -7.3754070e-03]]], dtype=float32), h_activation=array([[[ 4.6045271e-01,  3.2880577e-01,  1.5152197e+00,  2.4737048e+00,
          3.1296835e+00,  3.7174624e-01, -2.0389089e-03,  4.7910812e-01,
          6.4673257e-01,  7.3377309e+00]]], dtype=float32), o_activation=array([[[-9.4225489e-02,  4.5682507e+00,  1.1654683e+01,  8.7359762e+00,
         -4.4249158e-02, -1.2896380e-01, -2.7824236e-02,  1.4409761e+01,
          1.5585192e+01,  6.1512389e+00, -1.0306132e-02, -4.2193964e-02,
         -4.6746340e-02, -9.6185051e-02, -4.4744857e-02, -1.0267481e-02,
         -7.3754070e-03]]], dtype=float32), reward=0), transition(observation=array([[0., 0., 0., 0., 0., 0., 0., 0., 0., 0., 0., 0., 0., 0., 0., 0.,
        0., 0., 0., 0., 0., 0., 0., 0., 0., 0., 0., 0., 0., 0., 0., 0.,
        0., 1.]], dtype=float32), activation=array([[[-9.31431204e-02,  3.07938099e+00,  8.96743679e+00,
          7.27400160e+00, -2.66558696e-02, -9.20443162e-02,
         -1.26774907e-02,  1.16203651e+01,  1.23854446e+01,
          4.66192627e+00, -1.08090276e-02, -3.27835567e-02,
         -3.34277265e-02, -7.15015903e-02, -3.44396010e-02,
         -9.89478827e-03, -1.01512335e-02]]], dtype=float32), h_activation=array([[[ 6.5918893e-01,  5.6667900e-01,  1.3883622e+00,  2.2953191e+00,
          2.4964340e+00,  6.1352360e-01, -1.5476272e-03,  6.2286615e-01,
          8.7735844e-01,  5.9228835e+00]]], dtype=float32), o_activation=array([[[-9.31431204e-02,  3.07938099e+00,  8.96743679e+00,
          7.27400160e+00, -2.66558696e-02, -9.20443162e-02,
         -1.26774907e-02,  1.16203651e+01,  1.23854446e+01,
          4.66192627e+00, -1.08090276e-02, -3.27835567e-02,
         -3.34277265e-02, -7.15015903e-02, -3.44396010e-02,
         -9.89478827e-03, -1.01512335e-02]]], dtype=float32), reward=0)], success=False), configuration(episode=21, buffer=[transition(observation=array([[1., 0., 0., 0., 0., 0., 0., 0., 0., 0., 0., 0., 0., 0., 0., 0.,
        0., 0., 0., 0., 0., 0., 0., 0., 0., 0., 0., 0., 0., 0., 0., 0.,
        0., 1.]], dtype=float32), activation=array([[[22.06819   , -0.16423194, -0.09829667, -0.0684431 ,
         -0.08563564, -0.08378637, -0.07823429, -0.07916434,
         -0.07612116, -0.08751891, -0.13224255, -0.16178848,
         -0.12346218, -0.08102608, -0.10995874, -0.18023862,
         -0.20943384]]], dtype=float32), h_activation=array([[[ 0.7566331 ,  0.86678445,  0.876579  ,  1.1590619 ,
          0.4522693 ,  0.68814313, -0.00902339,  0.8538044 ,
          0.02913611,  0.7585149 ]]], dtype=float32), o_activation=array([[[22.06819   , -0.16423194, -0.09829667, -0.0684431 ,
         -0.08563564, -0.08378637, -0.07823429, -0.07916434,
         -0.07612116, -0.08751891, -0.13224255, -0.16178848,
         -0.12346218, -0.08102608, -0.10995874, -0.18023862,
         -0.20943384]]], dtype=float32), reward=1), transition(observation=array([[1., 0., 0., 0., 0., 0., 0., 0., 0., 0., 0., 0., 0., 0., 0., 0.,
        0., 0., 0., 0., 0., 0., 0., 0., 0., 0., 0., 0., 0., 0., 0., 0.,
        0., 1.]], dtype=float32), activation=array([[[21.337822  , -0.1491693 , -0.10197385, -0.06717525,
         -0.07688909, -0.09120708, -0.08393563, -0.07479876,
         -0.07536136, -0.09905721, -0.1364056 , -0.15782735,
         -0.11842414, -0.08629068, -0.10938227, -0.1589372 ,
         -0.1784776 ]]], dtype=float32), h_activation=array([[[ 1.3947372 ,  1.4963942 ,  1.4212117 ,  1.9371545 ,
          0.90128696,  1.2210518 , -0.00731216,  1.5029242 ,
          0.27260917,  1.3240087 ]]], dtype=float32), o_activation=array([[[21.337822  , -0.1491693 , -0.10197385, -0.06717525,
         -0.07688909, -0.09120708, -0.08393563, -0.07479876,
         -0.07536136, -0.09905721, -0.1364056 , -0.15782735,
         -0.11842414, -0.08629068, -0.10938227, -0.1589372 ,
         -0.1784776 ]]], dtype=float32), reward=1), transition(observation=array([[1., 0., 0., 0., 0., 0., 0., 0., 0., 0., 0., 0., 0., 0., 0., 0.,
        0., 0., 0., 0., 0., 0., 0., 0., 0., 0., 0., 0., 0., 0., 0., 0.,
        0., 1.]], dtype=float32), activation=array([[[20.68046   , -0.13755868, -0.10401591, -0.06871266,
         -0.07417372, -0.09812391, -0.0886594 , -0.07560153,
         -0.07856067, -0.10717329, -0.13592362, -0.1510574 ,
         -0.11374426, -0.09014434, -0.10846997, -0.14474139,
         -0.15768147]]], dtype=float32), h_activation=array([[[ 1.9113798 ,  1.9336143 ,  1.733639  ,  2.4304285 ,
          1.3138043 ,  1.6161711 , -0.00559584,  1.9876068 ,
          0.6261538 ,  1.7347419 ]]], dtype=float32), o_activation=array([[[20.68046   , -0.13755868, -0.10401591, -0.06871266,
         -0.07417372, -0.09812391, -0.0886594 , -0.07560153,
         -0.07856067, -0.10717329, -0.13592362, -0.1510574 ,
         -0.11374426, -0.09014434, -0.10846997, -0.14474139,
         -0.15768147]]], dtype=float32), reward=1), transition(observation=array([[ 1.0898316 ,  0.32856813,  0.06259603,  0.08476071,  0.03952638,
        -0.05392275,  0.05801374,  0.10460933,  0.10593702,  0.02265307,
         0.09872411, -0.00991645,  0.30760714,  0.27545118,  0.3128625 ,
         0.2647665 ,  0.33420458,  0.1841569 ,  0.3179323 ,  0.02408967,
        -0.01226263, -0.00604994,  0.09648057, -0.06026137,  0.0312699 ,
         0.20655411, -0.11782592,  0.06372558,  0.3824437 ,  0.5768953 ,
         0.26434904,  0.31580892,  0.24722384,  1.        ]],
      dtype=float32), activation=array([[[32.41854   , -0.22044925, -0.17460239, -0.11968913,
         -0.12852965, -0.1463604 , -0.13954654, -0.13907221,
         -0.15592057, -0.18161207, -0.18957563, -0.20081408,
         -0.192773  , -0.18793075, -0.20070593, -0.23933946,
         -0.24360299]]], dtype=float32), h_activation=array([[[3.537879 , 2.721614 , 3.9085224, 3.0975814, 3.1470284,
         3.2821717, 0.686693 , 3.7953684, 0.7265326, 2.3343534]]],
      dtype=float32), o_activation=array([[[32.41854   , -0.22044925, -0.17460239, -0.11968913,
         -0.12852965, -0.1463604 , -0.13954654, -0.13907221,
         -0.15592057, -0.18161207, -0.18957563, -0.20081408,
         -0.192773  , -0.18793075, -0.20070593, -0.23933946,
         -0.24360299]]], dtype=float32), reward=1), transition(observation=array([[ 0.9502924 ,  0.17508918, -0.09762944, -0.00214304,  0.01240622,
        -0.20763035,  0.03973012, -0.13671818,  0.14567535,  0.12053372,
         0.06207496,  0.05442999,  0.05972579,  0.34407514,  0.21169521,
         0.13235521,  0.59193975,  0.27119574, -0.00926354,  0.05854956,
        -0.11126488, -0.02017752, -0.01324524, -0.05172537,  0.0682452 ,
         0.04031037, -0.0053091 ,  0.1434295 ,  0.60847396,  0.66449   ,
         0.24420048,  0.23458095,  0.42119402,  1.        ]],
      dtype=float32), activation=array([[[25.412224  , -0.14397879, -0.1384573 , -0.10006133,
         -0.11780827, -0.15608893, -0.1315249 , -0.12861983,
         -0.15370002, -0.1933286 , -0.1779569 , -0.16068226,
         -0.12276156, -0.11603889, -0.14678648, -0.17761642,
         -0.15290533]]], dtype=float32), h_activation=array([[[5.0384045 , 4.0586724 , 5.726249  , 3.5955882 , 5.0988755 ,
         4.6356673 , 2.474198  , 4.35493   , 0.95121944, 2.346421  ]]],
      dtype=float32), o_activation=array([[[25.412224  , -0.14397879, -0.1384573 , -0.10006133,
         -0.11780827, -0.15608893, -0.1315249 , -0.12861983,
         -0.15370002, -0.1933286 , -0.1779569 , -0.16068226,
         -0.12276156, -0.11603889, -0.14678648, -0.17761642,
         -0.15290533]]], dtype=float32), reward=1), transition(observation=array([[ 1.0713838 ,  0.23353463,  0.18579513, -0.02895825, -0.09183537,
         0.00922429, -0.00392112,  0.04585736,  0.05816011, -0.03560602,
        -0.07200401,  0.17983884,  0.30678374,  0.24351422,  0.30637547,
         0.30148593,  0.52452916,  0.10678437,  0.17064698, -0.01533048,
        -0.09255724, -0.0407102 ,  0.10889627, -0.03993528, -0.20236935,
         0.16500193,  0.02388661,  0.02015626,  0.17998634,  0.42255062,
         0.28043   ,  0.13110892,  0.39249057,  1.        ]],
      dtype=float32), activation=array([[[33.389324  , -0.15311581, -0.19676968, -0.16180699,
         -0.16833057, -0.24139293, -0.23801316, -0.21083614,
         -0.19615366, -0.18709649, -0.17672935, -0.17971897,
         -0.12720865, -0.1184688 , -0.17036794, -0.1865255 ,
         -0.13741459]]], dtype=float32), h_activation=array([[[5.962975 , 4.0971627, 6.804013 , 3.8130217, 5.7599716,
         6.3830075, 3.4556756, 6.145159 , 1.8418692, 3.1430292]]],
      dtype=float32), o_activation=array([[[33.389324  , -0.15311581, -0.19676968, -0.16180699,
         -0.16833057, -0.24139293, -0.23801316, -0.21083614,
         -0.19615366, -0.18709649, -0.17672935, -0.17971897,
         -0.12720865, -0.1184688 , -0.17036794, -0.1865255 ,
         -0.13741459]]], dtype=float32), reward=1), transition(observation=array([[ 1.1394436 ,  0.3800085 , -0.11050405, -0.04169964, -0.19527963,
        -0.12695062, -0.07897811, -0.150301  ,  0.11880687, -0.05229784,
        -0.0056517 , -0.02941994,  0.2971284 ,  0.3070954 ,  0.3413561 ,
         0.3868423 ,  0.58096284,  0.39951771, -0.05126694,  0.04681904,
         0.07867146,  0.03409742, -0.08182243,  0.02649461,  0.14708771,
         0.03032329,  0.12755147,  0.02329583,  0.24676336,  0.49135268,
         0.17733553,  0.36267826,  0.32291606,  1.        ]],
      dtype=float32), activation=array([[[32.466507  , -0.12814103, -0.18172768, -0.17071308,
         -0.185741  , -0.25243175, -0.2491374 , -0.24466436,
         -0.23028211, -0.23666063, -0.19287124, -0.14648817,
         -0.09505542, -0.12571982, -0.17019702, -0.17275056,
         -0.11894653]]], dtype=float32), h_activation=array([[[6.917471 , 4.889261 , 8.346793 , 3.6080284, 7.260156 ,
         8.179695 , 5.5307937, 7.452135 , 1.9347063, 3.135975 ]]],
      dtype=float32), o_activation=array([[[32.466507  , -0.12814103, -0.18172768, -0.17071308,
         -0.185741  , -0.25243175, -0.2491374 , -0.24466436,
         -0.23028211, -0.23666063, -0.19287124, -0.14648817,
         -0.09505542, -0.12571982, -0.17019702, -0.17275056,
         -0.11894653]]], dtype=float32), reward=1), transition(observation=array([[ 1.1149127 ,  0.37198466,  0.21222632,  0.04201068,  0.05457478,
        -0.11719911, -0.07504237,  0.07272303,  0.23522653, -0.13179862,
         0.0734238 , -0.1920481 ,  0.2615703 ,  0.38221806,  0.41053948,
         0.19783346,  0.4805961 ,  0.14947367, -0.21404344, -0.01226604,
        -0.07543975, -0.02361615,  0.00191022, -0.05770937, -0.0382534 ,
         0.06750629, -0.04195285,  0.1786711 ,  0.28964013,  0.5559635 ,
         0.362917  ,  0.36704487,  0.3392381 ,  1.        ]],
      dtype=float32), activation=array([[[35.331894  , -0.10603197, -0.21555832, -0.2375283 ,
         -0.24030481, -0.32082585, -0.33594695, -0.32977232,
         -0.27131236, -0.2484971 , -0.1908694 , -0.13018595,
         -0.05582443, -0.08562507, -0.13942732, -0.1269428 ,
         -0.06873708]]], dtype=float32), h_activation=array([[[7.1266074 , 4.46851   , 9.585965  , 3.2422037 , 8.012621  ,
         7.3999643 , 6.05223   , 8.186454  , 0.85520184, 3.461373  ]]],
      dtype=float32), o_activation=array([[[35.331894  , -0.10603197, -0.21555832, -0.2375283 ,
         -0.24030481, -0.32082585, -0.33594695, -0.32977232,
         -0.27131236, -0.2484971 , -0.1908694 , -0.13018595,
         -0.05582443, -0.08562507, -0.13942732, -0.1269428 ,
         -0.06873708]]], dtype=float32), reward=1), transition(observation=array([[0., 0., 0., 0., 0., 0., 0., 0., 0., 0., 0., 0., 0., 0., 0., 0.,
        0., 0., 0., 0., 0., 0., 0., 0., 0., 0., 0., 0., 0., 0., 0., 0.,
        0., 1.]], dtype=float32), activation=array([[[-0.03143916, 15.65799   ,  0.8523134 , -0.04654401,
         -0.08306205, -0.20714675, -0.20623173, -0.16820511,
         -0.10158625, -0.09758972, -0.05665841,  0.5460539 ,
         13.829001  , 15.784449  ,  9.747933  , 13.6021385 ,
         21.188417  ]]], dtype=float32), h_activation=array([[[5.2657437, 3.4144194, 7.5041184, 2.508818 , 6.179849 ,
         5.2650504, 5.5116343, 5.9389315, 1.3649787, 2.5236201]]],
      dtype=float32), o_activation=array([[[-0.03143916, 15.65799   ,  0.8523134 , -0.04654401,
         -0.08306205, -0.20714675, -0.20623173, -0.16820511,
         -0.10158625, -0.09758972, -0.05665841,  0.5460539 ,
         13.829001  , 15.784449  ,  9.747933  , 13.6021385 ,
         21.188417  ]]], dtype=float32), reward=1), transition(observation=array([[0., 0., 0., 0., 0., 0., 0., 0., 0., 0., 0., 0., 0., 0., 0., 0.,
        0., 0., 0., 0., 0., 0., 0., 0., 0., 0., 0., 0., 0., 0., 0., 0.,
        0., 1.]], dtype=float32), activation=array([[[-3.5885442e-02,  1.1447349e+01,  1.0977609e+00, -2.3995638e-02,
         -5.9518240e-02, -1.5768102e-01, -1.6513030e-01, -1.3892086e-01,
         -8.2275316e-02, -6.2801115e-02, -3.4622956e-02, -4.1265009e-04,
          1.0080887e+01,  1.2071535e+01,  6.9180379e+00,  9.7478848e+00,
          1.5718277e+01]]], dtype=float32), h_activation=array([[[3.8254197, 2.6812599, 6.1251054, 2.1743484, 4.639073 ,
         3.7484193, 4.6797285, 4.2878265, 1.3785192, 1.9126863]]],
      dtype=float32), o_activation=array([[[-3.5885442e-02,  1.1447349e+01,  1.0977609e+00, -2.3995638e-02,
         -5.9518240e-02, -1.5768102e-01, -1.6513030e-01, -1.3892086e-01,
         -8.2275316e-02, -6.2801115e-02, -3.4622956e-02, -4.1265009e-04,
          1.0080887e+01,  1.2071535e+01,  6.9180379e+00,  9.7478848e+00,
          1.5718277e+01]]], dtype=float32), reward=1)], success=True), configuration(episode=22, buffer=[transition(observation=array([[1., 0., 0., 0., 0., 0., 0., 0., 0., 0., 0., 0., 0., 0., 0., 0.,
        0., 0., 0., 0., 0., 0., 0., 0., 0., 0., 0., 0., 0., 0., 0., 0.,
        0., 1.]], dtype=float32), activation=array([[[22.06819   , -0.16423194, -0.09829667, -0.0684431 ,
         -0.08563564, -0.08378637, -0.07823429, -0.07916434,
         -0.07612116, -0.08751891, -0.13224255, -0.16178848,
         -0.12346218, -0.08102608, -0.10995874, -0.18023862,
         -0.20943384]]], dtype=float32), h_activation=array([[[ 0.7566331 ,  0.86678445,  0.876579  ,  1.1590619 ,
          0.4522693 ,  0.68814313, -0.00902339,  0.8538044 ,
          0.02913611,  0.7585149 ]]], dtype=float32), o_activation=array([[[22.06819   , -0.16423194, -0.09829667, -0.0684431 ,
         -0.08563564, -0.08378637, -0.07823429, -0.07916434,
         -0.07612116, -0.08751891, -0.13224255, -0.16178848,
         -0.12346218, -0.08102608, -0.10995874, -0.18023862,
         -0.20943384]]], dtype=float32), reward=1), transition(observation=array([[1., 0., 0., 0., 0., 0., 0., 0., 0., 0., 0., 0., 0., 0., 0., 0.,
        0., 0., 0., 0., 0., 0., 0., 0., 0., 0., 0., 0., 0., 0., 0., 0.,
        0., 1.]], dtype=float32), activation=array([[[21.337822  , -0.1491693 , -0.10197385, -0.06717525,
         -0.07688909, -0.09120708, -0.08393563, -0.07479876,
         -0.07536136, -0.09905721, -0.1364056 , -0.15782735,
         -0.11842414, -0.08629068, -0.10938227, -0.1589372 ,
         -0.1784776 ]]], dtype=float32), h_activation=array([[[ 1.3947372 ,  1.4963942 ,  1.4212117 ,  1.9371545 ,
          0.90128696,  1.2210518 , -0.00731216,  1.5029242 ,
          0.27260917,  1.3240087 ]]], dtype=float32), o_activation=array([[[21.337822  , -0.1491693 , -0.10197385, -0.06717525,
         -0.07688909, -0.09120708, -0.08393563, -0.07479876,
         -0.07536136, -0.09905721, -0.1364056 , -0.15782735,
         -0.11842414, -0.08629068, -0.10938227, -0.1589372 ,
         -0.1784776 ]]], dtype=float32), reward=1), transition(observation=array([[1., 0., 0., 0., 0., 0., 0., 0., 0., 0., 0., 0., 0., 0., 0., 0.,
        0., 0., 0., 0., 0., 0., 0., 0., 0., 0., 0., 0., 0., 0., 0., 0.,
        0., 1.]], dtype=float32), activation=array([[[20.68046   , -0.13755868, -0.10401591, -0.06871266,
         -0.07417372, -0.09812391, -0.0886594 , -0.07560153,
         -0.07856067, -0.10717329, -0.13592362, -0.1510574 ,
         -0.11374426, -0.09014434, -0.10846997, -0.14474139,
         -0.15768147]]], dtype=float32), h_activation=array([[[ 1.9113798 ,  1.9336143 ,  1.733639  ,  2.4304285 ,
          1.3138043 ,  1.6161711 , -0.00559584,  1.9876068 ,
          0.6261538 ,  1.7347419 ]]], dtype=float32), o_activation=array([[[20.68046   , -0.13755868, -0.10401591, -0.06871266,
         -0.07417372, -0.09812391, -0.0886594 , -0.07560153,
         -0.07856067, -0.10717329, -0.13592362, -0.1510574 ,
         -0.11374426, -0.09014434, -0.10846997, -0.14474139,
         -0.15768147]]], dtype=float32), reward=1), transition(observation=array([[ 9.0109009e-01,  2.9246393e-01,  5.0836641e-01,  3.8609928e-01,
         1.8999918e-01,  1.1205047e-02,  6.4989679e-02,  4.4395819e-01,
         2.5613901e-01,  3.1680908e-02, -1.1265944e-02,  9.9163681e-02,
         1.0943609e-01,  4.6530072e-02,  4.5268785e-04, -9.2998736e-02,
         2.1273261e-01,  3.5899204e-01,  9.1153942e-02,  3.4773803e-01,
         1.3925087e-01,  5.2234787e-03,  1.4817657e-01,  4.9559492e-01,
         2.6211318e-01, -8.2362853e-02, -2.7313858e-01, -2.3699984e-02,
         2.4684180e-02,  2.4337800e-02, -4.0003024e-02,  4.2749438e-02,
        -1.3642603e-01,  1.0000000e+00]], dtype=float32), activation=array([[[27.714905  , -0.21574444, -0.1874535 , -0.1414493 ,
         -0.12708358, -0.14726032, -0.13814601, -0.13775381,
         -0.15273699, -0.1544565 , -0.15792927, -0.16214304,
         -0.14033973, -0.11747354, -0.12033331, -0.16025382,
         -0.20116691]]], dtype=float32), h_activation=array([[[ 2.715644  ,  0.7653107 ,  2.9343474 ,  3.3407774 ,
          1.2751911 ,  0.43771496, -0.00544029,  2.3328586 ,
          0.6078464 ,  4.67034   ]]], dtype=float32), o_activation=array([[[27.714905  , -0.21574444, -0.1874535 , -0.1414493 ,
         -0.12708358, -0.14726032, -0.13814601, -0.13775381,
         -0.15273699, -0.1544565 , -0.15792927, -0.16214304,
         -0.14033973, -0.11747354, -0.12033331, -0.16025382,
         -0.20116691]]], dtype=float32), reward=1), transition(observation=array([[ 0.9020242 ,  0.40482777,  0.44523585,  0.518367  ,  0.25531623,
         0.01076082,  0.08890344,  0.3963914 ,  0.29650038, -0.0546267 ,
         0.00851942, -0.01429665, -0.07423975,  0.11240014, -0.05384094,
        -0.06440563,  0.0274011 ,  0.313385  ,  0.35311782, -0.01097357,
        -0.02435269,  0.20837136,  0.37756342,  0.521061  ,  0.383342  ,
         0.17404623,  0.2031283 , -0.01011972, -0.0421201 , -0.08964866,
        -0.00745511, -0.0379925 , -0.14896044,  1.        ]],
      dtype=float32), activation=array([[[26.15826   , -0.18003654, -0.1363354 , -0.09114894,
         -0.12577003, -0.18120867, -0.14543001, -0.10744736,
         -0.13815737, -0.16932318, -0.15694219, -0.14678754,
         -0.12608747, -0.14611347, -0.14339495, -0.151319  ,
         -0.17367506]]], dtype=float32), h_activation=array([[[ 3.1339688e+00, -1.6711192e-03,  3.5954087e+00,  3.8932180e+00,
          1.0762432e+00, -1.5898827e-02, -9.1432948e-03,  2.7096765e+00,
          1.2893644e-01,  6.7677693e+00]]], dtype=float32), o_activation=array([[[26.15826   , -0.18003654, -0.1363354 , -0.09114894,
         -0.12577003, -0.18120867, -0.14543001, -0.10744736,
         -0.13815737, -0.16932318, -0.15694219, -0.14678754,
         -0.12608747, -0.14611347, -0.14339495, -0.151319  ,
         -0.17367506]]], dtype=float32), reward=1), transition(observation=array([[ 8.79585147e-01,  1.86537847e-01,  6.97008729e-01,
         3.80521208e-01, -6.13814406e-02,  1.08646207e-01,
         2.16964468e-01,  3.06023896e-01,  1.07723974e-01,
        -9.19434205e-02,  1.89505517e-01, -5.33772744e-02,
         5.49541495e-04, -1.92465886e-01, -2.45555803e-01,
        -1.03668077e-02,  1.10269904e-01,  1.97442591e-01,
         4.98921156e-01,  1.50283366e-01, -1.97915528e-02,
         2.06186354e-01,  1.55799553e-01,  5.12535155e-01,
         1.49236917e-01, -1.13669015e-01,  3.80005292e-03,
        -2.16648635e-03,  1.75592862e-02,  5.67644872e-02,
         8.82321522e-02,  3.64824869e-02,  1.01800032e-01,
         1.00000000e+00]], dtype=float32), activation=array([[[24.080528  , -0.14930864, -0.08165064, -0.03759998,
         -0.10501186, -0.18890513, -0.14555018, -0.07333214,
         -0.10736932, -0.17484052, -0.16866891, -0.14226907,
         -0.10369422, -0.1446747 , -0.13730562, -0.12217174,
         -0.14233772]]], dtype=float32), h_activation=array([[[ 2.8873301e+00, -1.1309347e-02,  3.4189730e+00,  4.1635022e+00,
          9.0059239e-01, -1.9674145e-02, -7.6388952e-04,  3.1147802e+00,
          2.2520163e+00,  8.7694855e+00]]], dtype=float32), o_activation=array([[[24.080528  , -0.14930864, -0.08165064, -0.03759998,
         -0.10501186, -0.18890513, -0.14555018, -0.07333214,
         -0.10736932, -0.17484052, -0.16866891, -0.14226907,
         -0.10369422, -0.1446747 , -0.13730562, -0.12217174,
         -0.14233772]]], dtype=float32), reward=1), transition(observation=array([[ 1.0481681 ,  0.33598793,  0.45833847,  0.18296124,  0.03441122,
        -0.09404013,  0.381523  ,  0.26415643,  0.13632023,  0.07522053,
        -0.1180038 , -0.04273025, -0.05977074,  0.3238117 , -0.03113055,
        -0.1392664 ,  0.25528467,  0.44370148,  0.4312678 ,  0.1655775 ,
        -0.02836154,  0.00377496,  0.30432048,  0.34127843,  0.20644918,
         0.0877167 , -0.06136813, -0.05058199, -0.06615028,  0.01421189,
        -0.0073776 ,  0.09632342,  0.08320973,  1.        ]],
      dtype=float32), activation=array([[[26.851547  , -0.15684487, -0.07128637, -0.04363687,
         -0.13371734, -0.20271604, -0.14959437, -0.09669496,
         -0.1378528 , -0.21724483, -0.18078315, -0.13506597,
         -0.15550719, -0.2607686 , -0.21476287, -0.1678865 ,
         -0.17626932]]], dtype=float32), h_activation=array([[[ 3.2415023e+00, -3.7284028e-03,  5.5871086e+00,  2.7307267e+00,
          2.1155174e+00, -1.5841683e-02, -2.3209983e-03,  3.3467050e+00,
          2.2020752e+00,  9.0129147e+00]]], dtype=float32), o_activation=array([[[26.851547  , -0.15684487, -0.07128637, -0.04363687,
         -0.13371734, -0.20271604, -0.14959437, -0.09669496,
         -0.1378528 , -0.21724483, -0.18078315, -0.13506597,
         -0.15550719, -0.2607686 , -0.21476287, -0.1678865 ,
         -0.17626932]]], dtype=float32), reward=1), transition(observation=array([[ 0.96514297,  0.2768287 ,  0.70362496,  0.37015694,  0.00888845,
         0.15742813,  0.12249479,  0.32767028,  0.0831871 ,  0.10450666,
        -0.10515005,  0.09456645,  0.00843195,  0.0025814 ,  0.22118026,
         0.11401936,  0.11810565,  0.23635414,  0.26059538,  0.25871894,
         0.11673269,  0.2882506 ,  0.21912073,  0.4210419 ,  0.30765843,
         0.09300489, -0.01723537, -0.09792414, -0.04329267,  0.07524499,
        -0.00296491, -0.09144456,  0.18532045,  1.        ]],
      dtype=float32), activation=array([[[27.646435  , -0.13389966, -0.08217258, -0.09391353,
         -0.19562095, -0.2350925 , -0.14152823, -0.08566057,
         -0.15005417, -0.24084531, -0.21530807, -0.15201956,
         -0.14225818, -0.2337611 , -0.21446164, -0.18446064,
         -0.16714808]]], dtype=float32), h_activation=array([[[ 2.8970978e+00, -6.9498271e-03,  4.6429548e+00,  2.5256553e+00,
          2.4981368e+00, -8.4393164e-03,  9.4295561e-02,  5.1039076e+00,
          2.7030911e+00,  9.8874798e+00]]], dtype=float32), o_activation=array([[[27.646435  , -0.13389966, -0.08217258, -0.09391353,
         -0.19562095, -0.2350925 , -0.14152823, -0.08566057,
         -0.15005417, -0.24084531, -0.21530807, -0.15201956,
         -0.14225818, -0.2337611 , -0.21446164, -0.18446064,
         -0.16714808]]], dtype=float32), reward=1), transition(observation=array([[0., 0., 0., 0., 0., 0., 0., 0., 0., 0., 0., 0., 0., 0., 0., 0.,
        0., 0., 0., 0., 0., 0., 0., 0., 0., 0., 0., 0., 0., 0., 0., 0.,
        0., 1.]], dtype=float32), activation=array([[[-1.1239206e-01,  1.0706141e+01,  1.6112450e+01,  1.0620218e+01,
         -2.4826258e-02, -6.8515964e-02,  2.2906661e+00,  5.8981929e+00,
          6.8418574e-01, -1.2010952e-01, -8.6095735e-02, -5.2259970e-03,
         -5.8066314e-03, -9.3781047e-02, -3.6495708e-02,  2.3970838e+00,
          4.6412177e+00]]], dtype=float32), h_activation=array([[[2.5080974 , 0.25748837, 3.5210278 , 1.874393  , 2.2719743 ,
         0.15973043, 0.52586704, 3.9398212 , 2.8348403 , 7.599401  ]]],
      dtype=float32), o_activation=array([[[-1.1239206e-01,  1.0706141e+01,  1.6112450e+01,  1.0620218e+01,
         -2.4826258e-02, -6.8515964e-02,  2.2906661e+00,  5.8981929e+00,
          6.8418574e-01, -1.2010952e-01, -8.6095735e-02, -5.2259970e-03,
         -5.8066314e-03, -9.3781047e-02, -3.6495708e-02,  2.3970838e+00,
          4.6412177e+00]]], dtype=float32), reward=1), transition(observation=array([[0., 0., 0., 0., 0., 0., 0., 0., 0., 0., 0., 0., 0., 0., 0., 0.,
        0., 0., 0., 0., 0., 0., 0., 0., 0., 0., 0., 0., 0., 0., 0., 0.,
        0., 1.]], dtype=float32), activation=array([[[-1.02632985e-01,  7.89730358e+00,  1.24930096e+01,
          8.26679134e+00, -1.96217429e-02, -5.12477346e-02,
          1.37748539e+00,  3.25042439e+00,  1.72121525e-02,
         -8.28423500e-02, -5.80078587e-02, -1.41813280e-03,
         -1.06965483e-03, -6.53613806e-02, -2.78437510e-02,
          1.06159782e+00,  2.71056223e+00]]], dtype=float32), h_activation=array([[[2.1103077 , 0.43661788, 2.8150823 , 1.5257628 , 1.9387438 ,
         0.25135404, 0.7277356 , 3.0532434 , 2.6901934 , 5.903324  ]]],
      dtype=float32), o_activation=array([[[-1.02632985e-01,  7.89730358e+00,  1.24930096e+01,
          8.26679134e+00, -1.96217429e-02, -5.12477346e-02,
          1.37748539e+00,  3.25042439e+00,  1.72121525e-02,
         -8.28423500e-02, -5.80078587e-02, -1.41813280e-03,
         -1.06965483e-03, -6.53613806e-02, -2.78437510e-02,
          1.06159782e+00,  2.71056223e+00]]], dtype=float32), reward=1)], success=True), configuration(episode=23, buffer=[transition(observation=array([[1., 0., 0., 0., 0., 0., 0., 0., 0., 0., 0., 0., 0., 0., 0., 0.,
        0., 0., 0., 0., 0., 0., 0., 0., 0., 0., 0., 0., 0., 0., 0., 0.,
        0., 1.]], dtype=float32), activation=array([[[22.06819   , -0.16423194, -0.09829667, -0.0684431 ,
         -0.08563564, -0.08378637, -0.07823429, -0.07916434,
         -0.07612116, -0.08751891, -0.13224255, -0.16178848,
         -0.12346218, -0.08102608, -0.10995874, -0.18023862,
         -0.20943384]]], dtype=float32), h_activation=array([[[ 0.7566331 ,  0.86678445,  0.876579  ,  1.1590619 ,
          0.4522693 ,  0.68814313, -0.00902339,  0.8538044 ,
          0.02913611,  0.7585149 ]]], dtype=float32), o_activation=array([[[22.06819   , -0.16423194, -0.09829667, -0.0684431 ,
         -0.08563564, -0.08378637, -0.07823429, -0.07916434,
         -0.07612116, -0.08751891, -0.13224255, -0.16178848,
         -0.12346218, -0.08102608, -0.10995874, -0.18023862,
         -0.20943384]]], dtype=float32), reward=1), transition(observation=array([[1., 0., 0., 0., 0., 0., 0., 0., 0., 0., 0., 0., 0., 0., 0., 0.,
        0., 0., 0., 0., 0., 0., 0., 0., 0., 0., 0., 0., 0., 0., 0., 0.,
        0., 1.]], dtype=float32), activation=array([[[21.337822  , -0.1491693 , -0.10197385, -0.06717525,
         -0.07688909, -0.09120708, -0.08393563, -0.07479876,
         -0.07536136, -0.09905721, -0.1364056 , -0.15782735,
         -0.11842414, -0.08629068, -0.10938227, -0.1589372 ,
         -0.1784776 ]]], dtype=float32), h_activation=array([[[ 1.3947372 ,  1.4963942 ,  1.4212117 ,  1.9371545 ,
          0.90128696,  1.2210518 , -0.00731216,  1.5029242 ,
          0.27260917,  1.3240087 ]]], dtype=float32), o_activation=array([[[21.337822  , -0.1491693 , -0.10197385, -0.06717525,
         -0.07688909, -0.09120708, -0.08393563, -0.07479876,
         -0.07536136, -0.09905721, -0.1364056 , -0.15782735,
         -0.11842414, -0.08629068, -0.10938227, -0.1589372 ,
         -0.1784776 ]]], dtype=float32), reward=1), transition(observation=array([[1., 0., 0., 0., 0., 0., 0., 0., 0., 0., 0., 0., 0., 0., 0., 0.,
        0., 0., 0., 0., 0., 0., 0., 0., 0., 0., 0., 0., 0., 0., 0., 0.,
        0., 1.]], dtype=float32), activation=array([[[20.68046   , -0.13755868, -0.10401591, -0.06871266,
         -0.07417372, -0.09812391, -0.0886594 , -0.07560153,
         -0.07856067, -0.10717329, -0.13592362, -0.1510574 ,
         -0.11374426, -0.09014434, -0.10846997, -0.14474139,
         -0.15768147]]], dtype=float32), h_activation=array([[[ 1.9113798 ,  1.9336143 ,  1.733639  ,  2.4304285 ,
          1.3138043 ,  1.6161711 , -0.00559584,  1.9876068 ,
          0.6261538 ,  1.7347419 ]]], dtype=float32), o_activation=array([[[20.68046   , -0.13755868, -0.10401591, -0.06871266,
         -0.07417372, -0.09812391, -0.0886594 , -0.07560153,
         -0.07856067, -0.10717329, -0.13592362, -0.1510574 ,
         -0.11374426, -0.09014434, -0.10846997, -0.14474139,
         -0.15768147]]], dtype=float32), reward=1), transition(observation=array([[ 1.1844858 ,  0.12943064,  0.3399164 ,  0.64577574,  0.37192672,
         0.06170416, -0.09618388, -0.06471844,  0.05568799, -0.04136352,
        -0.02347102,  0.10449815,  0.2554663 , -0.07616533,  0.09574229,
        -0.15073776, -0.04819218, -0.15164524, -0.02225438,  0.32427368,
         0.10118587,  0.07743193, -0.15175192, -0.02036751,  0.08821625,
         0.02670781,  0.05961278,  0.14488651,  0.4889953 ,  0.32968673,
         0.18426201, -0.07645431, -0.09622331,  1.        ]],
      dtype=float32), activation=array([[[30.442234  , -0.211426  , -0.20534046, -0.18131614,
         -0.1627463 , -0.1613859 , -0.13404617, -0.11734919,
         -0.11927223, -0.14415954, -0.18104951, -0.19434309,
         -0.16500194, -0.14111526, -0.14210704, -0.1696903 ,
         -0.19795778]]], dtype=float32), h_activation=array([[[ 4.2926283 ,  1.0277294 ,  0.60400033,  3.558937  ,
          0.39540428,  0.7557355 , -0.00467617,  3.7112043 ,
          0.03186101,  3.4871902 ]]], dtype=float32), o_activation=array([[[30.442234  , -0.211426  , -0.20534046, -0.18131614,
         -0.1627463 , -0.1613859 , -0.13404617, -0.11734919,
         -0.11927223, -0.14415954, -0.18104951, -0.19434309,
         -0.16500194, -0.14111526, -0.14210704, -0.1696903 ,
         -0.19795778]]], dtype=float32), reward=1), transition(observation=array([[ 0.967905  ,  0.15887165,  0.3913639 ,  0.633156  ,  0.38865775,
         0.1271466 , -0.09639701,  0.07292927, -0.06895113,  0.14902686,
         0.04570949,  0.00858504,  0.01759264,  0.08097956,  0.02223127,
         0.04491679,  0.01618917, -0.1299385 ,  0.3282655 ,  0.38432825,
         0.11915063, -0.04783177,  0.02116519, -0.09519697,  0.04504436,
         0.08161485, -0.0969797 ,  0.24990097,  0.41387942,  0.4357617 ,
         0.06047956,  0.09643883,  0.00651784,  1.        ]],
      dtype=float32), activation=array([[[27.512085  , -0.18761031, -0.13407323, -0.07924807,
         -0.0896626 , -0.13986778, -0.15628788, -0.15875284,
         -0.15735194, -0.1794134 , -0.16657737, -0.1471707 ,
         -0.11997969, -0.13883498, -0.14484222, -0.15996385,
         -0.18560998]]], dtype=float32), h_activation=array([[[ 5.6092649e+00,  1.0670384e+00,  1.7832324e-01,  4.5194983e+00,
          4.6599939e-01, -8.5106594e-03,  5.7665092e-01,  5.1152468e+00,
         -3.0034329e-03,  4.3843307e+00]]], dtype=float32), o_activation=array([[[27.512085  , -0.18761031, -0.13407323, -0.07924807,
         -0.0896626 , -0.13986778, -0.15628788, -0.15875284,
         -0.15735194, -0.1794134 , -0.16657737, -0.1471707 ,
         -0.11997969, -0.13883498, -0.14484222, -0.15996385,
         -0.18560998]]], dtype=float32), reward=1), transition(observation=array([[ 0.90767896,  0.08781347,  0.45556504,  0.67085105,  0.40307882,
         0.11972087,  0.21215723, -0.06451295, -0.06647789, -0.0734523 ,
        -0.01832648, -0.02344015,  0.17190097,  0.03553807, -0.05588261,
        -0.06404025,  0.07399566, -0.02313129,  0.21390118,  0.23121434,
         0.21807116,  0.02554094,  0.10994627,  0.15126824, -0.08663061,
         0.04775939,  0.04682039,  0.4191877 ,  0.49797451,  0.2913914 ,
         0.00684997, -0.07308235, -0.0644679 ,  1.        ]],
      dtype=float32), activation=array([[[26.311035  , -0.16694282, -0.09488939, -0.02723691,
         -0.0542844 , -0.14944291, -0.19420488, -0.20100282,
         -0.17670904, -0.16953765, -0.13606876, -0.12597908,
         -0.11117075, -0.13539276, -0.12942897, -0.12975892,
         -0.15872404]]], dtype=float32), h_activation=array([[[ 6.761187  ,  0.18919235,  0.33006603,  4.7479386 ,
         -0.00753728, -0.01910577,  1.0362773 ,  6.251772  ,
          0.384775  ,  4.7900634 ]]], dtype=float32), o_activation=array([[[26.311035  , -0.16694282, -0.09488939, -0.02723691,
         -0.0542844 , -0.14944291, -0.19420488, -0.20100282,
         -0.17670904, -0.16953765, -0.13606876, -0.12597908,
         -0.11117075, -0.13539276, -0.12942897, -0.12975892,
         -0.15872404]]], dtype=float32), reward=1), transition(observation=array([[ 0.85205674,  0.08271113,  0.3389846 ,  0.72139215,  0.410696  ,
         0.32739672,  0.07216299, -0.10576374, -0.3139798 ,  0.06316882,
         0.00918467,  0.12275016,  0.05542425,  0.01759945, -0.01884691,
         0.19467339, -0.17328419,  0.16158196,  0.10442993,  0.34741816,
         0.2933333 , -0.0613108 ,  0.08397934,  0.05591156, -0.05757219,
         0.19419314, -0.01837595,  0.40481478,  0.47165942,  0.22197911,
        -0.04488052, -0.09133333,  0.0208587 ,  1.        ]],
      dtype=float32), activation=array([[[25.351131  , -0.13503967, -0.05615318,  0.19532013,
         -0.04998943, -0.15072782, -0.19959797, -0.22014074,
         -0.20069776, -0.20750287, -0.15545669, -0.11012387,
         -0.08744135, -0.13374901, -0.13046263, -0.1134437 ,
         -0.13342124]]], dtype=float32), h_activation=array([[[ 7.374243  ,  0.24229771, -0.01038351,  5.286737  ,
         -0.01079523, -0.0173956 ,  1.6023366 ,  7.95028   ,
          1.2324703 ,  4.151273  ]]], dtype=float32), o_activation=array([[[25.351131  , -0.13503967, -0.05615318,  0.19532013,
         -0.04998943, -0.15072782, -0.19959797, -0.22014074,
         -0.20069776, -0.20750287, -0.15545669, -0.11012387,
         -0.08744135, -0.13374901, -0.13046263, -0.1134437 ,
         -0.13342124]]], dtype=float32), reward=1), transition(observation=array([[ 1.15560162e+00,  1.17941894e-01,  3.46256852e-01,
         7.51318157e-01,  4.30430233e-01,  1.11522898e-01,
        -4.53667901e-02, -1.06804013e-01,  9.60038567e-04,
         1.11952595e-01, -2.56333631e-02,  2.02863902e-01,
         1.09901940e-02,  1.06043428e-01,  2.87203044e-02,
         1.57634482e-01,  1.66758880e-01,  1.05779447e-01,
         2.11365014e-01,  4.05459404e-01,  2.79670238e-01,
         3.30069996e-02,  1.23979338e-01, -1.57318842e-02,
        -4.75911796e-02,  5.49609289e-02,  1.14256427e-01,
         3.51767719e-01,  5.52156210e-01,  3.49505007e-01,
         4.21589911e-02,  1.96300283e-01, -2.19566263e-02,
         1.00000000e+00]], dtype=float32), activation=array([[[ 3.6143490e+01, -1.9910999e-01, -9.7408980e-02, -2.2526445e-02,
         -7.0352904e-02, -1.6355033e-01, -2.3824924e-01, -3.2278091e-01,
         -3.2440242e-01, -3.0823013e-01, -1.9953777e-01, -1.3847007e-01,
         -1.3711847e-01, -1.8181419e-01, -1.6455713e-01, -1.6518854e-01,
         -2.0200405e-01]]], dtype=float32), h_activation=array([[[ 8.4069853e+00,  5.2456385e-01, -4.6122307e-03,  6.4128928e+00,
         -1.3430699e-03, -6.6285226e-03,  3.0641365e+00,  8.7744102e+00,
          1.1367487e+00,  4.7930636e+00]]], dtype=float32), o_activation=array([[[ 3.6143490e+01, -1.9910999e-01, -9.7408980e-02, -2.2526445e-02,
         -7.0352904e-02, -1.6355033e-01, -2.3824924e-01, -3.2278091e-01,
         -3.2440242e-01, -3.0823013e-01, -1.9953777e-01, -1.3847007e-01,
         -1.3711847e-01, -1.8181419e-01, -1.6455713e-01, -1.6518854e-01,
         -2.0200405e-01]]], dtype=float32), reward=1), transition(observation=array([[0., 0., 0., 0., 0., 0., 0., 0., 0., 0., 0., 0., 0., 0., 0., 0.,
        0., 0., 0., 0., 0., 0., 0., 0., 0., 0., 0., 0., 0., 0., 0., 0.,
        0., 1.]], dtype=float32), activation=array([[[-3.3941682e-02,  4.8175020e+00,  1.4831249e+01,  2.4986050e+01,
          1.8753962e+01,  8.3079779e-01, -1.3088192e-01, -2.1562810e-01,
         -1.8548052e-01, -1.5004164e-01, -1.9214248e-02,  4.8065829e+00,
          5.0582533e+00, -1.2143884e-02,  4.5011127e-01,  6.1520400e+00,
          6.1896596e+00]]], dtype=float32), h_activation=array([[[6.3918867 , 0.7026814 , 0.35147196, 5.0195813 , 0.19903526,
         0.0158374 , 3.3324554 , 6.5560074 , 1.6119632 , 3.8068433 ]]],
      dtype=float32), o_activation=array([[[-3.3941682e-02,  4.8175020e+00,  1.4831249e+01,  2.4986050e+01,
          1.8753962e+01,  8.3079779e-01, -1.3088192e-01, -2.1562810e-01,
         -1.8548052e-01, -1.5004164e-01, -1.9214248e-02,  4.8065829e+00,
          5.0582533e+00, -1.2143884e-02,  4.5011127e-01,  6.1520400e+00,
          6.1896596e+00]]], dtype=float32), reward=1), transition(observation=array([[0., 0., 0., 0., 0., 0., 0., 0., 0., 0., 0., 0., 0., 0., 0., 0.,
        0., 0., 0., 0., 0., 0., 0., 0., 0., 0., 0., 0., 0., 0., 0., 0.,
        0., 1.]], dtype=float32), activation=array([[[-3.9921675e-02,  3.7590179e+00,  1.1506998e+01,  1.9510288e+01,
          1.4454820e+01,  4.2532229e-01, -1.1271991e-01, -1.7790809e-01,
         -1.4295308e-01, -1.0259732e-01, -8.2536405e-03,  3.4964075e+00,
          3.8872404e+00, -1.0645027e-02, -1.8936837e-03,  4.6849160e+00,
          5.0728040e+00]]], dtype=float32), h_activation=array([[[4.796047  , 0.81663126, 0.7688295 , 4.129107  , 0.19291297,
         0.03722614, 3.1515136 , 4.8852453 , 1.6348648 , 3.0856237 ]]],
      dtype=float32), o_activation=array([[[-3.9921675e-02,  3.7590179e+00,  1.1506998e+01,  1.9510288e+01,
          1.4454820e+01,  4.2532229e-01, -1.1271991e-01, -1.7790809e-01,
         -1.4295308e-01, -1.0259732e-01, -8.2536405e-03,  3.4964075e+00,
          3.8872404e+00, -1.0645027e-02, -1.8936837e-03,  4.6849160e+00,
          5.0728040e+00]]], dtype=float32), reward=1)], success=True), configuration(episode=24, buffer=[transition(observation=array([[1., 0., 0., 0., 0., 0., 0., 0., 0., 0., 0., 0., 0., 0., 0., 0.,
        0., 0., 0., 0., 0., 0., 0., 0., 0., 0., 0., 0., 0., 0., 0., 0.,
        0., 1.]], dtype=float32), activation=array([[[22.06819   , -0.16423194, -0.09829667, -0.0684431 ,
         -0.08563564, -0.08378637, -0.07823429, -0.07916434,
         -0.07612116, -0.08751891, -0.13224255, -0.16178848,
         -0.12346218, -0.08102608, -0.10995874, -0.18023862,
         -0.20943384]]], dtype=float32), h_activation=array([[[ 0.7566331 ,  0.86678445,  0.876579  ,  1.1590619 ,
          0.4522693 ,  0.68814313, -0.00902339,  0.8538044 ,
          0.02913611,  0.7585149 ]]], dtype=float32), o_activation=array([[[22.06819   , -0.16423194, -0.09829667, -0.0684431 ,
         -0.08563564, -0.08378637, -0.07823429, -0.07916434,
         -0.07612116, -0.08751891, -0.13224255, -0.16178848,
         -0.12346218, -0.08102608, -0.10995874, -0.18023862,
         -0.20943384]]], dtype=float32), reward=1), transition(observation=array([[1., 0., 0., 0., 0., 0., 0., 0., 0., 0., 0., 0., 0., 0., 0., 0.,
        0., 0., 0., 0., 0., 0., 0., 0., 0., 0., 0., 0., 0., 0., 0., 0.,
        0., 1.]], dtype=float32), activation=array([[[21.337822  , -0.1491693 , -0.10197385, -0.06717525,
         -0.07688909, -0.09120708, -0.08393563, -0.07479876,
         -0.07536136, -0.09905721, -0.1364056 , -0.15782735,
         -0.11842414, -0.08629068, -0.10938227, -0.1589372 ,
         -0.1784776 ]]], dtype=float32), h_activation=array([[[ 1.3947372 ,  1.4963942 ,  1.4212117 ,  1.9371545 ,
          0.90128696,  1.2210518 , -0.00731216,  1.5029242 ,
          0.27260917,  1.3240087 ]]], dtype=float32), o_activation=array([[[21.337822  , -0.1491693 , -0.10197385, -0.06717525,
         -0.07688909, -0.09120708, -0.08393563, -0.07479876,
         -0.07536136, -0.09905721, -0.1364056 , -0.15782735,
         -0.11842414, -0.08629068, -0.10938227, -0.1589372 ,
         -0.1784776 ]]], dtype=float32), reward=1), transition(observation=array([[1., 0., 0., 0., 0., 0., 0., 0., 0., 0., 0., 0., 0., 0., 0., 0.,
        0., 0., 0., 0., 0., 0., 0., 0., 0., 0., 0., 0., 0., 0., 0., 0.,
        0., 1.]], dtype=float32), activation=array([[[20.68046   , -0.13755868, -0.10401591, -0.06871266,
         -0.07417372, -0.09812391, -0.0886594 , -0.07560153,
         -0.07856067, -0.10717329, -0.13592362, -0.1510574 ,
         -0.11374426, -0.09014434, -0.10846997, -0.14474139,
         -0.15768147]]], dtype=float32), h_activation=array([[[ 1.9113798 ,  1.9336143 ,  1.733639  ,  2.4304285 ,
          1.3138043 ,  1.6161711 , -0.00559584,  1.9876068 ,
          0.6261538 ,  1.7347419 ]]], dtype=float32), o_activation=array([[[20.68046   , -0.13755868, -0.10401591, -0.06871266,
         -0.07417372, -0.09812391, -0.0886594 , -0.07560153,
         -0.07856067, -0.10717329, -0.13592362, -0.1510574 ,
         -0.11374426, -0.09014434, -0.10846997, -0.14474139,
         -0.15768147]]], dtype=float32), reward=1), transition(observation=array([[ 0.98978865, -0.01521898,  0.03494328,  0.05745649,  0.16117814,
         0.19752151,  0.31328925,  0.5092554 ,  0.4280997 ,  0.02319036,
         0.09849991,  0.06345995,  0.22348525, -0.01842261,  0.01383191,
        -0.0147913 ,  0.0154669 ,  0.1042079 ,  0.38350677,  0.6096983 ,
         0.30099323,  0.19731808,  0.0970802 ,  0.29558697,  0.2836551 ,
         0.03213529, -0.0240073 , -0.11597327, -0.06162054, -0.02991703,
         0.02003091,  0.08481218, -0.1308067 ,  1.        ]],
      dtype=float32), activation=array([[[29.36444   , -0.15192133, -0.1293884 , -0.09808008,
         -0.12570184, -0.16973518, -0.1650992 , -0.1516944 ,
         -0.15214303, -0.16576332, -0.17604993, -0.18276018,
         -0.14723848, -0.11903238, -0.12201827, -0.15111847,
         -0.17118475]]], dtype=float32), h_activation=array([[[ 0.9726361 ,  1.6891224 ,  2.344002  ,  2.9067545 ,
          0.57260466,  1.9657927 , -0.0188704 ,  0.24987525,
          1.2942535 ,  2.4192197 ]]], dtype=float32), o_activation=array([[[29.36444   , -0.15192133, -0.1293884 , -0.09808008,
         -0.12570184, -0.16973518, -0.1650992 , -0.1516944 ,
         -0.15214303, -0.16576332, -0.17604993, -0.18276018,
         -0.14723848, -0.11903238, -0.12201827, -0.15111847,
         -0.17118475]]], dtype=float32), reward=1), transition(observation=array([[ 1.0237664 ,  0.11144267, -0.07608908,  0.11356114,  0.11887298,
         0.02904467,  0.3844691 ,  0.7419324 ,  0.41831097,  0.06911584,
        -0.1343583 ,  0.09811462, -0.10478054, -0.08609191,  0.0108371 ,
        -0.08494683, -0.09167811,  0.17132774,  0.25248203,  0.35941195,
         0.17515785,  0.3023169 ,  0.08191154,  0.33869338,  0.19494233,
         0.03351118,  0.05256865,  0.09818884,  0.05434539, -0.17154464,
        -0.04529613,  0.00879866, -0.16186175,  1.        ]],
      dtype=float32), activation=array([[[26.401093  , -0.1530782 , -0.1401216 , -0.10240516,
         -0.12053113, -0.16638839, -0.14535321, -0.10052551,
         -0.10383797, -0.1312124 , -0.15050153, -0.14649385,
         -0.11575338, -0.13019156, -0.13595024, -0.13409498,
         -0.154417  ]]], dtype=float32), h_activation=array([[[-9.6857110e-03,  8.8589132e-01,  3.6234596e+00,  3.6184425e+00,
         -1.3979354e-03,  1.2530379e+00, -2.8686708e-02, -1.6008491e-02,
          1.4527133e+00,  3.4046283e+00]]], dtype=float32), o_activation=array([[[26.401093  , -0.1530782 , -0.1401216 , -0.10240516,
         -0.12053113, -0.16638839, -0.14535321, -0.10052551,
         -0.10383797, -0.1312124 , -0.15050153, -0.14649385,
         -0.11575338, -0.13019156, -0.13595024, -0.13409498,
         -0.154417  ]]], dtype=float32), reward=1), transition(observation=array([[ 0.94616187, -0.090077  , -0.15840854,  0.06787455, -0.03468627,
         0.00675287,  0.27626485,  0.74793285,  0.36520678,  0.06165149,
        -0.11379027,  0.03373257, -0.08603319, -0.0787119 ,  0.05946673,
        -0.02301529,  0.22021292,  0.12154804,  0.26514965,  0.45062125,
         0.32462624,  0.11975781,  0.3602425 ,  0.13185751,  0.14601839,
         0.2648132 ,  0.06494255, -0.13517158,  0.00161452,  0.10318771,
        -0.09963305,  0.02228664,  0.27673706,  1.        ]],
      dtype=float32), activation=array([[[22.392736  , -0.13568264, -0.10250514, -0.05563542,
         -0.10332046, -0.15242882, -0.10151305, -0.03390132,
         -0.07291046, -0.14660807, -0.15716654, -0.14156064,
         -0.12444571, -0.16048999, -0.15468056, -0.12706833,
         -0.13218518]]], dtype=float32), h_activation=array([[[-1.5321414e-02,  4.8609817e-01,  5.2394118e+00,  4.9852228e+00,
         -1.9866617e-03,  1.7515179e+00, -2.0623131e-02, -1.7114311e-02,
          1.5203804e+00,  3.4349804e+00]]], dtype=float32), o_activation=array([[[22.392736  , -0.13568264, -0.10250514, -0.05563542,
         -0.10332046, -0.15242882, -0.10151305, -0.03390132,
         -0.07291046, -0.14660807, -0.15716654, -0.14156064,
         -0.12444571, -0.16048999, -0.15468056, -0.12706833,
         -0.13218518]]], dtype=float32), reward=1), transition(observation=array([[ 1.0096849 ,  0.00483162,  0.06463084,  0.09718133,  0.05125251,
         0.09868012,  0.463379  ,  0.6226915 ,  0.37836504,  0.0926191 ,
        -0.08716677, -0.12390485, -0.05063799,  0.06912414,  0.04762734,
        -0.15376107,  0.1148992 ,  0.20219202,  0.28218123,  0.5071653 ,
         0.4870235 ,  0.15927358,  0.08412436,  0.43549788,  0.1760845 ,
         0.06822583,  0.06622978, -0.07716274, -0.08453089,  0.12054978,
        -0.10397069,  0.03478537,  0.01545939,  1.        ]],
      dtype=float32), activation=array([[[ 2.52050247e+01, -1.63124725e-01, -1.44127950e-01,
         -8.52672383e-02, -1.37038499e-01, -1.99755833e-01,
         -1.13710016e-01, -9.84408613e-03, -7.61627555e-02,
         -1.72569230e-01, -1.72966272e-01, -1.52148262e-01,
         -1.34727433e-01, -1.74990341e-01, -1.65549770e-01,
         -1.12181753e-01, -1.17640875e-01]]], dtype=float32), h_activation=array([[[-1.2793052e-02,  2.4171740e-01,  6.5378027e+00,  4.4377222e+00,
         -1.0661583e-03,  5.4963589e-01, -2.5187753e-02, -1.3745794e-02,
          1.1740756e+00,  3.7160988e+00]]], dtype=float32), o_activation=array([[[ 2.52050247e+01, -1.63124725e-01, -1.44127950e-01,
         -8.52672383e-02, -1.37038499e-01, -1.99755833e-01,
         -1.13710016e-01, -9.84408613e-03, -7.61627555e-02,
         -1.72569230e-01, -1.72966272e-01, -1.52148262e-01,
         -1.34727433e-01, -1.74990341e-01, -1.65549770e-01,
         -1.12181753e-01, -1.17640875e-01]]], dtype=float32), reward=1), transition(observation=array([[ 0.9347836 ,  0.12610194,  0.30927914,  0.08977519, -0.02144751,
         0.36090884,  0.47464952,  0.56294775,  0.4053828 ,  0.11031338,
        -0.01206925, -0.07066639, -0.03650194,  0.02060602, -0.02280585,
        -0.10265335,  0.04433486,  0.14647621,  0.20526676,  0.7052996 ,
         0.29388517,  0.29350516,  0.09001928,  0.3894513 ,  0.2736157 ,
         0.1109524 ,  0.0763365 , -0.16711201, -0.21011128,  0.06676921,
         0.03931591, -0.00341756, -0.13587932,  1.        ]],
      dtype=float32), activation=array([[[ 2.6579987e+01, -1.5927352e-01, -1.4242215e-01, -8.4508695e-02,
         -1.4962032e-01, -2.1025373e-01, -1.1124612e-01, -4.1511036e-03,
         -9.2192248e-02, -1.9143656e-01, -1.9452122e-01, -1.7507392e-01,
         -1.4003883e-01, -1.6193339e-01, -1.6443868e-01, -1.1915243e-01,
         -1.1182148e-01]]], dtype=float32), h_activation=array([[[-1.4425110e-02,  4.8196107e-01,  6.7489939e+00,  3.0845966e+00,
         -2.5034393e-03, -8.0539286e-03, -2.7136326e-02, -9.0810321e-03,
          1.6118634e+00,  5.0220718e+00]]], dtype=float32), o_activation=array([[[ 2.6579987e+01, -1.5927352e-01, -1.4242215e-01, -8.4508695e-02,
         -1.4962032e-01, -2.1025373e-01, -1.1124612e-01, -4.1511036e-03,
         -9.2192248e-02, -1.9143656e-01, -1.9452122e-01, -1.7507392e-01,
         -1.4003883e-01, -1.6193339e-01, -1.6443868e-01, -1.1915243e-01,
         -1.1182148e-01]]], dtype=float32), reward=1), transition(observation=array([[0., 0., 0., 0., 0., 0., 0., 0., 0., 0., 0., 0., 0., 0., 0., 0.,
        0., 0., 0., 0., 0., 0., 0., 0., 0., 0., 0., 0., 0., 0., 0., 0.,
        0., 1.]], dtype=float32), activation=array([[[-1.0702671e-01,  3.6040635e+00,  3.0446377e+00,  5.7271762e+00,
          8.4496927e-01, -1.4592838e-02,  8.8393135e+00,  1.7898695e+01,
          9.4851475e+00, -4.6159856e-02, -8.2987495e-02, -5.0514765e-02,
         -1.3070943e-02, -6.1702114e-02, -6.9955580e-02,  1.3725839e+00,
          6.8765979e+00]]], dtype=float32), h_activation=array([[[ 0.48977643,  0.9156883 ,  5.608798  ,  3.0045643 ,
          0.1732012 ,  0.44902056, -0.00790968,  0.26538527,
          1.2859356 ,  4.2395062 ]]], dtype=float32), o_activation=array([[[-1.0702671e-01,  3.6040635e+00,  3.0446377e+00,  5.7271762e+00,
          8.4496927e-01, -1.4592838e-02,  8.8393135e+00,  1.7898695e+01,
          9.4851475e+00, -4.6159856e-02, -8.2987495e-02, -5.0514765e-02,
         -1.3070943e-02, -6.1702114e-02, -6.9955580e-02,  1.3725839e+00,
          6.8765979e+00]]], dtype=float32), reward=1), transition(observation=array([[0., 0., 0., 0., 0., 0., 0., 0., 0., 0., 0., 0., 0., 0., 0., 0.,
        0., 0., 0., 0., 0., 0., 0., 0., 0., 0., 0., 0., 0., 0., 0., 0.,
        0., 1.]], dtype=float32), activation=array([[[-1.0044065e-01,  2.5735278e+00,  2.0895789e+00,  5.3566313e+00,
          2.1116772e+00, -6.5622376e-03,  7.1012769e+00,  1.4688134e+01,
          8.3831453e+00, -3.2311548e-02, -6.8824045e-02, -4.4203050e-02,
         -5.8150953e-03, -4.2468444e-02, -5.5639785e-02,  1.1149359e+00,
          5.6414180e+00]]], dtype=float32), h_activation=array([[[ 0.8364453 ,  1.2119119 ,  4.7142177 ,  2.9229999 ,
          0.28583804,  0.76353216, -0.00614679,  0.47972035,
          1.0952455 ,  3.6492186 ]]], dtype=float32), o_activation=array([[[-1.0044065e-01,  2.5735278e+00,  2.0895789e+00,  5.3566313e+00,
          2.1116772e+00, -6.5622376e-03,  7.1012769e+00,  1.4688134e+01,
          8.3831453e+00, -3.2311548e-02, -6.8824045e-02, -4.4203050e-02,
         -5.8150953e-03, -4.2468444e-02, -5.5639785e-02,  1.1149359e+00,
          5.6414180e+00]]], dtype=float32), reward=1)], success=True), configuration(episode=25, buffer=[transition(observation=array([[1., 0., 0., 0., 0., 0., 0., 0., 0., 0., 0., 0., 0., 0., 0., 0.,
        0., 0., 0., 0., 0., 0., 0., 0., 0., 0., 0., 0., 0., 0., 0., 0.,
        0., 1.]], dtype=float32), activation=array([[[22.06819   , -0.16423194, -0.09829667, -0.0684431 ,
         -0.08563564, -0.08378637, -0.07823429, -0.07916434,
         -0.07612116, -0.08751891, -0.13224255, -0.16178848,
         -0.12346218, -0.08102608, -0.10995874, -0.18023862,
         -0.20943384]]], dtype=float32), h_activation=array([[[ 0.7566331 ,  0.86678445,  0.876579  ,  1.1590619 ,
          0.4522693 ,  0.68814313, -0.00902339,  0.8538044 ,
          0.02913611,  0.7585149 ]]], dtype=float32), o_activation=array([[[22.06819   , -0.16423194, -0.09829667, -0.0684431 ,
         -0.08563564, -0.08378637, -0.07823429, -0.07916434,
         -0.07612116, -0.08751891, -0.13224255, -0.16178848,
         -0.12346218, -0.08102608, -0.10995874, -0.18023862,
         -0.20943384]]], dtype=float32), reward=1), transition(observation=array([[1., 0., 0., 0., 0., 0., 0., 0., 0., 0., 0., 0., 0., 0., 0., 0.,
        0., 0., 0., 0., 0., 0., 0., 0., 0., 0., 0., 0., 0., 0., 0., 0.,
        0., 1.]], dtype=float32), activation=array([[[21.337822  , -0.1491693 , -0.10197385, -0.06717525,
         -0.07688909, -0.09120708, -0.08393563, -0.07479876,
         -0.07536136, -0.09905721, -0.1364056 , -0.15782735,
         -0.11842414, -0.08629068, -0.10938227, -0.1589372 ,
         -0.1784776 ]]], dtype=float32), h_activation=array([[[ 1.3947372 ,  1.4963942 ,  1.4212117 ,  1.9371545 ,
          0.90128696,  1.2210518 , -0.00731216,  1.5029242 ,
          0.27260917,  1.3240087 ]]], dtype=float32), o_activation=array([[[21.337822  , -0.1491693 , -0.10197385, -0.06717525,
         -0.07688909, -0.09120708, -0.08393563, -0.07479876,
         -0.07536136, -0.09905721, -0.1364056 , -0.15782735,
         -0.11842414, -0.08629068, -0.10938227, -0.1589372 ,
         -0.1784776 ]]], dtype=float32), reward=1), transition(observation=array([[1., 0., 0., 0., 0., 0., 0., 0., 0., 0., 0., 0., 0., 0., 0., 0.,
        0., 0., 0., 0., 0., 0., 0., 0., 0., 0., 0., 0., 0., 0., 0., 0.,
        0., 1.]], dtype=float32), activation=array([[[20.68046   , -0.13755868, -0.10401591, -0.06871266,
         -0.07417372, -0.09812391, -0.0886594 , -0.07560153,
         -0.07856067, -0.10717329, -0.13592362, -0.1510574 ,
         -0.11374426, -0.09014434, -0.10846997, -0.14474139,
         -0.15768147]]], dtype=float32), h_activation=array([[[ 1.9113798 ,  1.9336143 ,  1.733639  ,  2.4304285 ,
          1.3138043 ,  1.6161711 , -0.00559584,  1.9876068 ,
          0.6261538 ,  1.7347419 ]]], dtype=float32), o_activation=array([[[20.68046   , -0.13755868, -0.10401591, -0.06871266,
         -0.07417372, -0.09812391, -0.0886594 , -0.07560153,
         -0.07856067, -0.10717329, -0.13592362, -0.1510574 ,
         -0.11374426, -0.09014434, -0.10846997, -0.14474139,
         -0.15768147]]], dtype=float32), reward=1), transition(observation=array([[ 9.5357436e-01, -7.9525918e-02, -1.4252676e-01, -3.0343695e-02,
         1.0996430e-01,  3.8956087e-02, -9.9130385e-02, -1.0636780e-01,
         8.0578782e-02, -4.1827149e-04,  1.3129798e-01,  3.5079369e-01,
         6.4061141e-01,  3.7509745e-01,  3.1456056e-01, -1.2330410e-01,
         1.9012819e-01,  6.3411392e-02, -8.1287220e-02, -7.4304670e-02,
         7.1802922e-02,  1.5155590e-01, -3.2416444e-02, -8.9187585e-03,
         1.2983775e-01,  3.7591375e-02,  3.0726103e-02,  2.3823115e-01,
         5.0875145e-01,  5.0751883e-01,  4.3862641e-01,  2.4766804e-01,
         8.7183908e-02,  1.0000000e+00]], dtype=float32), activation=array([[[25.744694  , -0.1344821 , -0.11616118, -0.07803781,
         -0.09556249, -0.1128174 , -0.10355344, -0.09311211,
         -0.09663515, -0.15139881, -0.20880908, -0.22877073,
         -0.20609052, -0.18011293, -0.17630397, -0.17139384,
         -0.15103498]]], dtype=float32), h_activation=array([[[ 4.927413  ,  2.4510074 ,  2.2729433 ,  2.665526  ,
          2.4906766 ,  4.932412  , -0.00827276,  2.4239216 ,
          0.8500607 ,  0.9170411 ]]], dtype=float32), o_activation=array([[[25.744694  , -0.1344821 , -0.11616118, -0.07803781,
         -0.09556249, -0.1128174 , -0.10355344, -0.09311211,
         -0.09663515, -0.15139881, -0.20880908, -0.22877073,
         -0.20609052, -0.18011293, -0.17630397, -0.17139384,
         -0.15103498]]], dtype=float32), reward=1), transition(observation=array([[ 0.99725646, -0.10808502, -0.02595595,  0.07191809, -0.146961  ,
         0.07853076,  0.04298194,  0.08005468, -0.01845975,  0.17012382,
         0.09089532,  0.4376735 ,  0.73195744,  0.30124712,  0.18395011,
         0.16496545,  0.06654167, -0.03533751, -0.07537996,  0.11937755,
         0.0585492 ,  0.06803764, -0.0622389 ,  0.16661228,  0.08718425,
         0.03169153,  0.19106053,  0.31213382,  0.52603066,  0.5059014 ,
         0.5116638 ,  0.21556577,  0.13191813,  1.        ]],
      dtype=float32), activation=array([[[30.152607  , -0.14594403, -0.17390041, -0.13450369,
         -0.12588716, -0.16067274, -0.16424657, -0.1594997 ,
         -0.13909525, -0.17040132, -0.22220537, -0.2043475 ,
         -0.14052512, -0.13020633, -0.17632957, -0.17424954,
         -0.1408894 ]]], dtype=float32), h_activation=array([[[6.345493  , 1.614541  , 2.0988097 , 2.8175726 , 3.3222058 ,
         7.8529496 , 0.35051256, 2.6026242 , 2.6523519 , 0.5605532 ]]],
      dtype=float32), o_activation=array([[[30.152607  , -0.14594403, -0.17390041, -0.13450369,
         -0.12588716, -0.16067274, -0.16424657, -0.1594997 ,
         -0.13909525, -0.17040132, -0.22220537, -0.2043475 ,
         -0.14052512, -0.13020633, -0.17632957, -0.17424954,
         -0.1408894 ]]], dtype=float32), reward=1), transition(observation=array([[ 1.0363804 , -0.01724852, -0.13043253, -0.12151751, -0.11429071,
         0.01838825, -0.00869633, -0.11721146, -0.09528664,  0.01051994,
         0.01668291,  0.45777318,  0.7435086 ,  0.4458023 ,  0.25590432,
         0.12102241, -0.07039253,  0.11849067, -0.02428218,  0.11085644,
        -0.01334252,  0.1510084 ,  0.09517894,  0.09269933,  0.16635844,
         0.17716621,  0.06120668,  0.27420828,  0.21213786,  0.29923445,
         0.4740823 ,  0.4610899 ,  0.09766319,  1.        ]],
      dtype=float32), activation=array([[[27.382034  , -0.13890861, -0.18965812, -0.17211753,
         -0.16270685, -0.18798646, -0.17133476, -0.16795962,
         -0.12883006, -0.16053917, -0.19488361, -0.14177507,
         -0.08758399, -0.12026897, -0.17311804, -0.15565065,
         -0.12480702]]], dtype=float32), h_activation=array([[[ 7.9345999e+00,  1.1353869e+00,  2.1035936e+00,  1.9607995e+00,
          4.2339106e+00,  1.0236811e+01,  2.8677875e-01,  3.4769833e+00,
          3.5935502e+00, -3.4571956e-03]]], dtype=float32), o_activation=array([[[27.382034  , -0.13890861, -0.18965812, -0.17211753,
         -0.16270685, -0.18798646, -0.17133476, -0.16795962,
         -0.12883006, -0.16053917, -0.19488361, -0.14177507,
         -0.08758399, -0.12026897, -0.17311804, -0.15565065,
         -0.12480702]]], dtype=float32), reward=1), transition(observation=array([[ 1.0302137 ,  0.02267691, -0.072962  , -0.06604549, -0.1579985 ,
         0.04966381, -0.01842419,  0.17083348,  0.09593742, -0.07891878,
         0.11783952,  0.42583087,  0.5267519 ,  0.46472645,  0.18021986,
         0.11727434,  0.07217354, -0.08467197,  0.12517045, -0.02682814,
        -0.06404734, -0.05204033,  0.08461729,  0.06244674,  0.01071851,
         0.08394726,  0.20025015,  0.21386959,  0.57349217,  0.5108138 ,
         0.5823728 ,  0.21099362,  0.12635632,  1.        ]],
      dtype=float32), activation=array([[[ 2.9050838e+01, -1.4908049e-01, -2.1731943e-01, -2.2665149e-01,
         -2.1592441e-01, -2.2594102e-01, -2.0182639e-01, -2.3207287e-01,
         -1.8754151e-01, -2.0199983e-01, -1.9559257e-01, -9.3015417e-02,
         -2.4398731e-02, -6.6138960e-02, -1.4291401e-01, -1.5835360e-01,
         -1.4482696e-01]]], dtype=float32), h_activation=array([[[8.2942371e+00, 4.1432050e-01, 2.9232037e+00, 1.9210390e+00,
         5.0003910e+00, 1.1030070e+01, 3.7449872e-01, 3.4012561e+00,
         4.6275330e+00, 4.3067932e-03]]], dtype=float32), o_activation=array([[[ 2.9050838e+01, -1.4908049e-01, -2.1731943e-01, -2.2665149e-01,
         -2.1592441e-01, -2.2594102e-01, -2.0182639e-01, -2.3207287e-01,
         -1.8754151e-01, -2.0199983e-01, -1.9559257e-01, -9.3015417e-02,
         -2.4398731e-02, -6.6138960e-02, -1.4291401e-01, -1.5835360e-01,
         -1.4482696e-01]]], dtype=float32), reward=1), transition(observation=array([[ 0.99049234, -0.08812497,  0.06673604, -0.07768663, -0.01568307,
        -0.01304325,  0.05979867, -0.01726257, -0.01030742, -0.01785401,
         0.01157264,  0.48152995,  0.6995825 ,  0.57347286,  0.18364815,
        -0.06083173,  0.02636816,  0.01710385, -0.04592781, -0.19430223,
         0.11648384, -0.11878017,  0.02659082, -0.06247756,  0.12679826,
        -0.01626286, -0.07928071,  0.34432745,  0.31384596,  0.42965856,
         0.5002543 ,  0.29595083,  0.02933767,  1.        ]],
      dtype=float32), activation=array([[[ 2.68409653e+01, -1.34646595e-01, -2.23394886e-01,
         -2.53850669e-01, -2.57121772e-01, -2.56340027e-01,
         -1.91813096e-01, -2.08362669e-01, -1.73494816e-01,
         -1.99282199e-01, -1.93824187e-01, -8.19712803e-02,
         -1.44143198e-02, -6.05069473e-02, -1.37148842e-01,
         -1.35702714e-01, -1.15851045e-01]]], dtype=float32), h_activation=array([[[ 9.5151672e+00, -6.5990738e-03,  3.0966098e+00,  9.3703747e-01,
          5.2749610e+00,  1.1367914e+01,  3.9271241e-01,  3.5437286e+00,
          4.9664688e+00, -4.5420802e-03]]], dtype=float32), o_activation=array([[[ 2.68409653e+01, -1.34646595e-01, -2.23394886e-01,
         -2.53850669e-01, -2.57121772e-01, -2.56340027e-01,
         -1.91813096e-01, -2.08362669e-01, -1.73494816e-01,
         -1.99282199e-01, -1.93824187e-01, -8.19712803e-02,
         -1.44143198e-02, -6.05069473e-02, -1.37148842e-01,
         -1.35702714e-01, -1.15851045e-01]]], dtype=float32), reward=1), transition(observation=array([[0., 0., 0., 0., 0., 0., 0., 0., 0., 0., 0., 0., 0., 0., 0., 0.,
        0., 0., 0., 0., 0., 0., 0., 0., 0., 0., 0., 0., 0., 0., 0., 0.,
        0., 1.]], dtype=float32), activation=array([[[-8.0543794e-02,  1.5193272e+00, -8.7357879e-02, -1.3729981e-01,
         -1.3282552e-01, -1.3684653e-01, -6.5654516e-02, -1.0016150e-01,
         -7.3321819e-02, -6.9354206e-02, -6.8017244e-03,  1.5355009e+01,
          2.4858938e+01,  1.8140497e+01,  5.4750967e+00,  2.3366942e+00,
          3.7262444e+00]]], dtype=float32), h_activation=array([[[ 7.3504801e+00, -1.6110414e-03,  2.2694349e+00,  4.7400591e-01,
          4.1001472e+00,  8.1664524e+00,  1.9157615e+00,  2.8333948e+00,
          4.6299648e+00,  1.6201387e-01]]], dtype=float32), o_activation=array([[[-8.0543794e-02,  1.5193272e+00, -8.7357879e-02, -1.3729981e-01,
         -1.3282552e-01, -1.3684653e-01, -6.5654516e-02, -1.0016150e-01,
         -7.3321819e-02, -6.9354206e-02, -6.8017244e-03,  1.5355009e+01,
          2.4858938e+01,  1.8140497e+01,  5.4750967e+00,  2.3366942e+00,
          3.7262444e+00]]], dtype=float32), reward=1), transition(observation=array([[0., 0., 0., 0., 0., 0., 0., 0., 0., 0., 0., 0., 0., 0., 0., 0.,
        0., 0., 0., 0., 0., 0., 0., 0., 0., 0., 0., 0., 0., 0., 0., 0.,
        0., 1.]], dtype=float32), activation=array([[[-0.06650767,  1.6684127 , -0.04840891, -0.08652651,
         -0.09526446, -0.10642433, -0.08224086, -0.12349477,
         -0.07896352, -0.04455758,  0.5271578 , 11.777937  ,
         18.9743    , 13.592371  ,  3.687055  ,  1.4958286 ,
          2.7177854 ]]], dtype=float32), h_activation=array([[[ 5.5147042e+00, -7.6497492e-04,  1.9740949e+00,  4.0158251e-01,
          3.0119743e+00,  5.8111854e+00,  2.5390711e+00,  2.1919894e+00,
          3.9072895e+00,  2.7889359e-01]]], dtype=float32), o_activation=array([[[-0.06650767,  1.6684127 , -0.04840891, -0.08652651,
         -0.09526446, -0.10642433, -0.08224086, -0.12349477,
         -0.07896352, -0.04455758,  0.5271578 , 11.777937  ,
         18.9743    , 13.592371  ,  3.687055  ,  1.4958286 ,
          2.7177854 ]]], dtype=float32), reward=1)], success=True), configuration(episode=26, buffer=[transition(observation=array([[1., 0., 0., 0., 0., 0., 0., 0., 0., 0., 0., 0., 0., 0., 0., 0.,
        0., 0., 0., 0., 0., 0., 0., 0., 0., 0., 0., 0., 0., 0., 0., 0.,
        0., 1.]], dtype=float32), activation=array([[[22.06819   , -0.16423194, -0.09829667, -0.0684431 ,
         -0.08563564, -0.08378637, -0.07823429, -0.07916434,
         -0.07612116, -0.08751891, -0.13224255, -0.16178848,
         -0.12346218, -0.08102608, -0.10995874, -0.18023862,
         -0.20943384]]], dtype=float32), h_activation=array([[[ 0.7566331 ,  0.86678445,  0.876579  ,  1.1590619 ,
          0.4522693 ,  0.68814313, -0.00902339,  0.8538044 ,
          0.02913611,  0.7585149 ]]], dtype=float32), o_activation=array([[[22.06819   , -0.16423194, -0.09829667, -0.0684431 ,
         -0.08563564, -0.08378637, -0.07823429, -0.07916434,
         -0.07612116, -0.08751891, -0.13224255, -0.16178848,
         -0.12346218, -0.08102608, -0.10995874, -0.18023862,
         -0.20943384]]], dtype=float32), reward=1), transition(observation=array([[1., 0., 0., 0., 0., 0., 0., 0., 0., 0., 0., 0., 0., 0., 0., 0.,
        0., 0., 0., 0., 0., 0., 0., 0., 0., 0., 0., 0., 0., 0., 0., 0.,
        0., 1.]], dtype=float32), activation=array([[[21.337822  , -0.1491693 , -0.10197385, -0.06717525,
         -0.07688909, -0.09120708, -0.08393563, -0.07479876,
         -0.07536136, -0.09905721, -0.1364056 , -0.15782735,
         -0.11842414, -0.08629068, -0.10938227, -0.1589372 ,
         -0.1784776 ]]], dtype=float32), h_activation=array([[[ 1.3947372 ,  1.4963942 ,  1.4212117 ,  1.9371545 ,
          0.90128696,  1.2210518 , -0.00731216,  1.5029242 ,
          0.27260917,  1.3240087 ]]], dtype=float32), o_activation=array([[[21.337822  , -0.1491693 , -0.10197385, -0.06717525,
         -0.07688909, -0.09120708, -0.08393563, -0.07479876,
         -0.07536136, -0.09905721, -0.1364056 , -0.15782735,
         -0.11842414, -0.08629068, -0.10938227, -0.1589372 ,
         -0.1784776 ]]], dtype=float32), reward=1), transition(observation=array([[1., 0., 0., 0., 0., 0., 0., 0., 0., 0., 0., 0., 0., 0., 0., 0.,
        0., 0., 0., 0., 0., 0., 0., 0., 0., 0., 0., 0., 0., 0., 0., 0.,
        0., 1.]], dtype=float32), activation=array([[[20.68046   , -0.13755868, -0.10401591, -0.06871266,
         -0.07417372, -0.09812391, -0.0886594 , -0.07560153,
         -0.07856067, -0.10717329, -0.13592362, -0.1510574 ,
         -0.11374426, -0.09014434, -0.10846997, -0.14474139,
         -0.15768147]]], dtype=float32), h_activation=array([[[ 1.9113798 ,  1.9336143 ,  1.733639  ,  2.4304285 ,
          1.3138043 ,  1.6161711 , -0.00559584,  1.9876068 ,
          0.6261538 ,  1.7347419 ]]], dtype=float32), o_activation=array([[[20.68046   , -0.13755868, -0.10401591, -0.06871266,
         -0.07417372, -0.09812391, -0.0886594 , -0.07560153,
         -0.07856067, -0.10717329, -0.13592362, -0.1510574 ,
         -0.11374426, -0.09014434, -0.10846997, -0.14474139,
         -0.15768147]]], dtype=float32), reward=1), transition(observation=array([[ 1.1317395 , -0.07124615, -0.09012774,  0.04868006,  0.41159272,
         0.64634484,  0.4239575 ,  0.1909867 , -0.00908214, -0.09984734,
         0.23018895,  0.19656992,  0.02728935, -0.11772049,  0.03586573,
         0.00830571, -0.22219284, -0.00123456, -0.02821768,  0.06227722,
         0.04079222,  0.3111666 ,  0.34117234, -0.23134883, -0.09140748,
        -0.01761493,  0.28748056,  0.3209508 ,  0.23026712,  0.13866013,
        -0.03785111, -0.07808677, -0.04421661,  1.        ]],
      dtype=float32), activation=array([[[31.390152  , -0.13236645, -0.13002266, -0.12954974,
         -0.1781752 , -0.2168844 , -0.18702944, -0.13591166,
         -0.11407141, -0.1462641 , -0.18540464, -0.19671917,
         -0.1471386 , -0.11122575, -0.11800229, -0.14366274,
         -0.15910724]]], dtype=float32), h_activation=array([[[ 1.4028382 ,  3.3591387 ,  0.8721755 ,  2.954874  ,
         -0.00695286,  0.44946298, -0.03142859,  2.1889102 ,
          2.854634  ,  0.777277  ]]], dtype=float32), o_activation=array([[[31.390152  , -0.13236645, -0.13002266, -0.12954974,
         -0.1781752 , -0.2168844 , -0.18702944, -0.13591166,
         -0.11407141, -0.1462641 , -0.18540464, -0.19671917,
         -0.1471386 , -0.11122575, -0.11800229, -0.14366274,
         -0.15910724]]], dtype=float32), reward=1), transition(observation=array([[ 1.0028427 , -0.10514453,  0.14052103, -0.18369363,  0.37388745,
         0.8347933 ,  0.40094262,  0.08967153,  0.05644861,  0.04779407,
         0.07707648,  0.13291574,  0.05588515, -0.13436125, -0.13775952,
        -0.07198351, -0.07559017, -0.01513618, -0.05278092, -0.05080223,
         0.30924168,  0.38053358,  0.17929685, -0.00392555,  0.1742885 ,
         0.11702872,  0.09840502,  0.48071647,  0.40989313,  0.06750622,
         0.0675331 ,  0.05277169, -0.0325936 ,  1.        ]],
      dtype=float32), activation=array([[[25.098618  , -0.13708381, -0.12948976, -0.11209574,
         -0.11916576, -0.12315418, -0.1274891 , -0.14698385,
         -0.14641911, -0.13990241, -0.13912515, -0.15496442,
         -0.151629  , -0.12339593, -0.10466195, -0.11667286,
         -0.14751948]]], dtype=float32), h_activation=array([[[ 7.3582631e-01,  5.3080664e+00,  1.1471778e-01,  1.5421655e+00,
         -2.1547910e-02, -4.3770298e-03, -2.4698947e-02,  1.8790551e+00,
          4.2333965e+00,  1.1474534e+00]]], dtype=float32), o_activation=array([[[25.098618  , -0.13708381, -0.12948976, -0.11209574,
         -0.11916576, -0.12315418, -0.1274891 , -0.14698385,
         -0.14641911, -0.13990241, -0.13912515, -0.15496442,
         -0.151629  , -0.12339593, -0.10466195, -0.11667286,
         -0.14751948]]], dtype=float32), reward=1), transition(observation=array([[ 1.0995687 ,  0.09236564, -0.09220168,  0.33022675,  0.40898797,
         0.6410543 ,  0.66200614,  0.190361  , -0.0338398 ,  0.07077247,
         0.1934712 ,  0.14813504,  0.05685811,  0.10603101, -0.05647965,
        -0.02378671, -0.03354814,  0.0410471 ,  0.02600749,  0.01727755,
         0.03156025,  0.4018276 ,  0.12727825,  0.3550341 , -0.06383897,
         0.05718095,  0.1437691 ,  0.21457295,  0.24294145, -0.05211368,
         0.07975899,  0.1502258 , -0.08026829,  1.        ]],
      dtype=float32), activation=array([[[29.87273   , -0.16446975, -0.17822655, -0.1923489 ,
         -0.16355436, -0.11040203, -0.13794717, -0.20172304,
         -0.18093978, -0.14441097, -0.1554434 , -0.18425448,
         -0.21208416, -0.19331565, -0.1586855 , -0.17661193,
         -0.19802055]]], dtype=float32), h_activation=array([[[ 1.0785766 ,  5.538805  ,  0.937724  ,  1.7321607 ,
         -0.01556245, -0.01927472, -0.01865709,  1.8870325 ,
          5.345972  ,  0.27942026]]], dtype=float32), o_activation=array([[[29.87273   , -0.16446975, -0.17822655, -0.1923489 ,
         -0.16355436, -0.11040203, -0.13794717, -0.20172304,
         -0.18093978, -0.14441097, -0.1554434 , -0.18425448,
         -0.21208416, -0.19331565, -0.1586855 , -0.17661193,
         -0.19802055]]], dtype=float32), reward=1), transition(observation=array([[ 0.8939745 ,  0.12250278,  0.05130596,  0.27315095,  0.4462094 ,
         0.8260912 ,  0.25172272,  0.16841686, -0.07780284, -0.05948998,
         0.17096028,  0.1505747 ,  0.1695544 ,  0.09635939,  0.17247374,
        -0.08279309,  0.05716773, -0.22671269,  0.11226978,  0.1557435 ,
         0.2803961 ,  0.34123373,  0.23665288,  0.05347814, -0.08817558,
         0.06343919,  0.36847433,  0.47948897,  0.24189277,  0.09868648,
         0.16586   , -0.09441727,  0.07842503,  1.        ]],
      dtype=float32), activation=array([[[23.161589  , -0.15417166, -0.1886393 , -0.19379303,
         -0.14364906, -0.06839817, -0.08716966, -0.16997534,
         -0.17419055, -0.13183379, -0.12521629, -0.15257975,
         -0.19666971, -0.18082008, -0.15263969, -0.16193557,
         -0.16868454]]], dtype=float32), h_activation=array([[[ 2.1297226 ,  6.2436543 ,  1.0673046 ,  1.6796354 ,
         -0.01570021, -0.01392585, -0.0205657 ,  3.2246544 ,
          5.2287483 ,  0.09280917]]], dtype=float32), o_activation=array([[[23.161589  , -0.15417166, -0.1886393 , -0.19379303,
         -0.14364906, -0.06839817, -0.08716966, -0.16997534,
         -0.17419055, -0.13183379, -0.12521629, -0.15257975,
         -0.19666971, -0.18082008, -0.15263969, -0.16193557,
         -0.16868454]]], dtype=float32), reward=1), transition(observation=array([[ 0.9318714 ,  0.04066866, -0.12883557,  0.22752595,  0.57114404,
         0.5976575 ,  0.32508808,  0.12665012,  0.24004862,  0.06752641,
         0.14153999,  0.09201669,  0.06897905, -0.07426931, -0.04363377,
        -0.22540358,  0.07881302, -0.04518475,  0.06081738, -0.03101497,
         0.1960543 ,  0.2978894 ,  0.13459897,  0.13253532, -0.02312339,
         0.07820109,  0.19312088,  0.58616865,  0.29289022,  0.07584981,
         0.03258894,  0.19568981, -0.19178891,  1.        ]],
      dtype=float32), activation=array([[[21.933119  , -0.11859694, -0.16209514, -0.16763942,
         -0.10633255, -0.03798262, -0.0816709 , -0.20996197,
         -0.21907821, -0.16642907, -0.13169004, -0.14016044,
         -0.15816548, -0.12871866, -0.11253431, -0.13252561,
         -0.13978633]]], dtype=float32), h_activation=array([[[ 2.32163   ,  7.125678  ,  0.8411327 ,  1.7354295 ,
         -0.01915217, -0.01256507, -0.01562177,  1.8957005 ,
          4.658731  ,  0.37929392]]], dtype=float32), o_activation=array([[[21.933119  , -0.11859694, -0.16209514, -0.16763942,
         -0.10633255, -0.03798262, -0.0816709 , -0.20996197,
         -0.21907821, -0.16642907, -0.13169004, -0.14016044,
         -0.15816548, -0.12871866, -0.11253431, -0.13252561,
         -0.13978633]]], dtype=float32), reward=1), transition(observation=array([[0., 0., 0., 0., 0., 0., 0., 0., 0., 0., 0., 0., 0., 0., 0., 0.,
        0., 0., 0., 0., 0., 0., 0., 0., 0., 0., 0., 0., 0., 0., 0., 0.,
        0., 1.]], dtype=float32), activation=array([[[-1.3153774e-01,  1.4505253e+00, -3.6794584e-02,  4.2881966e-03,
          1.2170834e+01,  1.7156437e+01,  8.8693810e+00, -3.9664283e-02,
         -3.9957419e-02,  1.9350172e+00,  3.0262814e+00,  4.0306807e-01,
         -2.4609540e-02, -2.1537852e-02, -3.0311184e-02, -1.9912604e-02,
          2.1466327e+00]]], dtype=float32), h_activation=array([[[1.90767   , 5.5584407 , 0.7780677 , 1.5731876 , 0.03635308,
         0.22640891, 0.45260125, 1.6124498 , 3.9122348 , 0.5524455 ]]],
      dtype=float32), o_activation=array([[[-1.3153774e-01,  1.4505253e+00, -3.6794584e-02,  4.2881966e-03,
          1.2170834e+01,  1.7156437e+01,  8.8693810e+00, -3.9664283e-02,
         -3.9957419e-02,  1.9350172e+00,  3.0262814e+00,  4.0306807e-01,
         -2.4609540e-02, -2.1537852e-02, -3.0311184e-02, -1.9912604e-02,
          2.1466327e+00]]], dtype=float32), reward=1), transition(observation=array([[0., 0., 0., 0., 0., 0., 0., 0., 0., 0., 0., 0., 0., 0., 0., 0.,
        0., 0., 0., 0., 0., 0., 0., 0., 0., 0., 0., 0., 0., 0., 0., 0.,
        0., 1.]], dtype=float32), activation=array([[[-0.11575104,  0.7622571 , -0.02346128,  0.93854594,
          9.884539  , 13.256947  ,  6.370631  , -0.03439013,
         -0.02769081,  1.7404956 ,  2.068232  ,  0.08355379,
         -0.01662504, -0.01566676, -0.02398945, -0.01523484,
          1.282721  ]]], dtype=float32), h_activation=array([[[1.5584948 , 4.403152  , 0.8634779 , 1.5583836 , 0.01232451,
         0.38249433, 0.618547  , 1.3804955 , 3.2031977 , 0.7064008 ]]],
      dtype=float32), o_activation=array([[[-0.11575104,  0.7622571 , -0.02346128,  0.93854594,
          9.884539  , 13.256947  ,  6.370631  , -0.03439013,
         -0.02769081,  1.7404956 ,  2.068232  ,  0.08355379,
         -0.01662504, -0.01566676, -0.02398945, -0.01523484,
          1.282721  ]]], dtype=float32), reward=1)], success=True), configuration(episode=27, buffer=[transition(observation=array([[1., 0., 0., 0., 0., 0., 0., 0., 0., 0., 0., 0., 0., 0., 0., 0.,
        0., 0., 0., 0., 0., 0., 0., 0., 0., 0., 0., 0., 0., 0., 0., 0.,
        0., 1.]], dtype=float32), activation=array([[[22.06819   , -0.16423194, -0.09829667, -0.0684431 ,
         -0.08563564, -0.08378637, -0.07823429, -0.07916434,
         -0.07612116, -0.08751891, -0.13224255, -0.16178848,
         -0.12346218, -0.08102608, -0.10995874, -0.18023862,
         -0.20943384]]], dtype=float32), h_activation=array([[[ 0.7566331 ,  0.86678445,  0.876579  ,  1.1590619 ,
          0.4522693 ,  0.68814313, -0.00902339,  0.8538044 ,
          0.02913611,  0.7585149 ]]], dtype=float32), o_activation=array([[[22.06819   , -0.16423194, -0.09829667, -0.0684431 ,
         -0.08563564, -0.08378637, -0.07823429, -0.07916434,
         -0.07612116, -0.08751891, -0.13224255, -0.16178848,
         -0.12346218, -0.08102608, -0.10995874, -0.18023862,
         -0.20943384]]], dtype=float32), reward=1), transition(observation=array([[1., 0., 0., 0., 0., 0., 0., 0., 0., 0., 0., 0., 0., 0., 0., 0.,
        0., 0., 0., 0., 0., 0., 0., 0., 0., 0., 0., 0., 0., 0., 0., 0.,
        0., 1.]], dtype=float32), activation=array([[[21.337822  , -0.1491693 , -0.10197385, -0.06717525,
         -0.07688909, -0.09120708, -0.08393563, -0.07479876,
         -0.07536136, -0.09905721, -0.1364056 , -0.15782735,
         -0.11842414, -0.08629068, -0.10938227, -0.1589372 ,
         -0.1784776 ]]], dtype=float32), h_activation=array([[[ 1.3947372 ,  1.4963942 ,  1.4212117 ,  1.9371545 ,
          0.90128696,  1.2210518 , -0.00731216,  1.5029242 ,
          0.27260917,  1.3240087 ]]], dtype=float32), o_activation=array([[[21.337822  , -0.1491693 , -0.10197385, -0.06717525,
         -0.07688909, -0.09120708, -0.08393563, -0.07479876,
         -0.07536136, -0.09905721, -0.1364056 , -0.15782735,
         -0.11842414, -0.08629068, -0.10938227, -0.1589372 ,
         -0.1784776 ]]], dtype=float32), reward=1), transition(observation=array([[1., 0., 0., 0., 0., 0., 0., 0., 0., 0., 0., 0., 0., 0., 0., 0.,
        0., 0., 0., 0., 0., 0., 0., 0., 0., 0., 0., 0., 0., 0., 0., 0.,
        0., 1.]], dtype=float32), activation=array([[[20.68046   , -0.13755868, -0.10401591, -0.06871266,
         -0.07417372, -0.09812391, -0.0886594 , -0.07560153,
         -0.07856067, -0.10717329, -0.13592362, -0.1510574 ,
         -0.11374426, -0.09014434, -0.10846997, -0.14474139,
         -0.15768147]]], dtype=float32), h_activation=array([[[ 1.9113798 ,  1.9336143 ,  1.733639  ,  2.4304285 ,
          1.3138043 ,  1.6161711 , -0.00559584,  1.9876068 ,
          0.6261538 ,  1.7347419 ]]], dtype=float32), o_activation=array([[[20.68046   , -0.13755868, -0.10401591, -0.06871266,
         -0.07417372, -0.09812391, -0.0886594 , -0.07560153,
         -0.07856067, -0.10717329, -0.13592362, -0.1510574 ,
         -0.11374426, -0.09014434, -0.10846997, -0.14474139,
         -0.15768147]]], dtype=float32), reward=1), transition(observation=array([[ 9.88221347e-01, -2.61295699e-02,  4.68513742e-02,
         1.01638421e-01,  2.88423598e-01,  2.32857391e-01,
         2.46916488e-01, -1.64635465e-01,  3.33539844e-02,
        -7.77214691e-02,  3.79442185e-01,  5.20048082e-01,
         3.85518074e-01,  8.21874589e-02,  3.24300416e-02,
        -1.79929599e-01,  7.49569833e-02, -1.66745875e-02,
         1.44334063e-01,  2.79887795e-01,  3.99368495e-01,
         2.49588236e-01,  3.92159820e-02,  4.11112467e-03,
        -3.84234004e-02,  4.29788902e-02,  4.97164987e-02,
         2.24177897e-01,  1.77211538e-01,  4.40595858e-03,
         1.18317574e-01,  3.76590975e-02,  1.36012051e-04,
         1.00000000e+00]], dtype=float32), activation=array([[[28.96146   , -0.14580193, -0.14175746, -0.11957166,
         -0.14371634, -0.15801913, -0.13633731, -0.10643036,
         -0.10517547, -0.15822332, -0.22098508, -0.23860565,
         -0.19040258, -0.14353126, -0.13680805, -0.14143398,
         -0.15284015]]], dtype=float32), h_activation=array([[[ 4.4295006 ,  2.6412199 ,  1.076668  ,  3.294806  ,
          1.2816744 ,  2.3687365 , -0.01696798,  2.3301277 ,
          3.2551992 ,  1.8674663 ]]], dtype=float32), o_activation=array([[[28.96146   , -0.14580193, -0.14175746, -0.11957166,
         -0.14371634, -0.15801913, -0.13633731, -0.10643036,
         -0.10517547, -0.15822332, -0.22098508, -0.23860565,
         -0.19040258, -0.14353126, -0.13680805, -0.14143398,
         -0.15284015]]], dtype=float32), reward=1), transition(observation=array([[ 1.0256915 , -0.19134218, -0.04475972,  0.0848809 ,  0.28015643,
         0.04985738, -0.08047788, -0.00472181, -0.01914277,  0.11096474,
         0.25050774,  0.56850225,  0.36246648, -0.01600821, -0.14234744,
        -0.10001611, -0.1306611 ,  0.01103216, -0.00346605,  0.3012686 ,
         0.63476294,  0.45588365, -0.19637051, -0.11942271, -0.07412282,
         0.23176795,  0.10140787,  0.34578767,  0.17108163, -0.12263385,
         0.01066316,  0.05853793,  0.11783922,  1.        ]],
      dtype=float32), activation=array([[[23.926096  , -0.11024929, -0.13000843, -0.09999023,
         -0.09289667, -0.10373117, -0.1107529 , -0.13838714,
         -0.1430381 , -0.15873799, -0.18425125, -0.17371917,
         -0.13720058, -0.13780788, -0.14546826, -0.11776247,
         -0.11110866]]], dtype=float32), h_activation=array([[[ 6.040977  ,  2.467167  , -0.00685275,  4.5508704 ,
          1.2326581 ,  3.822503  , -0.00974279,  1.3783644 ,
          4.694536  ,  2.010292  ]]], dtype=float32), o_activation=array([[[23.926096  , -0.11024929, -0.13000843, -0.09999023,
         -0.09289667, -0.10373117, -0.1107529 , -0.13838714,
         -0.1430381 , -0.15873799, -0.18425125, -0.17371917,
         -0.13720058, -0.13780788, -0.14546826, -0.11776247,
         -0.11110866]]], dtype=float32), reward=1), transition(observation=array([[ 0.9989637 , -0.00891185, -0.30887377,  0.18309873,  0.44439337,
         0.4187911 ,  0.13666733,  0.07387891,  0.14764008,  0.0311312 ,
         0.19867067,  0.15172495,  0.17216325,  0.14303578, -0.01000196,
        -0.04712859, -0.12275349, -0.02679756, -0.04567052,  0.32957274,
         0.4581722 ,  0.35720775,  0.16927427,  0.0042443 , -0.06107193,
         0.10896806,  0.30059025,  0.10460733,  0.16132022,  0.08720248,
        -0.11096538,  0.18488161,  0.00556223,  1.        ]],
      dtype=float32), activation=array([[[24.191269  , -0.13568985, -0.16001506, -0.11959643,
         -0.11948559, -0.15960246, -0.16802463, -0.17335775,
         -0.15038015, -0.12578322, -0.11070358, -0.08348952,
         -0.08103548, -0.14520563, -0.1753805 , -0.14007837,
         -0.12357026]]], dtype=float32), h_activation=array([[[ 6.0620852e+00,  3.7236574e+00, -2.0042860e-03,  4.3422275e+00,
          1.7911077e-01,  3.1083522e+00, -1.2982792e-02,  9.1487736e-01,
          4.1448870e+00,  9.5068705e-01]]], dtype=float32), o_activation=array([[[24.191269  , -0.13568985, -0.16001506, -0.11959643,
         -0.11948559, -0.15960246, -0.16802463, -0.17335775,
         -0.15038015, -0.12578322, -0.11070358, -0.08348952,
         -0.08103548, -0.14520563, -0.1753805 , -0.14007837,
         -0.12357026]]], dtype=float32), reward=1), transition(observation=array([[ 1.1886313 , -0.14555298, -0.12038845,  0.30924302,  0.2329708 ,
         0.3364684 ,  0.02876993,  0.09480182,  0.1379099 ,  0.18277104,
         0.31532174,  0.5049414 ,  0.20916723,  0.0310937 ,  0.03122438,
         0.09315978, -0.01702793,  0.22902332, -0.08461659,  0.32182455,
         0.60891384,  0.26184937, -0.06440192, -0.04408524, -0.02885616,
        -0.05725829,  0.24252018,  0.2753955 ,  0.11763911,  0.11020291,
        -0.00858362,  0.01834901, -0.16952573,  1.        ]],
      dtype=float32), activation=array([[[33.115376  , -0.1811254 , -0.21652669, -0.14505695,
         -0.09777138, -0.1179577 , -0.17520866, -0.21274431,
         -0.1980719 , -0.16714533, -0.18072042, -0.16292305,
         -0.1380855 , -0.18179928, -0.22938718, -0.19304767,
         -0.16129518]]], dtype=float32), h_activation=array([[[ 6.3339963e+00,  3.9700489e+00, -1.3042955e-02,  5.7468009e+00,
          3.6416617e-01,  4.1199574e+00, -4.1895453e-03,  8.9780229e-01,
          5.3152409e+00,  1.0693191e+00]]], dtype=float32), o_activation=array([[[33.115376  , -0.1811254 , -0.21652669, -0.14505695,
         -0.09777138, -0.1179577 , -0.17520866, -0.21274431,
         -0.1980719 , -0.16714533, -0.18072042, -0.16292305,
         -0.1380855 , -0.18179928, -0.22938718, -0.19304767,
         -0.16129518]]], dtype=float32), reward=1), transition(observation=array([[ 0.9469497 ,  0.03604525,  0.19994906,  0.09832465,  0.17590034,
         0.14882873, -0.0209624 ,  0.04033632, -0.11381155,  0.14454842,
         0.31079856,  0.49144793,  0.27775794,  0.06334061,  0.08724424,
        -0.05644604,  0.01773905, -0.05003835, -0.1490693 ,  0.3259226 ,
         0.5587519 ,  0.18158695,  0.07988445, -0.00292636, -0.12876634,
        -0.0760665 ,  0.13323297,  0.36252636,  0.07873464,  0.01835942,
         0.12957408, -0.1358817 ,  0.15304382,  1.        ]],
      dtype=float32), activation=array([[[23.499128  , -0.18050446, -0.22311728, -0.12995508,
         -0.0543379 , -0.07716601, -0.12668398, -0.16027433,
         -0.15586504, -0.12581587, -0.12500964, -0.1049055 ,
         -0.11102491, -0.17767258, -0.20564428, -0.13864875,
         -0.11773086]]], dtype=float32), h_activation=array([[[ 7.3185444e+00,  3.6718557e+00, -6.2471083e-03,  5.7744565e+00,
          1.5822234e+00,  4.1755691e+00, -3.5243381e-03,  1.9191587e+00,
          6.6483102e+00,  2.0940995e+00]]], dtype=float32), o_activation=array([[[23.499128  , -0.18050446, -0.22311728, -0.12995508,
         -0.0543379 , -0.07716601, -0.12668398, -0.16027433,
         -0.15586504, -0.12581587, -0.12500964, -0.1049055 ,
         -0.11102491, -0.17767258, -0.20564428, -0.13864875,
         -0.11773086]]], dtype=float32), reward=1), transition(observation=array([[0., 0., 0., 0., 0., 0., 0., 0., 0., 0., 0., 0., 0., 0., 0., 0.,
        0., 0., 0., 0., 0., 0., 0., 0., 0., 0., 0., 0., 0., 0., 0., 0.,
        0., 1.]], dtype=float32), activation=array([[[-0.12680267, -0.01269544, -0.04578685,  2.801022  ,
          8.376353  ,  3.6220534 ,  0.24245381, -0.05005113,
         -0.05039782,  0.8467678 ,  8.235397  , 12.152739  ,
          7.9942207 , -0.01804873, -0.05084963,  0.8407216 ,
          4.2666154 ]]], dtype=float32), h_activation=array([[[ 5.7743411e+00,  2.7353535e+00, -1.0157644e-04,  4.3688941e+00,
          1.3445385e+00,  3.2083967e+00,  1.1592264e+00,  1.6623099e+00,
          5.8240428e+00,  1.9454380e+00]]], dtype=float32), o_activation=array([[[-0.12680267, -0.01269544, -0.04578685,  2.801022  ,
          8.376353  ,  3.6220534 ,  0.24245381, -0.05005113,
         -0.05039782,  0.8467678 ,  8.235397  , 12.152739  ,
          7.9942207 , -0.01804873, -0.05084963,  0.8407216 ,
          4.2666154 ]]], dtype=float32), reward=1), transition(observation=array([[0., 0., 0., 0., 0., 0., 0., 0., 0., 0., 0., 0., 0., 0., 0., 0.,
        0., 0., 0., 0., 0., 0., 0., 0., 0., 0., 0., 0., 0., 0., 0., 0.,
        0., 1.]], dtype=float32), activation=array([[[-1.0693487e-01, -7.0642852e-03, -2.1537738e-02,  3.2955604e+00,
          6.4263825e+00,  2.2057414e+00, -2.0822613e-02, -6.8194665e-02,
         -5.0426882e-02,  1.0331717e+00,  6.7160668e+00,  9.6429214e+00,
          6.5900311e+00, -1.5874714e-02, -4.1751593e-02,  6.7128801e-01,
          3.0768542e+00]]], dtype=float32), h_activation=array([[[4.4494805 , 2.0749135 , 0.24001911, 3.4868693 , 1.007024  ,
         2.4410849 , 1.6773963 , 1.3843925 , 4.8507357 , 1.7957896 ]]],
      dtype=float32), o_activation=array([[[-1.0693487e-01, -7.0642852e-03, -2.1537738e-02,  3.2955604e+00,
          6.4263825e+00,  2.2057414e+00, -2.0822613e-02, -6.8194665e-02,
         -5.0426882e-02,  1.0331717e+00,  6.7160668e+00,  9.6429214e+00,
          6.5900311e+00, -1.5874714e-02, -4.1751593e-02,  6.7128801e-01,
          3.0768542e+00]]], dtype=float32), reward=1)], success=True), configuration(episode=28, buffer=[transition(observation=array([[1., 0., 0., 0., 0., 0., 0., 0., 0., 0., 0., 0., 0., 0., 0., 0.,
        0., 0., 0., 0., 0., 0., 0., 0., 0., 0., 0., 0., 0., 0., 0., 0.,
        0., 1.]], dtype=float32), activation=array([[[22.06819   , -0.16423194, -0.09829667, -0.0684431 ,
         -0.08563564, -0.08378637, -0.07823429, -0.07916434,
         -0.07612116, -0.08751891, -0.13224255, -0.16178848,
         -0.12346218, -0.08102608, -0.10995874, -0.18023862,
         -0.20943384]]], dtype=float32), h_activation=array([[[ 0.7566331 ,  0.86678445,  0.876579  ,  1.1590619 ,
          0.4522693 ,  0.68814313, -0.00902339,  0.8538044 ,
          0.02913611,  0.7585149 ]]], dtype=float32), o_activation=array([[[22.06819   , -0.16423194, -0.09829667, -0.0684431 ,
         -0.08563564, -0.08378637, -0.07823429, -0.07916434,
         -0.07612116, -0.08751891, -0.13224255, -0.16178848,
         -0.12346218, -0.08102608, -0.10995874, -0.18023862,
         -0.20943384]]], dtype=float32), reward=1), transition(observation=array([[1., 0., 0., 0., 0., 0., 0., 0., 0., 0., 0., 0., 0., 0., 0., 0.,
        0., 0., 0., 0., 0., 0., 0., 0., 0., 0., 0., 0., 0., 0., 0., 0.,
        0., 1.]], dtype=float32), activation=array([[[21.337822  , -0.1491693 , -0.10197385, -0.06717525,
         -0.07688909, -0.09120708, -0.08393563, -0.07479876,
         -0.07536136, -0.09905721, -0.1364056 , -0.15782735,
         -0.11842414, -0.08629068, -0.10938227, -0.1589372 ,
         -0.1784776 ]]], dtype=float32), h_activation=array([[[ 1.3947372 ,  1.4963942 ,  1.4212117 ,  1.9371545 ,
          0.90128696,  1.2210518 , -0.00731216,  1.5029242 ,
          0.27260917,  1.3240087 ]]], dtype=float32), o_activation=array([[[21.337822  , -0.1491693 , -0.10197385, -0.06717525,
         -0.07688909, -0.09120708, -0.08393563, -0.07479876,
         -0.07536136, -0.09905721, -0.1364056 , -0.15782735,
         -0.11842414, -0.08629068, -0.10938227, -0.1589372 ,
         -0.1784776 ]]], dtype=float32), reward=1), transition(observation=array([[1., 0., 0., 0., 0., 0., 0., 0., 0., 0., 0., 0., 0., 0., 0., 0.,
        0., 0., 0., 0., 0., 0., 0., 0., 0., 0., 0., 0., 0., 0., 0., 0.,
        0., 1.]], dtype=float32), activation=array([[[20.68046   , -0.13755868, -0.10401591, -0.06871266,
         -0.07417372, -0.09812391, -0.0886594 , -0.07560153,
         -0.07856067, -0.10717329, -0.13592362, -0.1510574 ,
         -0.11374426, -0.09014434, -0.10846997, -0.14474139,
         -0.15768147]]], dtype=float32), h_activation=array([[[ 1.9113798 ,  1.9336143 ,  1.733639  ,  2.4304285 ,
          1.3138043 ,  1.6161711 , -0.00559584,  1.9876068 ,
          0.6261538 ,  1.7347419 ]]], dtype=float32), o_activation=array([[[20.68046   , -0.13755868, -0.10401591, -0.06871266,
         -0.07417372, -0.09812391, -0.0886594 , -0.07560153,
         -0.07856067, -0.10717329, -0.13592362, -0.1510574 ,
         -0.11374426, -0.09014434, -0.10846997, -0.14474139,
         -0.15768147]]], dtype=float32), reward=1), transition(observation=array([[ 0.77865696, -0.07305951, -0.19003029,  0.04686056, -0.04992869,
         0.05166262, -0.06020245,  0.01843101,  0.26944122,  0.49213213,
         0.33537564,  0.16099168,  0.1619764 ,  0.1120903 , -0.10204066,
        -0.1289111 ,  0.20063074,  0.03830918,  0.12112219, -0.05905036,
        -0.03150203,  0.18949357,  0.09323824,  0.06656443,  0.28505635,
         0.45272255,  0.23313965,  0.18920854,  0.4525089 ,  0.47826365,
         0.19254868, -0.10398115,  0.03509993,  1.        ]],
      dtype=float32), activation=array([[[19.797733  , -0.09908211, -0.08188555, -0.04651681,
         -0.06842846, -0.0879182 , -0.08045945, -0.08401252,
         -0.11598448, -0.16710219, -0.1919545 , -0.18491985,
         -0.1295464 , -0.09194517, -0.09774696, -0.1143366 ,
         -0.1168832 ]]], dtype=float32), h_activation=array([[[ 2.8443675 ,  3.4621851 ,  1.3383535 ,  2.6021833 ,
          3.0358915 ,  3.0050066 ,  0.5481127 , -0.00593127,
          1.4844106 ,  2.2040331 ]]], dtype=float32), o_activation=array([[[19.797733  , -0.09908211, -0.08188555, -0.04651681,
         -0.06842846, -0.0879182 , -0.08045945, -0.08401252,
         -0.11598448, -0.16710219, -0.1919545 , -0.18491985,
         -0.1295464 , -0.09194517, -0.09774696, -0.1143366 ,
         -0.1168832 ]]], dtype=float32), reward=1), transition(observation=array([[ 1.0066925 ,  0.20961024,  0.08797076, -0.06078967,  0.01686746,
         0.02842847,  0.02178719, -0.09147266,  0.31926298,  0.88736504,
         0.29486263,  0.09550665,  0.28753415, -0.01303094, -0.06964502,
         0.00359774,  0.2439904 , -0.07849132,  0.16328678,  0.0504222 ,
        -0.04156695, -0.15679383, -0.13072954,  0.15001188,  0.22738586,
         0.35826936,  0.3149396 ,  0.22527441,  0.36870983,  0.24924515,
         0.10359062,  0.0700454 ,  0.2511233 ,  1.        ]],
      dtype=float32), activation=array([[[30.252739  , -0.17221542, -0.18657297, -0.14572269,
         -0.14024   , -0.16289182, -0.16652226, -0.13839564,
         -0.14216872, -0.1390999 , -0.18511935, -0.20550852,
         -0.14680913, -0.13340433, -0.16853918, -0.19003515,
         -0.1789941 ]]], dtype=float32), h_activation=array([[[ 3.642999  ,  5.884006  ,  0.5745347 ,  1.4554363 ,
          5.2650776 ,  4.404193  ,  2.4383948 , -0.01535666,
          2.0712798 ,  4.378712  ]]], dtype=float32), o_activation=array([[[30.252739  , -0.17221542, -0.18657297, -0.14572269,
         -0.14024   , -0.16289182, -0.16652226, -0.13839564,
         -0.14216872, -0.1390999 , -0.18511935, -0.20550852,
         -0.14680913, -0.13340433, -0.16853918, -0.19003515,
         -0.1789941 ]]], dtype=float32), reward=1), transition(observation=array([[ 1.0828084 , -0.23558135,  0.01968999, -0.00156073, -0.05431868,
        -0.15406603,  0.12579982, -0.04996059,  0.40619043,  0.58427125,
         0.19484344,  0.29345778,  0.13549721,  0.13576429,  0.04811089,
        -0.05541983, -0.00867284,  0.04708069,  0.06313299,  0.01015379,
         0.11854275, -0.14780861,  0.10142371, -0.00815905,  0.36068925,
         0.38865384,  0.3716196 ,  0.20675974,  0.5295013 ,  0.16724293,
         0.14414713,  0.11123061, -0.04807429,  1.        ]],
      dtype=float32), activation=array([[[28.105415  , -0.07486387, -0.14843526, -0.17433257,
         -0.15525116, -0.19261912, -0.25272375, -0.20695575,
         -0.09114654, -0.04188526, -0.1391845 , -0.18723617,
         -0.1302895 , -0.14832902, -0.1771154 , -0.16487837,
         -0.11242665]]], dtype=float32), h_activation=array([[[ 2.884348  ,  4.971789  , -0.00848477,  1.3887701 ,
          6.1948557 ,  5.6579533 ,  2.6592846 , -0.01938638,
          2.5957427 ,  4.1135015 ]]], dtype=float32), o_activation=array([[[28.105415  , -0.07486387, -0.14843526, -0.17433257,
         -0.15525116, -0.19261912, -0.25272375, -0.20695575,
         -0.09114654, -0.04188526, -0.1391845 , -0.18723617,
         -0.1302895 , -0.14832902, -0.1771154 , -0.16487837,
         -0.11242665]]], dtype=float32), reward=1), transition(observation=array([[ 1.08478045e+00, -5.35070598e-02,  5.94909079e-02,
         1.30220145e-01, -9.25488770e-02, -9.96684954e-02,
         1.41582992e-02,  6.22047558e-02,  4.21306670e-01,
         7.83801138e-01,  3.40143621e-01,  2.43151650e-01,
         2.43606523e-01,  3.00081253e-01,  4.15730998e-02,
        -4.95222732e-02,  1.81318186e-02, -7.34737590e-02,
        -5.13683110e-02, -1.58812458e-04, -4.01535146e-02,
         1.18593037e-01,  1.59585401e-01, -1.03836425e-01,
         1.80617869e-01,  3.71248037e-01,  4.44229156e-01,
         1.93344489e-01,  4.07694519e-01,  3.49279821e-01,
         2.18709540e-02, -3.56658585e-02,  1.03830732e-01,
         1.00000000e+00]], dtype=float32), activation=array([[[31.905022  , -0.11615454, -0.18075964, -0.22625545,
         -0.22545113, -0.24575529, -0.2758888 , -0.22020389,
         -0.11658695, -0.07229879, -0.16170849, -0.19837154,
         -0.15622425, -0.1695967 , -0.17193857, -0.17126937,
         -0.15372309]]], dtype=float32), h_activation=array([[[ 2.9752896 ,  4.351838  , -0.00961892,  0.99731743,
          7.8674107 ,  6.2353134 ,  3.306901  , -0.02272867,
          2.6359224 ,  4.450596  ]]], dtype=float32), o_activation=array([[[31.905022  , -0.11615454, -0.18075964, -0.22625545,
         -0.22545113, -0.24575529, -0.2758888 , -0.22020389,
         -0.11658695, -0.07229879, -0.16170849, -0.19837154,
         -0.15622425, -0.1695967 , -0.17193857, -0.17126937,
         -0.15372309]]], dtype=float32), reward=1), transition(observation=array([[ 0.92708707,  0.09796464, -0.06154502,  0.06824623,  0.11367446,
         0.11641521, -0.01061115,  0.09224433,  0.3891265 ,  0.7250153 ,
         0.4178449 ,  0.25756192,  0.25550196,  0.19953391,  0.06355641,
         0.02035281,  0.15494034, -0.00315348,  0.04126673, -0.10575978,
         0.04442808,  0.06794414, -0.06323764,  0.1412362 ,  0.00800915,
         0.20466568,  0.25979045,  0.3602199 ,  0.62284535,  0.11832593,
         0.20322356,  0.09632551,  0.20705386,  1.        ]],
      dtype=float32), activation=array([[[31.23309   , -0.10567987, -0.16621119, -0.23966491,
         -0.28208384, -0.31515202, -0.31723097, -0.22668174,
         -0.10700493, -0.04792878, -0.13622361, -0.18107815,
         -0.1340434 , -0.13714837, -0.1439111 , -0.16290644,
         -0.15841943]]], dtype=float32), h_activation=array([[[ 3.2728083e+00,  5.4590378e+00, -5.0369659e-03,  1.1480532e+00,
          8.5089598e+00,  6.5496454e+00,  3.8128209e+00, -1.8721780e-02,
          2.8626511e+00,  4.6982379e+00]]], dtype=float32), o_activation=array([[[31.23309   , -0.10567987, -0.16621119, -0.23966491,
         -0.28208384, -0.31515202, -0.31723097, -0.22668174,
         -0.10700493, -0.04792878, -0.13622361, -0.18107815,
         -0.1340434 , -0.13714837, -0.1439111 , -0.16290644,
         -0.15841943]]], dtype=float32), reward=1), transition(observation=array([[0., 0., 0., 0., 0., 0., 0., 0., 0., 0., 0., 0., 0., 0., 0., 0.,
        0., 0., 0., 0., 0., 0., 0., 0., 0., 0., 0., 0., 0., 0., 0., 0.,
        0., 1.]], dtype=float32), activation=array([[[-0.0794269 ,  5.7827244 , -0.0309242 , -0.11255013,
         -0.11305385, -0.17511718, -0.19195935, -0.07701844,
         10.095617  , 20.006096  , 11.258314  ,  4.295732  ,
          6.178302  ,  3.5549169 ,  1.9976043 ,  1.7516465 ,
          3.7993207 ]]], dtype=float32), h_activation=array([[[2.223028  , 3.8826687 , 0.17000246, 1.036382  , 6.2271123 ,
         4.7999487 , 3.685902  , 0.05529207, 2.5638812 , 3.717644  ]]],
      dtype=float32), o_activation=array([[[-0.0794269 ,  5.7827244 , -0.0309242 , -0.11255013,
         -0.11305385, -0.17511718, -0.19195935, -0.07701844,
         10.095617  , 20.006096  , 11.258314  ,  4.295732  ,
          6.178302  ,  3.5549169 ,  1.9976043 ,  1.7516465 ,
          3.7993207 ]]], dtype=float32), reward=1), transition(observation=array([[0., 0., 0., 0., 0., 0., 0., 0., 0., 0., 0., 0., 0., 0., 0., 0.,
        0., 0., 0., 0., 0., 0., 0., 0., 0., 0., 0., 0., 0., 0., 0., 0.,
        0., 1.]], dtype=float32), activation=array([[[-7.2313987e-02,  3.8590736e+00, -1.2458601e-02, -6.8395011e-02,
         -7.9712637e-02, -1.3123234e-01, -1.5130812e-01, -6.5104514e-02,
          7.4913216e+00,  1.5030229e+01,  8.0886497e+00,  2.6859431e+00,
          4.3298550e+00,  2.2822070e+00,  1.3198317e+00,  1.4494081e+00,
          2.3777089e+00]]], dtype=float32), h_activation=array([[[1.4510446 , 2.8329756 , 0.51097184, 1.1425639 , 4.450313  ,
         3.5397573 , 3.1995788 , 0.09036618, 2.0797007 , 3.0228746 ]]],
      dtype=float32), o_activation=array([[[-7.2313987e-02,  3.8590736e+00, -1.2458601e-02, -6.8395011e-02,
         -7.9712637e-02, -1.3123234e-01, -1.5130812e-01, -6.5104514e-02,
          7.4913216e+00,  1.5030229e+01,  8.0886497e+00,  2.6859431e+00,
          4.3298550e+00,  2.2822070e+00,  1.3198317e+00,  1.4494081e+00,
          2.3777089e+00]]], dtype=float32), reward=1)], success=True), configuration(episode=29, buffer=[transition(observation=array([[1., 0., 0., 0., 0., 0., 0., 0., 0., 0., 0., 0., 0., 0., 0., 0.,
        0., 0., 0., 0., 0., 0., 0., 0., 0., 0., 0., 0., 0., 0., 0., 0.,
        0., 1.]], dtype=float32), activation=array([[[22.06819   , -0.16423194, -0.09829667, -0.0684431 ,
         -0.08563564, -0.08378637, -0.07823429, -0.07916434,
         -0.07612116, -0.08751891, -0.13224255, -0.16178848,
         -0.12346218, -0.08102608, -0.10995874, -0.18023862,
         -0.20943384]]], dtype=float32), h_activation=array([[[ 0.7566331 ,  0.86678445,  0.876579  ,  1.1590619 ,
          0.4522693 ,  0.68814313, -0.00902339,  0.8538044 ,
          0.02913611,  0.7585149 ]]], dtype=float32), o_activation=array([[[22.06819   , -0.16423194, -0.09829667, -0.0684431 ,
         -0.08563564, -0.08378637, -0.07823429, -0.07916434,
         -0.07612116, -0.08751891, -0.13224255, -0.16178848,
         -0.12346218, -0.08102608, -0.10995874, -0.18023862,
         -0.20943384]]], dtype=float32), reward=1), transition(observation=array([[1., 0., 0., 0., 0., 0., 0., 0., 0., 0., 0., 0., 0., 0., 0., 0.,
        0., 0., 0., 0., 0., 0., 0., 0., 0., 0., 0., 0., 0., 0., 0., 0.,
        0., 1.]], dtype=float32), activation=array([[[21.337822  , -0.1491693 , -0.10197385, -0.06717525,
         -0.07688909, -0.09120708, -0.08393563, -0.07479876,
         -0.07536136, -0.09905721, -0.1364056 , -0.15782735,
         -0.11842414, -0.08629068, -0.10938227, -0.1589372 ,
         -0.1784776 ]]], dtype=float32), h_activation=array([[[ 1.3947372 ,  1.4963942 ,  1.4212117 ,  1.9371545 ,
          0.90128696,  1.2210518 , -0.00731216,  1.5029242 ,
          0.27260917,  1.3240087 ]]], dtype=float32), o_activation=array([[[21.337822  , -0.1491693 , -0.10197385, -0.06717525,
         -0.07688909, -0.09120708, -0.08393563, -0.07479876,
         -0.07536136, -0.09905721, -0.1364056 , -0.15782735,
         -0.11842414, -0.08629068, -0.10938227, -0.1589372 ,
         -0.1784776 ]]], dtype=float32), reward=1), transition(observation=array([[1., 0., 0., 0., 0., 0., 0., 0., 0., 0., 0., 0., 0., 0., 0., 0.,
        0., 0., 0., 0., 0., 0., 0., 0., 0., 0., 0., 0., 0., 0., 0., 0.,
        0., 1.]], dtype=float32), activation=array([[[20.68046   , -0.13755868, -0.10401591, -0.06871266,
         -0.07417372, -0.09812391, -0.0886594 , -0.07560153,
         -0.07856067, -0.10717329, -0.13592362, -0.1510574 ,
         -0.11374426, -0.09014434, -0.10846997, -0.14474139,
         -0.15768147]]], dtype=float32), h_activation=array([[[ 1.9113798 ,  1.9336143 ,  1.733639  ,  2.4304285 ,
          1.3138043 ,  1.6161711 , -0.00559584,  1.9876068 ,
          0.6261538 ,  1.7347419 ]]], dtype=float32), o_activation=array([[[20.68046   , -0.13755868, -0.10401591, -0.06871266,
         -0.07417372, -0.09812391, -0.0886594 , -0.07560153,
         -0.07856067, -0.10717329, -0.13592362, -0.1510574 ,
         -0.11374426, -0.09014434, -0.10846997, -0.14474139,
         -0.15768147]]], dtype=float32), reward=1), transition(observation=array([[ 1.0704024 , -0.10368568,  0.04076209,  0.05166204,  0.05359536,
         0.2119829 ,  0.28629914,  0.0898786 , -0.02276954,  0.30019897,
         0.3580929 ,  0.48824677,  0.38593814,  0.16262482, -0.05296797,
        -0.08898901,  0.0638918 , -0.09290228, -0.09726476,  0.11830053,
        -0.04726321,  0.22267088,  0.40755966,  0.3092827 ,  0.00561387,
         0.02019312,  0.31765804,  0.36877164,  0.2548616 , -0.0259791 ,
        -0.02160219,  0.04022185,  0.12655307,  1.        ]],
      dtype=float32), activation=array([[[32.511536  , -0.1498214 , -0.13747208, -0.11071393,
         -0.14231293, -0.16548456, -0.15171227, -0.1342085 ,
         -0.1428837 , -0.1924524 , -0.24680805, -0.2568616 ,
         -0.20402429, -0.15737915, -0.15026446, -0.15636148,
         -0.1629852 ]]], dtype=float32), h_activation=array([[[ 3.5717077 ,  2.321291  ,  1.3635137 ,  2.9347482 ,
          2.1754365 ,  2.7954412 , -0.01098336,  1.013329  ,
          3.5737886 ,  1.7087357 ]]], dtype=float32), o_activation=array([[[32.511536  , -0.1498214 , -0.13747208, -0.11071393,
         -0.14231293, -0.16548456, -0.15171227, -0.1342085 ,
         -0.1428837 , -0.1924524 , -0.24680805, -0.2568616 ,
         -0.20402429, -0.15737915, -0.15026446, -0.15636148,
         -0.1629852 ]]], dtype=float32), reward=1), transition(observation=array([[ 9.36372638e-01,  1.74831182e-01, -7.36239925e-03,
        -7.21896486e-03,  1.34926468e-01,  2.26408333e-01,
         3.76731306e-01,  9.34284255e-02,  9.71521891e-04,
         4.02951986e-02,  2.62689054e-01,  5.38721025e-01,
         2.96951890e-01, -8.80533084e-02, -1.63754731e-01,
        -5.92155233e-02, -2.95420457e-02, -1.23037025e-02,
        -6.03243373e-02,  1.40414476e-01,  3.15308273e-02,
         3.31921935e-01,  5.07678449e-01,  2.39882737e-01,
         3.10637653e-02,  5.40751405e-02,  2.45322078e-01,
         4.49436426e-01,  2.30039120e-01,  1.78152218e-01,
        -3.03040557e-02, -5.87116964e-02,  1.20270558e-01,
         1.00000000e+00]], dtype=float32), activation=array([[[25.421345  , -0.14086555, -0.15610237, -0.1324167 ,
         -0.14883766, -0.1690013 , -0.14282091, -0.13255125,
         -0.13249475, -0.12930968, -0.15296327, -0.15622947,
         -0.12905681, -0.12152622, -0.13252437, -0.13317609,
         -0.13820145]]], dtype=float32), h_activation=array([[[ 4.3289905 ,  2.6723232 ,  1.3294489 ,  3.1591754 ,
          1.5539576 ,  3.0600832 , -0.01552642,  0.62758374,
          6.5410213 ,  2.7213578 ]]], dtype=float32), o_activation=array([[[25.421345  , -0.14086555, -0.15610237, -0.1324167 ,
         -0.14883766, -0.1690013 , -0.14282091, -0.13255125,
         -0.13249475, -0.12930968, -0.15296327, -0.15622947,
         -0.12905681, -0.12152622, -0.13252437, -0.13317609,
         -0.13820145]]], dtype=float32), reward=1), transition(observation=array([[ 0.88873607, -0.10383923,  0.02919154, -0.03744418,  0.07181622,
         0.3449618 ,  0.46197248,  0.15263751, -0.01443776,  0.10403174,
         0.43168727,  0.41087237,  0.22636025, -0.04417262, -0.0139638 ,
         0.0282545 , -0.15032288, -0.0212334 , -0.04222382,  0.0452422 ,
         0.0194839 ,  0.16014978,  0.40994945,  0.17275299,  0.00241164,
         0.00674981,  0.14347845,  0.40861785,  0.12577495,  0.07634668,
         0.11543328,  0.1583041 , -0.15736656,  1.        ]],
      dtype=float32), activation=array([[[21.23688   , -0.10291836, -0.13629784, -0.13635994,
         -0.15262236, -0.14421812, -0.12034393, -0.13695845,
         -0.14425808, -0.14242443, -0.1376804 , -0.10690553,
         -0.11293115, -0.16849968, -0.17522773, -0.1314275 ,
         -0.10758734]]], dtype=float32), h_activation=array([[[ 3.4919093 ,  2.4932578 ,  0.34551626,  3.101458  ,
          1.4117494 ,  2.772055  , -0.0141183 ,  0.12697822,
          8.977569  ,  1.9244304 ]]], dtype=float32), o_activation=array([[[21.23688   , -0.10291836, -0.13629784, -0.13635994,
         -0.15262236, -0.14421812, -0.12034393, -0.13695845,
         -0.14425808, -0.14242443, -0.1376804 , -0.10690553,
         -0.11293115, -0.16849968, -0.17522773, -0.1314275 ,
         -0.10758734]]], dtype=float32), reward=1), transition(observation=array([[ 0.9897135 , -0.21766832, -0.04958011, -0.06604357, -0.17652556,
         0.19060118,  0.12180538,  0.28066683, -0.00595891, -0.00757076,
         0.15303753,  0.38343424,  0.37650782,  0.19735043,  0.06798558,
         0.08420068,  0.15475151, -0.01733167, -0.03226632, -0.10174583,
        -0.10925052,  0.15804757,  0.43452996,  0.4705542 , -0.15695362,
         0.09034079,  0.30547288,  0.4565803 ,  0.44940317, -0.02760387,
         0.01129854, -0.10228971,  0.13211522,  1.        ]],
      dtype=float32), activation=array([[[19.626425  , -0.14220972, -0.1483467 , -0.14109261,
         -0.14383672, -0.10160972, -0.07646666, -0.14200911,
         -0.1715246 , -0.13666762, -0.09692377, -0.07866457,
         -0.15348622, -0.2338232 , -0.21595661, -0.17475061,
         -0.15787752]]], dtype=float32), h_activation=array([[[ 3.7101772e+00,  1.3148267e+00,  1.2328694e+00,  3.5893540e+00,
          1.6805922e+00,  4.7054229e+00, -4.1844104e-03,  1.1618316e-01,
          9.2769918e+00,  1.1731811e+00]]], dtype=float32), o_activation=array([[[19.626425  , -0.14220972, -0.1483467 , -0.14109261,
         -0.14383672, -0.10160972, -0.07646666, -0.14200911,
         -0.1715246 , -0.13666762, -0.09692377, -0.07866457,
         -0.15348622, -0.2338232 , -0.21595661, -0.17475061,
         -0.15787752]]], dtype=float32), reward=1), transition(observation=array([[ 1.1050539 ,  0.06948593,  0.08580134,  0.10157011,  0.16986763,
         0.24781851,  0.20951083,  0.2114417 ,  0.16960013,  0.10209832,
         0.19010863,  0.47553903,  0.32022217, -0.09974786,  0.02200057,
         0.02027096, -0.06438868,  0.05273798,  0.06141274, -0.00323446,
         0.03510924,  0.05308766,  0.45595163,  0.15723065,  0.13797379,
         0.15659525,  0.20268445,  0.55142385,  0.2385905 , -0.01131915,
         0.0156045 , -0.13557693,  0.13174143,  1.        ]],
      dtype=float32), activation=array([[[26.152775  , -0.19278847, -0.2237028 , -0.22902873,
         -0.23833779, -0.18299694, -0.10978929, -0.15152502,
         -0.20124464, -0.19093724, -0.13968535, -0.0821599 ,
         -0.12948732, -0.20653123, -0.19205804, -0.15598139,
         -0.17612658]]], dtype=float32), h_activation=array([[[ 3.7976494 ,  1.1012746 ,  0.3129735 ,  3.8142447 ,
          1.0438583 ,  4.901976  , -0.01008153,  0.02835378,
          9.559839  ,  2.4024527 ]]], dtype=float32), o_activation=array([[[26.152775  , -0.19278847, -0.2237028 , -0.22902873,
         -0.23833779, -0.18299694, -0.10978929, -0.15152502,
         -0.20124464, -0.19093724, -0.13968535, -0.0821599 ,
         -0.12948732, -0.20653123, -0.19205804, -0.15598139,
         -0.17612658]]], dtype=float32), reward=1), transition(observation=array([[0., 0., 0., 0., 0., 0., 0., 0., 0., 0., 0., 0., 0., 0., 0., 0.,
        0., 0., 0., 0., 0., 0., 0., 0., 0., 0., 0., 0., 0., 0., 0., 0.,
        0., 1.]], dtype=float32), activation=array([[[-1.6090149e-01, -2.8331766e-02, -4.7096822e-02, -4.9152248e-02,
         -3.4969185e-02,  1.1206093e+00,  6.7937689e+00,  2.4262483e+00,
         -1.1987274e-02, -8.2502831e-03,  6.4853969e+00,  1.4747791e+01,
          6.7473779e+00, -7.0976458e-02, -5.7318814e-02,  1.2142835e+00,
          5.1309776e-01]]], dtype=float32), h_activation=array([[[2.9591916 , 0.5721298 , 0.37553805, 2.9028215 , 0.7200486 ,
         3.597881  , 0.7949652 , 0.13101271, 7.623276  , 2.1520152 ]]],
      dtype=float32), o_activation=array([[[-1.6090149e-01, -2.8331766e-02, -4.7096822e-02, -4.9152248e-02,
         -3.4969185e-02,  1.1206093e+00,  6.7937689e+00,  2.4262483e+00,
         -1.1987274e-02, -8.2502831e-03,  6.4853969e+00,  1.4747791e+01,
          6.7473779e+00, -7.0976458e-02, -5.7318814e-02,  1.2142835e+00,
          5.1309776e-01]]], dtype=float32), reward=1), transition(observation=array([[0., 0., 0., 0., 0., 0., 0., 0., 0., 0., 0., 0., 0., 0., 0., 0.,
        0., 0., 0., 0., 0., 0., 0., 0., 0., 0., 0., 0., 0., 0., 0., 0.,
        0., 1.]], dtype=float32), activation=array([[[-1.3216835e-01, -2.2687318e-02, -2.1898087e-02, -1.9794483e-02,
         -2.1791505e-02,  6.2174845e-01,  3.9528022e+00,  4.5301223e-01,
         -1.3353874e-02, -6.2642321e-03,  4.5681596e+00,  1.0855495e+01,
          5.3716679e+00, -5.4342482e-02, -4.7350634e-02,  6.3822079e-01,
         -1.2114000e-03]]], dtype=float32), h_activation=array([[[2.2613707 , 0.3209728 , 0.6269511 , 2.4169548 , 0.39939964,
         2.65574   , 1.0642538 , 0.18236555, 5.9197865 , 1.9564914 ]]],
      dtype=float32), o_activation=array([[[-1.3216835e-01, -2.2687318e-02, -2.1898087e-02, -1.9794483e-02,
         -2.1791505e-02,  6.2174845e-01,  3.9528022e+00,  4.5301223e-01,
         -1.3353874e-02, -6.2642321e-03,  4.5681596e+00,  1.0855495e+01,
          5.3716679e+00, -5.4342482e-02, -4.7350634e-02,  6.3822079e-01,
         -1.2114000e-03]]], dtype=float32), reward=1)], success=True), configuration(episode=30, buffer=[transition(observation=array([[1., 0., 0., 0., 0., 0., 0., 0., 0., 0., 0., 0., 0., 0., 0., 0.,
        0., 0., 0., 0., 0., 0., 0., 0., 0., 0., 0., 0., 0., 0., 0., 0.,
        0., 1.]], dtype=float32), activation=array([[[22.06819   , -0.16423194, -0.09829667, -0.0684431 ,
         -0.08563564, -0.08378637, -0.07823429, -0.07916434,
         -0.07612116, -0.08751891, -0.13224255, -0.16178848,
         -0.12346218, -0.08102608, -0.10995874, -0.18023862,
         -0.20943384]]], dtype=float32), h_activation=array([[[ 0.7566331 ,  0.86678445,  0.876579  ,  1.1590619 ,
          0.4522693 ,  0.68814313, -0.00902339,  0.8538044 ,
          0.02913611,  0.7585149 ]]], dtype=float32), o_activation=array([[[22.06819   , -0.16423194, -0.09829667, -0.0684431 ,
         -0.08563564, -0.08378637, -0.07823429, -0.07916434,
         -0.07612116, -0.08751891, -0.13224255, -0.16178848,
         -0.12346218, -0.08102608, -0.10995874, -0.18023862,
         -0.20943384]]], dtype=float32), reward=1), transition(observation=array([[1., 0., 0., 0., 0., 0., 0., 0., 0., 0., 0., 0., 0., 0., 0., 0.,
        0., 0., 0., 0., 0., 0., 0., 0., 0., 0., 0., 0., 0., 0., 0., 0.,
        0., 1.]], dtype=float32), activation=array([[[21.337822  , -0.1491693 , -0.10197385, -0.06717525,
         -0.07688909, -0.09120708, -0.08393563, -0.07479876,
         -0.07536136, -0.09905721, -0.1364056 , -0.15782735,
         -0.11842414, -0.08629068, -0.10938227, -0.1589372 ,
         -0.1784776 ]]], dtype=float32), h_activation=array([[[ 1.3947372 ,  1.4963942 ,  1.4212117 ,  1.9371545 ,
          0.90128696,  1.2210518 , -0.00731216,  1.5029242 ,
          0.27260917,  1.3240087 ]]], dtype=float32), o_activation=array([[[21.337822  , -0.1491693 , -0.10197385, -0.06717525,
         -0.07688909, -0.09120708, -0.08393563, -0.07479876,
         -0.07536136, -0.09905721, -0.1364056 , -0.15782735,
         -0.11842414, -0.08629068, -0.10938227, -0.1589372 ,
         -0.1784776 ]]], dtype=float32), reward=1), transition(observation=array([[1., 0., 0., 0., 0., 0., 0., 0., 0., 0., 0., 0., 0., 0., 0., 0.,
        0., 0., 0., 0., 0., 0., 0., 0., 0., 0., 0., 0., 0., 0., 0., 0.,
        0., 1.]], dtype=float32), activation=array([[[20.68046   , -0.13755868, -0.10401591, -0.06871266,
         -0.07417372, -0.09812391, -0.0886594 , -0.07560153,
         -0.07856067, -0.10717329, -0.13592362, -0.1510574 ,
         -0.11374426, -0.09014434, -0.10846997, -0.14474139,
         -0.15768147]]], dtype=float32), h_activation=array([[[ 1.9113798 ,  1.9336143 ,  1.733639  ,  2.4304285 ,
          1.3138043 ,  1.6161711 , -0.00559584,  1.9876068 ,
          0.6261538 ,  1.7347419 ]]], dtype=float32), o_activation=array([[[20.68046   , -0.13755868, -0.10401591, -0.06871266,
         -0.07417372, -0.09812391, -0.0886594 , -0.07560153,
         -0.07856067, -0.10717329, -0.13592362, -0.1510574 ,
         -0.11374426, -0.09014434, -0.10846997, -0.14474139,
         -0.15768147]]], dtype=float32), reward=1), transition(observation=array([[ 8.8958097e-01,  1.4438915e-01, -1.1528627e-01, -3.8604343e-05,
         5.7285082e-02,  1.6957845e-01,  1.4375387e-01,  7.7087171e-02,
         3.5132241e-01,  4.7142610e-01,  1.9449088e-01,  4.1221518e-02,
        -1.4627361e-01,  2.2490104e-01,  4.3806988e-01,  3.9259344e-01,
         2.2170822e-01,  2.7214680e-02, -5.3771485e-02,  2.1817073e-02,
         1.5951797e-01, -8.7551363e-02,  2.5886120e-02,  1.9980715e-01,
         5.2123591e-02,  3.2155034e-01,  1.1992962e-01, -4.9333226e-02,
         1.4945844e-01,  2.1232748e-01,  2.2600469e-01,  3.4657955e-01,
         2.4826279e-01,  1.0000000e+00]], dtype=float32), activation=array([[[28.548302  , -0.16637966, -0.12492508, -0.08581813,
         -0.12087217, -0.14047946, -0.1295553 , -0.1313863 ,
         -0.16659382, -0.20351659, -0.19434921, -0.18025054,
         -0.15565436, -0.15075131, -0.17539184, -0.2134732 ,
         -0.2065605 ]]], dtype=float32), h_activation=array([[[0.95318216, 4.5135174 , 1.7705319 , 2.7876763 , 3.6720166 ,
         3.0551195 , 0.94531065, 2.350318  , 0.76353145, 1.5396758 ]]],
      dtype=float32), o_activation=array([[[28.548302  , -0.16637966, -0.12492508, -0.08581813,
         -0.12087217, -0.14047946, -0.1295553 , -0.1313863 ,
         -0.16659382, -0.20351659, -0.19434921, -0.18025054,
         -0.15565436, -0.15075131, -0.17539184, -0.2134732 ,
         -0.2065605 ]]], dtype=float32), reward=1), transition(observation=array([[ 1.0501751e+00,  5.7276074e-02,  3.9580140e-02,  7.5245984e-02,
        -7.1499767e-03, -9.7201727e-03, -1.1247032e-01,  1.8042353e-01,
         1.6546288e-01,  2.6418272e-01,  2.5384229e-01,  8.0784604e-02,
         1.3514351e-02, -1.7058785e-01,  1.9842403e-01,  2.9417360e-01,
         3.3029041e-01,  2.5133899e-01, -5.7979669e-02, -1.4696763e-01,
        -7.1594776e-03,  5.6377361e-03, -5.8624059e-02,  2.2654774e-02,
         2.0008294e-01,  2.2510530e-01,  2.8089514e-01, -5.1432132e-04,
         5.0746690e-02,  2.3850991e-01,  3.6242512e-01,  6.4113706e-01,
         2.1609473e-01,  1.0000000e+00]], dtype=float32), activation=array([[[28.073196  , -0.17062442, -0.17084546, -0.15883689,
         -0.1485431 , -0.1573109 , -0.1549655 , -0.13670109,
         -0.13051961, -0.13693747, -0.16248384, -0.19443895,
         -0.17113474, -0.12569728, -0.11979377, -0.17105862,
         -0.19166306]]], dtype=float32), h_activation=array([[[1.0769789, 4.9981513, 1.5621712, 4.692216 , 4.7081513,
         4.2885685, 2.219572 , 2.555655 , 1.9837798, 2.600984 ]]],
      dtype=float32), o_activation=array([[[28.073196  , -0.17062442, -0.17084546, -0.15883689,
         -0.1485431 , -0.1573109 , -0.1549655 , -0.13670109,
         -0.13051961, -0.13693747, -0.16248384, -0.19443895,
         -0.17113474, -0.12569728, -0.11979377, -0.17105862,
         -0.19166306]]], dtype=float32), reward=1), transition(observation=array([[ 1.1142561 ,  0.11619176, -0.050215  , -0.06035508,  0.05043731,
         0.08032089, -0.02030906,  0.04614521,  0.52011263,  0.34776703,
         0.13618526,  0.3204053 , -0.08441256,  0.02009768,  0.20846461,
         0.53562796,  0.28630972,  0.08343478,  0.15279154, -0.0666037 ,
        -0.04922411,  0.08329064,  0.00276411, -0.14900354,  0.26101068,
         0.33259547,  0.3224252 ,  0.04995809, -0.1309519 ,  0.14149669,
         0.2781813 ,  0.45905873,  0.28936464,  1.        ]],
      dtype=float32), activation=array([[[32.889523  , -0.17752285, -0.18523094, -0.17360641,
         -0.1869692 , -0.22440353, -0.22844267, -0.17952177,
         -0.15673374, -0.15274894, -0.1607444 , -0.19523191,
         -0.20267084, -0.19364318, -0.15345985, -0.16706811,
         -0.1914445 ]]], dtype=float32), h_activation=array([[[0.59381753, 6.1916065 , 0.70239395, 5.581381  , 5.462224  ,
         6.85101   , 3.300653  , 2.4434156 , 2.7379842 , 3.7502704 ]]],
      dtype=float32), o_activation=array([[[32.889523  , -0.17752285, -0.18523094, -0.17360641,
         -0.1869692 , -0.22440353, -0.22844267, -0.17952177,
         -0.15673374, -0.15274894, -0.1607444 , -0.19523191,
         -0.20267084, -0.19364318, -0.15345985, -0.16706811,
         -0.1914445 ]]], dtype=float32), reward=1), transition(observation=array([[ 1.1132401e+00,  5.4856230e-02,  6.5943830e-02, -3.5797351e-05,
         5.5320881e-02, -3.4369342e-02, -1.4086930e-01,  8.2054093e-02,
         3.0854890e-01,  3.2461163e-01,  2.3999067e-01,  3.0676171e-02,
        -1.1837233e-01, -1.6653080e-01,  3.2836741e-01,  4.4100979e-01,
         2.6702484e-01, -7.0145421e-02,  6.3057311e-02,  1.5349343e-01,
         3.1281144e-03,  5.1092964e-02, -1.2324215e-04,  3.6521021e-02,
         1.0481259e-01,  1.6230099e-01,  2.6222590e-01, -8.5511610e-02,
         1.5503120e-01,  9.2797868e-02,  2.5799078e-01,  6.1717522e-01,
         3.9349613e-01,  1.0000000e+00]], dtype=float32), activation=array([[[27.597008  , -0.17089775, -0.20437698, -0.22173896,
         -0.20022355, -0.23226134, -0.24894343, -0.16901384,
         -0.09255224, -0.09008409, -0.1125553 , -0.13625425,
         -0.166546  , -0.20790802, -0.1346754 , -0.11214136,
         -0.15923837]]], dtype=float32), h_activation=array([[[-5.6521979e-04,  6.4599328e+00, -6.3232600e-04,  6.6090102e+00,
          6.3844218e+00,  7.4069219e+00,  4.5970788e+00,  2.9275074e+00,
          2.9870632e+00,  4.3856091e+00]]], dtype=float32), o_activation=array([[[27.597008  , -0.17089775, -0.20437698, -0.22173896,
         -0.20022355, -0.23226134, -0.24894343, -0.16901384,
         -0.09255224, -0.09008409, -0.1125553 , -0.13625425,
         -0.166546  , -0.20790802, -0.1346754 , -0.11214136,
         -0.15923837]]], dtype=float32), reward=1), transition(observation=array([[ 0.88407874, -0.02051747,  0.07129478, -0.07325826,  0.22392307,
         0.05473161,  0.08096547, -0.06171471,  0.12159741,  0.43612567,
         0.09149514,  0.03494809, -0.10300979,  0.20138122,  0.3848879 ,
         0.32952452,  0.22909027,  0.04912127,  0.00665194, -0.15402588,
        -0.18774495, -0.08334322, -0.0343487 ,  0.10206525,  0.05351171,
         0.27604938,  0.09714825,  0.00512293,  0.12578052, -0.03547313,
         0.28415054,  0.50574005,  0.3538571 ,  1.        ]],
      dtype=float32), activation=array([[[22.035614  , -0.132452  , -0.16842072, -0.20306724,
         -0.20463558, -0.26474324, -0.28559038, -0.16647215,
         -0.04897582, -0.03456283, -0.0619936 , -0.10980665,
         -0.1725195 , -0.22045761, -0.10671528, -0.05200081,
         -0.10690151]]], dtype=float32), h_activation=array([[[-1.4694714e-03,  6.7622013e+00, -8.2434237e-04,  5.8909817e+00,
          6.7798405e+00,  6.8696518e+00,  5.2720866e+00,  3.5455697e+00,
          2.4753513e+00,  3.1846495e+00]]], dtype=float32), o_activation=array([[[22.035614  , -0.132452  , -0.16842072, -0.20306724,
         -0.20463558, -0.26474324, -0.28559038, -0.16647215,
         -0.04897582, -0.03456283, -0.0619936 , -0.10980665,
         -0.1725195 , -0.22045761, -0.10671528, -0.05200081,
         -0.10690151]]], dtype=float32), reward=1), transition(observation=array([[0., 0., 0., 0., 0., 0., 0., 0., 0., 0., 0., 0., 0., 0., 0., 0.,
        0., 0., 0., 0., 0., 0., 0., 0., 0., 0., 0., 0., 0., 0., 0., 0.,
        0., 1.]], dtype=float32), activation=array([[[-0.09570391,  2.491806  , -0.03509181, -0.07220923,
         -0.04604798, -0.12919667, -0.1759353 , -0.0717786 ,
          7.470317  , 12.723311  ,  9.317944  ,  2.1357799 ,
         -0.02669443, -0.02385494,  9.121174  , 14.648966  ,
          8.288237  ]]], dtype=float32), h_activation=array([[[-3.1858922e-03,  4.6816964e+00,  2.4414632e-01,  4.7720594e+00,
          4.8773379e+00,  5.0359406e+00,  4.6022587e+00,  2.5211368e+00,
          2.4065559e+00,  2.6485174e+00]]], dtype=float32), o_activation=array([[[-0.09570391,  2.491806  , -0.03509181, -0.07220923,
         -0.04604798, -0.12919667, -0.1759353 , -0.0717786 ,
          7.470317  , 12.723311  ,  9.317944  ,  2.1357799 ,
         -0.02669443, -0.02385494,  9.121174  , 14.648966  ,
          8.288237  ]]], dtype=float32), reward=0), transition(observation=array([[0., 0., 0., 0., 0., 0., 0., 0., 0., 0., 0., 0., 0., 0., 0., 0.,
        0., 0., 0., 0., 0., 0., 0., 0., 0., 0., 0., 0., 0., 0., 0., 0.,
        0., 1.]], dtype=float32), activation=array([[[-0.08583721,  1.1527014 , -0.01742632, -0.03479404,
         -0.02816556, -0.09846254, -0.1354102 , -0.05349496,
          5.7177305 ,  9.583613  ,  6.8392806 ,  1.452642  ,
         -0.01948758, -0.02310221,  6.0423164 , 10.777161  ,
          5.784611  ]]], dtype=float32), h_activation=array([[[-2.5295943e-03,  3.3092418e+00,  6.1232674e-01,  4.0767317e+00,
          3.4130616e+00,  3.7272503e+00,  3.7521758e+00,  1.8010445e+00,
          2.0737419e+00,  2.2853980e+00]]], dtype=float32), o_activation=array([[[-0.08583721,  1.1527014 , -0.01742632, -0.03479404,
         -0.02816556, -0.09846254, -0.1354102 , -0.05349496,
          5.7177305 ,  9.583613  ,  6.8392806 ,  1.452642  ,
         -0.01948758, -0.02310221,  6.0423164 , 10.777161  ,
          5.784611  ]]], dtype=float32), reward=0)], success=False), configuration(episode=31, buffer=[transition(observation=array([[1., 0., 0., 0., 0., 0., 0., 0., 0., 0., 0., 0., 0., 0., 0., 0.,
        0., 0., 0., 0., 0., 0., 0., 0., 0., 0., 0., 0., 0., 0., 0., 0.,
        0., 1.]], dtype=float32), activation=array([[[22.06819   , -0.16423194, -0.09829667, -0.0684431 ,
         -0.08563564, -0.08378637, -0.07823429, -0.07916434,
         -0.07612116, -0.08751891, -0.13224255, -0.16178848,
         -0.12346218, -0.08102608, -0.10995874, -0.18023862,
         -0.20943384]]], dtype=float32), h_activation=array([[[ 0.7566331 ,  0.86678445,  0.876579  ,  1.1590619 ,
          0.4522693 ,  0.68814313, -0.00902339,  0.8538044 ,
          0.02913611,  0.7585149 ]]], dtype=float32), o_activation=array([[[22.06819   , -0.16423194, -0.09829667, -0.0684431 ,
         -0.08563564, -0.08378637, -0.07823429, -0.07916434,
         -0.07612116, -0.08751891, -0.13224255, -0.16178848,
         -0.12346218, -0.08102608, -0.10995874, -0.18023862,
         -0.20943384]]], dtype=float32), reward=1), transition(observation=array([[1., 0., 0., 0., 0., 0., 0., 0., 0., 0., 0., 0., 0., 0., 0., 0.,
        0., 0., 0., 0., 0., 0., 0., 0., 0., 0., 0., 0., 0., 0., 0., 0.,
        0., 1.]], dtype=float32), activation=array([[[21.337822  , -0.1491693 , -0.10197385, -0.06717525,
         -0.07688909, -0.09120708, -0.08393563, -0.07479876,
         -0.07536136, -0.09905721, -0.1364056 , -0.15782735,
         -0.11842414, -0.08629068, -0.10938227, -0.1589372 ,
         -0.1784776 ]]], dtype=float32), h_activation=array([[[ 1.3947372 ,  1.4963942 ,  1.4212117 ,  1.9371545 ,
          0.90128696,  1.2210518 , -0.00731216,  1.5029242 ,
          0.27260917,  1.3240087 ]]], dtype=float32), o_activation=array([[[21.337822  , -0.1491693 , -0.10197385, -0.06717525,
         -0.07688909, -0.09120708, -0.08393563, -0.07479876,
         -0.07536136, -0.09905721, -0.1364056 , -0.15782735,
         -0.11842414, -0.08629068, -0.10938227, -0.1589372 ,
         -0.1784776 ]]], dtype=float32), reward=1), transition(observation=array([[1., 0., 0., 0., 0., 0., 0., 0., 0., 0., 0., 0., 0., 0., 0., 0.,
        0., 0., 0., 0., 0., 0., 0., 0., 0., 0., 0., 0., 0., 0., 0., 0.,
        0., 1.]], dtype=float32), activation=array([[[20.68046   , -0.13755868, -0.10401591, -0.06871266,
         -0.07417372, -0.09812391, -0.0886594 , -0.07560153,
         -0.07856067, -0.10717329, -0.13592362, -0.1510574 ,
         -0.11374426, -0.09014434, -0.10846997, -0.14474139,
         -0.15768147]]], dtype=float32), h_activation=array([[[ 1.9113798 ,  1.9336143 ,  1.733639  ,  2.4304285 ,
          1.3138043 ,  1.6161711 , -0.00559584,  1.9876068 ,
          0.6261538 ,  1.7347419 ]]], dtype=float32), o_activation=array([[[20.68046   , -0.13755868, -0.10401591, -0.06871266,
         -0.07417372, -0.09812391, -0.0886594 , -0.07560153,
         -0.07856067, -0.10717329, -0.13592362, -0.1510574 ,
         -0.11374426, -0.09014434, -0.10846997, -0.14474139,
         -0.15768147]]], dtype=float32), reward=1), transition(observation=array([[ 1.0512755 ,  0.15491779,  0.24995136,  0.42500874,  0.13186817,
         0.11514836,  0.09301575,  0.25904122,  0.20322503,  0.24052928,
         0.02728116, -0.08927909,  0.06325476,  0.05855903,  0.05064431,
        -0.09976491, -0.03245564,  0.05897502,  0.1546473 ,  0.14674075,
         0.04116985,  0.08283074,  0.09481432,  0.3824147 ,  0.5102771 ,
         0.3074186 ,  0.15581116, -0.03459942,  0.09054349, -0.12540914,
         0.02702622, -0.08274443, -0.13652976,  1.        ]],
      dtype=float32), activation=array([[[28.62653   , -0.1882439 , -0.16988093, -0.13765123,
         -0.13674235, -0.15570363, -0.14148189, -0.13551795,
         -0.1484706 , -0.16092113, -0.16903873, -0.17239729,
         -0.14205444, -0.12043086, -0.12502366, -0.161814  ,
         -0.18978149]]], dtype=float32), h_activation=array([[[ 2.107975  ,  1.4379479 ,  1.6445208 ,  2.3854094 ,
          1.4727614 ,  0.20990315, -0.00405054,  1.7200558 ,
          0.10495448,  3.1414907 ]]], dtype=float32), o_activation=array([[[28.62653   , -0.1882439 , -0.16988093, -0.13765123,
         -0.13674235, -0.15570363, -0.14148189, -0.13551795,
         -0.1484706 , -0.16092113, -0.16903873, -0.17239729,
         -0.14205444, -0.12043086, -0.12502366, -0.161814  ,
         -0.18978149]]], dtype=float32), reward=1), transition(observation=array([[ 1.0349466 , -0.01036882,  0.10198251,  0.4900355 ,  0.32878172,
         0.12022813,  0.08413536,  0.14558497,  0.3156621 ,  0.35451958,
         0.07082269,  0.00730196,  0.1375144 ,  0.03707471,  0.07852683,
        -0.23390947, -0.10871138, -0.17914577,  0.14203025,  0.308556  ,
         0.04592116,  0.07117344,  0.11076884,  0.23296592,  0.53196764,
         0.13485348,  0.12740807,  0.02819495,  0.04775254, -0.02109258,
        -0.07271875, -0.1254806 ,  0.06760427,  1.        ]],
      dtype=float32), activation=array([[[29.011242  , -0.14713079, -0.12284825, -0.09770888,
         -0.13410795, -0.17329475, -0.152523  , -0.12220186,
         -0.13258363, -0.158775  , -0.18571495, -0.20201938,
         -0.16009863, -0.13642986, -0.13847655, -0.16059189,
         -0.165037  ]]], dtype=float32), h_activation=array([[[ 2.6534510e+00,  1.4737613e+00,  3.4186995e-01,  2.5770102e+00,
          1.2139444e+00, -3.2614598e-03, -8.7623503e-03,  6.2716126e-01,
         -8.2021393e-03,  3.5797956e+00]]], dtype=float32), o_activation=array([[[29.011242  , -0.14713079, -0.12284825, -0.09770888,
         -0.13410795, -0.17329475, -0.152523  , -0.12220186,
         -0.13258363, -0.158775  , -0.18571495, -0.20201938,
         -0.16009863, -0.13642986, -0.13847655, -0.16059189,
         -0.165037  ]]], dtype=float32), reward=1), transition(observation=array([[ 1.055988  , -0.00653957,  0.24237378,  0.4798559 ,  0.36817604,
        -0.01025583,  0.14721338,  0.20842537,  0.2211206 ,  0.16206372,
        -0.08763237, -0.12543131, -0.1391768 ,  0.10973861,  0.05041935,
        -0.08357461, -0.0260099 , -0.12957096,  0.1710258 ,  0.30138838,
         0.39989743,  0.12818907, -0.12381992,  0.31442258,  0.41602004,
         0.3720331 , -0.08835752,  0.07072087,  0.02454201,  0.01339649,
        -0.04418155, -0.2060257 ,  0.12197372,  1.        ]],
      dtype=float32), activation=array([[[28.043255  , -0.1754081 , -0.13279508, -0.08697725,
         -0.10849927, -0.16807252, -0.17204802, -0.12607887,
         -0.10417081, -0.09262801, -0.11965122, -0.15386686,
         -0.12832761, -0.14016412, -0.16446427, -0.19092166,
         -0.19746032]]], dtype=float32), h_activation=array([[[ 2.511245  ,  0.98170364,  0.5153327 ,  3.3839202 ,
          0.7368086 , -0.01497698, -0.00638998,  1.0937223 ,
         -0.01312509,  3.879156  ]]], dtype=float32), o_activation=array([[[28.043255  , -0.1754081 , -0.13279508, -0.08697725,
         -0.10849927, -0.16807252, -0.17204802, -0.12607887,
         -0.10417081, -0.09262801, -0.11965122, -0.15386686,
         -0.12832761, -0.14016412, -0.16446427, -0.19092166,
         -0.19746032]]], dtype=float32), reward=1), transition(observation=array([[ 1.2546089e+00,  9.1534004e-02,  2.7304986e-01,  3.4511858e-01,
         1.7432615e-01,  6.5258004e-02,  2.5077337e-01,  1.8114951e-01,
         3.2331520e-01,  3.0015966e-01, -3.0506492e-02, -5.8501601e-02,
         9.8161928e-02, -1.5294074e-01,  4.6371419e-02,  9.4693922e-02,
         1.1856310e-01,  6.8526517e-04,  7.1390137e-02,  3.0771598e-01,
         3.0343822e-01, -1.9342083e-02,  2.0621429e-01,  1.8139386e-01,
         4.5965180e-01,  3.3423144e-01, -1.0355896e-02,  3.1771444e-02,
        -1.3646403e-03, -1.1589577e-01,  7.4172027e-02,  3.9628018e-02,
         4.4153403e-02,  1.0000000e+00]], dtype=float32), activation=array([[[37.13308   , -0.22527812, -0.15183021, -0.08758214,
         -0.12914334, -0.1986206 , -0.20269997, -0.15960224,
         -0.16022484, -0.16729829, -0.18096334, -0.19682321,
         -0.17321931, -0.19060741, -0.20009759, -0.22430712,
         -0.24735846]]], dtype=float32), h_activation=array([[[2.0998197 , 1.3768065 , 0.52908325, 3.7099051 , 0.69019854,
         0.28326148, 0.338165  , 1.2756219 , 0.16602615, 5.206475  ]]],
      dtype=float32), o_activation=array([[[37.13308   , -0.22527812, -0.15183021, -0.08758214,
         -0.12914334, -0.1986206 , -0.20269997, -0.15960224,
         -0.16022484, -0.16729829, -0.18096334, -0.19682321,
         -0.17321931, -0.19060741, -0.20009759, -0.22430712,
         -0.24735846]]], dtype=float32), reward=1), transition(observation=array([[ 1.0284852 ,  0.00451419,  0.21098477,  0.330668  ,  0.3843809 ,
         0.02357169,  0.01226322,  0.2984132 ,  0.34861407,  0.3621386 ,
         0.25696748,  0.09178724, -0.05893533,  0.00304192, -0.01498626,
        -0.08500905, -0.11864907,  0.04683124,  0.02645578,  0.23918347,
         0.08031131, -0.2198706 , -0.04920682,  0.2880193 ,  0.4984948 ,
         0.21324794,  0.05510935,  0.0117724 , -0.24252513,  0.05240483,
        -0.03410997,  0.01599735,  0.01163549,  1.        ]],
      dtype=float32), activation=array([[[29.11882   , -0.15225838, -0.1038121 , -0.06445592,
         -0.10483445, -0.16695487, -0.1762821 , -0.11905132,
         -0.11216906, -0.15358701, -0.18806146, -0.19244738,
         -0.16358316, -0.1910477 , -0.16992623, -0.15144916,
         -0.16724095]]], dtype=float32), h_activation=array([[[ 2.1112263e+00,  1.6732993e+00, -5.7669524e-03,  4.6772451e+00,
          1.3624902e+00, -2.6136138e-03, -7.2480738e-03,  9.0749234e-02,
         -2.7621744e-04,  5.6980233e+00]]], dtype=float32), o_activation=array([[[29.11882   , -0.15225838, -0.1038121 , -0.06445592,
         -0.10483445, -0.16695487, -0.1762821 , -0.11905132,
         -0.11216906, -0.15358701, -0.18806146, -0.19244738,
         -0.16358316, -0.1910477 , -0.16992623, -0.15144916,
         -0.16724095]]], dtype=float32), reward=1), transition(observation=array([[0., 0., 0., 0., 0., 0., 0., 0., 0., 0., 0., 0., 0., 0., 0., 0.,
        0., 0., 0., 0., 0., 0., 0., 0., 0., 0., 0., 0., 0., 0., 0., 0.,
        0., 1.]], dtype=float32), activation=array([[[-8.2595259e-02, -3.4683917e-03,  5.4025135e+00,  1.2393022e+01,
          8.5906401e+00, -2.4676986e-02, -2.8066393e-02,  8.0420504e+00,
          1.0717512e+01,  7.4860559e+00,  2.1965418e+00, -2.3222152e-02,
         -2.6649959e-02, -6.9423176e-02, -5.7733946e-02, -1.1221468e-02,
          2.6211119e-01]]], dtype=float32), h_activation=array([[[ 1.9883757e+00,  1.6970003e+00,  3.2203704e-01,  4.1196032e+00,
          1.1770355e+00,  4.7223166e-01, -1.3683822e-03,  4.2862034e-01,
          4.0513095e-01,  4.8282781e+00]]], dtype=float32), o_activation=array([[[-8.2595259e-02, -3.4683917e-03,  5.4025135e+00,  1.2393022e+01,
          8.5906401e+00, -2.4676986e-02, -2.8066393e-02,  8.0420504e+00,
          1.0717512e+01,  7.4860559e+00,  2.1965418e+00, -2.3222152e-02,
         -2.6649959e-02, -6.9423176e-02, -5.7733946e-02, -1.1221468e-02,
          2.6211119e-01]]], dtype=float32), reward=1), transition(observation=array([[0., 0., 0., 0., 0., 0., 0., 0., 0., 0., 0., 0., 0., 0., 0., 0.,
        0., 0., 0., 0., 0., 0., 0., 0., 0., 0., 0., 0., 0., 0., 0., 0.,
        0., 1.]], dtype=float32), activation=array([[[-8.54097456e-02, -4.58863238e-03,  4.19753981e+00,
          1.01285477e+01,  7.42359400e+00, -1.29864495e-02,
         -1.32927392e-02,  7.02239513e+00,  8.93316269e+00,
          5.51147604e+00,  1.14995003e+00, -1.84124820e-02,
         -1.76820867e-02, -5.39510846e-02, -4.54679318e-02,
         -6.95732329e-03,  2.11289406e-01]]], dtype=float32), h_activation=array([[[ 1.8665314e+00,  1.6800768e+00,  5.7039922e-01,  3.6709514e+00,
          1.0131099e+00,  7.7231157e-01, -9.1301173e-04,  6.5325499e-01,
          6.8674695e-01,  4.1409597e+00]]], dtype=float32), o_activation=array([[[-8.54097456e-02, -4.58863238e-03,  4.19753981e+00,
          1.01285477e+01,  7.42359400e+00, -1.29864495e-02,
         -1.32927392e-02,  7.02239513e+00,  8.93316269e+00,
          5.51147604e+00,  1.14995003e+00, -1.84124820e-02,
         -1.76820867e-02, -5.39510846e-02, -4.54679318e-02,
         -6.95732329e-03,  2.11289406e-01]]], dtype=float32), reward=1)], success=True), configuration(episode=32, buffer=[transition(observation=array([[1., 0., 0., 0., 0., 0., 0., 0., 0., 0., 0., 0., 0., 0., 0., 0.,
        0., 0., 0., 0., 0., 0., 0., 0., 0., 0., 0., 0., 0., 0., 0., 0.,
        0., 1.]], dtype=float32), activation=array([[[22.06819   , -0.16423194, -0.09829667, -0.0684431 ,
         -0.08563564, -0.08378637, -0.07823429, -0.07916434,
         -0.07612116, -0.08751891, -0.13224255, -0.16178848,
         -0.12346218, -0.08102608, -0.10995874, -0.18023862,
         -0.20943384]]], dtype=float32), h_activation=array([[[ 0.7566331 ,  0.86678445,  0.876579  ,  1.1590619 ,
          0.4522693 ,  0.68814313, -0.00902339,  0.8538044 ,
          0.02913611,  0.7585149 ]]], dtype=float32), o_activation=array([[[22.06819   , -0.16423194, -0.09829667, -0.0684431 ,
         -0.08563564, -0.08378637, -0.07823429, -0.07916434,
         -0.07612116, -0.08751891, -0.13224255, -0.16178848,
         -0.12346218, -0.08102608, -0.10995874, -0.18023862,
         -0.20943384]]], dtype=float32), reward=1), transition(observation=array([[1., 0., 0., 0., 0., 0., 0., 0., 0., 0., 0., 0., 0., 0., 0., 0.,
        0., 0., 0., 0., 0., 0., 0., 0., 0., 0., 0., 0., 0., 0., 0., 0.,
        0., 1.]], dtype=float32), activation=array([[[21.337822  , -0.1491693 , -0.10197385, -0.06717525,
         -0.07688909, -0.09120708, -0.08393563, -0.07479876,
         -0.07536136, -0.09905721, -0.1364056 , -0.15782735,
         -0.11842414, -0.08629068, -0.10938227, -0.1589372 ,
         -0.1784776 ]]], dtype=float32), h_activation=array([[[ 1.3947372 ,  1.4963942 ,  1.4212117 ,  1.9371545 ,
          0.90128696,  1.2210518 , -0.00731216,  1.5029242 ,
          0.27260917,  1.3240087 ]]], dtype=float32), o_activation=array([[[21.337822  , -0.1491693 , -0.10197385, -0.06717525,
         -0.07688909, -0.09120708, -0.08393563, -0.07479876,
         -0.07536136, -0.09905721, -0.1364056 , -0.15782735,
         -0.11842414, -0.08629068, -0.10938227, -0.1589372 ,
         -0.1784776 ]]], dtype=float32), reward=1), transition(observation=array([[1., 0., 0., 0., 0., 0., 0., 0., 0., 0., 0., 0., 0., 0., 0., 0.,
        0., 0., 0., 0., 0., 0., 0., 0., 0., 0., 0., 0., 0., 0., 0., 0.,
        0., 1.]], dtype=float32), activation=array([[[20.68046   , -0.13755868, -0.10401591, -0.06871266,
         -0.07417372, -0.09812391, -0.0886594 , -0.07560153,
         -0.07856067, -0.10717329, -0.13592362, -0.1510574 ,
         -0.11374426, -0.09014434, -0.10846997, -0.14474139,
         -0.15768147]]], dtype=float32), h_activation=array([[[ 1.9113798 ,  1.9336143 ,  1.733639  ,  2.4304285 ,
          1.3138043 ,  1.6161711 , -0.00559584,  1.9876068 ,
          0.6261538 ,  1.7347419 ]]], dtype=float32), o_activation=array([[[20.68046   , -0.13755868, -0.10401591, -0.06871266,
         -0.07417372, -0.09812391, -0.0886594 , -0.07560153,
         -0.07856067, -0.10717329, -0.13592362, -0.1510574 ,
         -0.11374426, -0.09014434, -0.10846997, -0.14474139,
         -0.15768147]]], dtype=float32), reward=1), transition(observation=array([[ 1.0470684 ,  0.4126786 ,  0.4590743 ,  0.1996327 ,  0.17213142,
         0.20500073, -0.08510111, -0.1088798 ,  0.18505187, -0.02764567,
         0.3674955 ,  0.4254033 ,  0.07314617, -0.0445672 ,  0.04369226,
         0.04921791,  0.0127632 ,  0.25300914,  0.23404159,  0.27177602,
         0.00413292, -0.02083737, -0.11558326,  0.02833709, -0.11056108,
         0.01767496,  0.23605569,  0.5524521 ,  0.2708991 , -0.00882397,
        -0.02850084, -0.08266398,  0.05853267,  1.        ]],
      dtype=float32), activation=array([[[31.66898   , -0.21719894, -0.19688804, -0.15818416,
         -0.15076515, -0.14916497, -0.13411707, -0.12203006,
         -0.14651805, -0.18264057, -0.21410713, -0.22203502,
         -0.17902619, -0.14418475, -0.14384696, -0.17768371,
         -0.21478118]]], dtype=float32), h_activation=array([[[ 3.857104  ,  2.8564491 ,  0.4671963 ,  3.2677736 ,
          2.3663738 ,  1.6184343 , -0.00626308,  3.794371  ,
          2.6498175 ,  5.008988  ]]], dtype=float32), o_activation=array([[[31.66898   , -0.21719894, -0.19688804, -0.15818416,
         -0.15076515, -0.14916497, -0.13411707, -0.12203006,
         -0.14651805, -0.18264057, -0.21410713, -0.22203502,
         -0.17902619, -0.14418475, -0.14384696, -0.17768371,
         -0.21478118]]], dtype=float32), reward=1), transition(observation=array([[ 1.01909959e+00,  2.41482779e-01,  4.79665399e-01,
         2.36220613e-01,  5.71885742e-02,  6.80795759e-02,
         7.08966330e-02, -3.33382070e-01, -1.39447466e-01,
         3.73355895e-02,  1.23306468e-01,  4.38860416e-01,
         1.45005777e-01,  4.45420295e-03,  1.29296081e-02,
        -1.96601570e-01,  2.29195505e-02,  2.62207776e-01,
         2.83295929e-01,  4.11642462e-01,  8.44230354e-02,
         5.57317352e-03,  7.83920810e-02,  3.86950709e-02,
         6.31187782e-02,  1.75180465e-01,  2.30221942e-01,
         5.18436730e-01,  2.78009713e-01,  5.79854548e-02,
        -9.90795903e-04,  1.13808975e-01, -3.72672826e-02,
         1.00000000e+00]], dtype=float32), activation=array([[[23.6015    , -0.1527675 , -0.12398125, -0.11546306,
         -0.11982925, -0.13198443, -0.13101682, -0.13825822,
         -0.12921777, -0.14858083, -0.15653087, -0.15746851,
         -0.16295037, -0.18372226, -0.1404875 , -0.13889112,
         -0.16687314]]], dtype=float32), h_activation=array([[[ 5.8625469e+00,  2.3849850e+00, -5.5361302e-03,  2.4241374e+00,
          3.0220654e+00,  9.3012738e-01,  3.3814794e-01,  5.3214769e+00,
          4.7274833e+00,  6.3648539e+00]]], dtype=float32), o_activation=array([[[23.6015    , -0.1527675 , -0.12398125, -0.11546306,
         -0.11982925, -0.13198443, -0.13101682, -0.13825822,
         -0.12921777, -0.14858083, -0.15653087, -0.15746851,
         -0.16295037, -0.18372226, -0.1404875 , -0.13889112,
         -0.16687314]]], dtype=float32), reward=1), transition(observation=array([[ 1.04527724e+00,  3.99915427e-01,  5.51284254e-01,
        -7.68056363e-02, -4.85153496e-02, -6.24361001e-02,
         1.25585988e-01, -6.01333007e-02, -3.39378230e-02,
         6.10802770e-02,  1.97484061e-01,  3.36368084e-01,
         1.79574534e-01,  5.75618967e-02, -1.82987094e-01,
         1.40526906e-01,  9.76140797e-02,  1.85346305e-01,
         1.23064205e-01,  8.64673711e-05,  1.13298975e-01,
        -1.74267426e-01,  6.76502436e-02,  4.10279259e-02,
        -9.61668789e-02,  9.15765911e-02,  2.63443649e-01,
         5.93919694e-01,  2.87469238e-01,  2.47133464e-01,
        -9.08031315e-02, -1.50583297e-01,  1.64485529e-01,
         1.00000000e+00]], dtype=float32), activation=array([[[26.496105  , -0.14174631, -0.07846309, -0.08370029,
         -0.12384954, -0.1409603 , -0.16352452, -0.242964  ,
         -0.24653627, -0.21590103, -0.15381414, -0.12358722,
         -0.15091495, -0.20444423, -0.1662582 , -0.18526201,
         -0.21050198]]], dtype=float32), h_activation=array([[[6.5359707 , 2.1473553 , 0.47021562, 1.6490653 , 4.2998886 ,
         1.2707564 , 1.6390414 , 5.7693644 , 7.0344973 , 8.099701  ]]],
      dtype=float32), o_activation=array([[[26.496105  , -0.14174631, -0.07846309, -0.08370029,
         -0.12384954, -0.1409603 , -0.16352452, -0.242964  ,
         -0.24653627, -0.21590103, -0.15381414, -0.12358722,
         -0.15091495, -0.20444423, -0.1662582 , -0.18526201,
         -0.21050198]]], dtype=float32), reward=1), transition(observation=array([[ 8.9697671e-01,  1.8192004e-01,  4.3461585e-01,  2.9497477e-01,
        -4.4598435e-03, -1.3025664e-01,  4.6283945e-02,  1.7100591e-02,
        -4.9113877e-02, -1.0991624e-01, -2.2537483e-02,  3.9534450e-01,
         2.8801367e-01,  1.3256067e-01, -1.0632322e-01,  1.6293485e-01,
        -1.4745996e-02,  9.8286785e-02,  2.4400927e-01,  2.0097446e-01,
         3.1681925e-02,  7.6538716e-05, -4.0151369e-02, -9.3644165e-02,
         7.8206740e-02,  7.9921268e-02,  2.5604954e-01,  4.8341072e-01,
         1.8304828e-01,  2.7520677e-01,  9.1013104e-02,  5.4135114e-02,
        -1.0217471e-01,  1.0000000e+00]], dtype=float32), activation=array([[[19.737906  , -0.07064971, -0.03165019, -0.09566428,
         -0.16156736, -0.16384467, -0.17647015, -0.26367807,
         -0.23446073, -0.18168356, -0.10818287, -0.06402108,
         -0.12048038, -0.22071098, -0.16625309, -0.15358756,
         -0.15433367]]], dtype=float32), h_activation=array([[[ 7.0595517e+00, -3.1271868e-03,  3.4918705e-01,  1.9323734e+00,
          3.7582071e+00,  1.7158314e+00,  2.7172952e+00,  6.1473160e+00,
          7.5479779e+00,  8.0387602e+00]]], dtype=float32), o_activation=array([[[19.737906  , -0.07064971, -0.03165019, -0.09566428,
         -0.16156736, -0.16384467, -0.17647015, -0.26367807,
         -0.23446073, -0.18168356, -0.10818287, -0.06402108,
         -0.12048038, -0.22071098, -0.16625309, -0.15358756,
         -0.15433367]]], dtype=float32), reward=1), transition(observation=array([[ 1.1433697 ,  0.28944823,  0.46754143,  0.3753112 ,  0.10298237,
        -0.09424519,  0.11669701,  0.08900622, -0.03633126, -0.1182736 ,
         0.09172568,  0.4210998 ,  0.1112174 , -0.0446689 , -0.09691665,
        -0.13407782,  0.10505535,  0.4100767 ,  0.21150717,  0.30648583,
         0.17885712,  0.09810403,  0.00129521,  0.10237053, -0.00785178,
         0.2993096 ,  0.32349396,  0.31125525,  0.09345827, -0.02318077,
         0.03318065, -0.0684948 ,  0.20842412,  1.        ]],
      dtype=float32), activation=array([[[29.24047   , -0.121338  , -0.05636195, -0.11960314,
         -0.22112651, -0.2386176 , -0.24607499, -0.33223823,
         -0.30507332, -0.24702983, -0.14079706, -0.06174768,
         -0.10758236, -0.22341678, -0.16912982, -0.1571313 ,
         -0.19235487]]], dtype=float32), h_activation=array([[[ 7.354458  , -0.01452801,  0.77005786,  2.611969  ,
          3.3066924 ,  0.183377  ,  2.7381952 ,  6.0657988 ,
          8.329292  ,  8.831211  ]]], dtype=float32), o_activation=array([[[29.24047   , -0.121338  , -0.05636195, -0.11960314,
         -0.22112651, -0.2386176 , -0.24607499, -0.33223823,
         -0.30507332, -0.24702983, -0.14079706, -0.06174768,
         -0.10758236, -0.22341678, -0.16912982, -0.1571313 ,
         -0.19235487]]], dtype=float32), reward=1), transition(observation=array([[0., 0., 0., 0., 0., 0., 0., 0., 0., 0., 0., 0., 0., 0., 0., 0.,
        0., 0., 0., 0., 0., 0., 0., 0., 0., 0., 0., 0., 0., 0., 0., 0.,
        0., 1.]], dtype=float32), activation=array([[[-1.0776161e-01,  1.0714883e+01,  1.7339544e+01,  1.1868889e+01,
         -1.0191497e-02, -6.4201273e-02, -7.5050943e-02, -1.6637427e-01,
         -1.6028692e-01, -1.0951434e-01,  3.4202857e+00,  1.2358454e+01,
          5.2423573e+00, -9.6061669e-02, -5.3133648e-02,  5.2560043e-01,
          3.2622809e+00]]], dtype=float32), h_activation=array([[[ 5.3190751e+00, -1.8956499e-03,  6.5701771e-01,  1.5903635e+00,
          2.5773764e+00, -1.5634224e-03,  3.5078783e+00,  4.3617964e+00,
          6.9566503e+00,  6.5737791e+00]]], dtype=float32), o_activation=array([[[-1.0776161e-01,  1.0714883e+01,  1.7339544e+01,  1.1868889e+01,
         -1.0191497e-02, -6.4201273e-02, -7.5050943e-02, -1.6637427e-01,
         -1.6028692e-01, -1.0951434e-01,  3.4202857e+00,  1.2358454e+01,
          5.2423573e+00, -9.6061669e-02, -5.3133648e-02,  5.2560043e-01,
          3.2622809e+00]]], dtype=float32), reward=1), transition(observation=array([[0., 0., 0., 0., 0., 0., 0., 0., 0., 0., 0., 0., 0., 0., 0., 0.,
        0., 0., 0., 0., 0., 0., 0., 0., 0., 0., 0., 0., 0., 0., 0., 0.,
        0., 1.]], dtype=float32), activation=array([[[-8.8491492e-02,  8.0982122e+00,  1.3781659e+01,  9.4364662e+00,
         -9.9344207e-03, -5.1970046e-02, -8.1355415e-02, -1.5693508e-01,
         -1.2953942e-01, -6.8543665e-02,  3.2191281e+00,  9.0391178e+00,
          4.1659021e+00, -6.9539949e-02, -4.2792320e-02,  1.1426115e-01,
          2.1567636e+00]]], dtype=float32), h_activation=array([[[ 3.7049356e+00, -8.2221447e-04,  8.7331486e-01,  1.1673506e+00,
          1.8301586e+00, -2.4526133e-03,  3.5300684e+00,  3.0869660e+00,
          5.4799485e+00,  4.9472361e+00]]], dtype=float32), o_activation=array([[[-8.8491492e-02,  8.0982122e+00,  1.3781659e+01,  9.4364662e+00,
         -9.9344207e-03, -5.1970046e-02, -8.1355415e-02, -1.5693508e-01,
         -1.2953942e-01, -6.8543665e-02,  3.2191281e+00,  9.0391178e+00,
          4.1659021e+00, -6.9539949e-02, -4.2792320e-02,  1.1426115e-01,
          2.1567636e+00]]], dtype=float32), reward=1)], success=True), configuration(episode=33, buffer=[transition(observation=array([[1., 0., 0., 0., 0., 0., 0., 0., 0., 0., 0., 0., 0., 0., 0., 0.,
        0., 0., 0., 0., 0., 0., 0., 0., 0., 0., 0., 0., 0., 0., 0., 0.,
        0., 1.]], dtype=float32), activation=array([[[22.06819   , -0.16423194, -0.09829667, -0.0684431 ,
         -0.08563564, -0.08378637, -0.07823429, -0.07916434,
         -0.07612116, -0.08751891, -0.13224255, -0.16178848,
         -0.12346218, -0.08102608, -0.10995874, -0.18023862,
         -0.20943384]]], dtype=float32), h_activation=array([[[ 0.7566331 ,  0.86678445,  0.876579  ,  1.1590619 ,
          0.4522693 ,  0.68814313, -0.00902339,  0.8538044 ,
          0.02913611,  0.7585149 ]]], dtype=float32), o_activation=array([[[22.06819   , -0.16423194, -0.09829667, -0.0684431 ,
         -0.08563564, -0.08378637, -0.07823429, -0.07916434,
         -0.07612116, -0.08751891, -0.13224255, -0.16178848,
         -0.12346218, -0.08102608, -0.10995874, -0.18023862,
         -0.20943384]]], dtype=float32), reward=1), transition(observation=array([[1., 0., 0., 0., 0., 0., 0., 0., 0., 0., 0., 0., 0., 0., 0., 0.,
        0., 0., 0., 0., 0., 0., 0., 0., 0., 0., 0., 0., 0., 0., 0., 0.,
        0., 1.]], dtype=float32), activation=array([[[21.337822  , -0.1491693 , -0.10197385, -0.06717525,
         -0.07688909, -0.09120708, -0.08393563, -0.07479876,
         -0.07536136, -0.09905721, -0.1364056 , -0.15782735,
         -0.11842414, -0.08629068, -0.10938227, -0.1589372 ,
         -0.1784776 ]]], dtype=float32), h_activation=array([[[ 1.3947372 ,  1.4963942 ,  1.4212117 ,  1.9371545 ,
          0.90128696,  1.2210518 , -0.00731216,  1.5029242 ,
          0.27260917,  1.3240087 ]]], dtype=float32), o_activation=array([[[21.337822  , -0.1491693 , -0.10197385, -0.06717525,
         -0.07688909, -0.09120708, -0.08393563, -0.07479876,
         -0.07536136, -0.09905721, -0.1364056 , -0.15782735,
         -0.11842414, -0.08629068, -0.10938227, -0.1589372 ,
         -0.1784776 ]]], dtype=float32), reward=1), transition(observation=array([[1., 0., 0., 0., 0., 0., 0., 0., 0., 0., 0., 0., 0., 0., 0., 0.,
        0., 0., 0., 0., 0., 0., 0., 0., 0., 0., 0., 0., 0., 0., 0., 0.,
        0., 1.]], dtype=float32), activation=array([[[20.68046   , -0.13755868, -0.10401591, -0.06871266,
         -0.07417372, -0.09812391, -0.0886594 , -0.07560153,
         -0.07856067, -0.10717329, -0.13592362, -0.1510574 ,
         -0.11374426, -0.09014434, -0.10846997, -0.14474139,
         -0.15768147]]], dtype=float32), h_activation=array([[[ 1.9113798 ,  1.9336143 ,  1.733639  ,  2.4304285 ,
          1.3138043 ,  1.6161711 , -0.00559584,  1.9876068 ,
          0.6261538 ,  1.7347419 ]]], dtype=float32), o_activation=array([[[20.68046   , -0.13755868, -0.10401591, -0.06871266,
         -0.07417372, -0.09812391, -0.0886594 , -0.07560153,
         -0.07856067, -0.10717329, -0.13592362, -0.1510574 ,
         -0.11374426, -0.09014434, -0.10846997, -0.14474139,
         -0.15768147]]], dtype=float32), reward=1), transition(observation=array([[ 1.1439757 , -0.11326015,  0.04064704,  0.03154987, -0.06265034,
         0.01026203,  0.07650318,  0.2352409 ,  0.52720934,  0.73948735,
         0.5413358 ,  0.15554874,  0.10513352,  0.04533631, -0.03997995,
        -0.06620178, -0.0048355 , -0.01109463, -0.01744813,  0.03854739,
        -0.14498621, -0.0772728 , -0.12157809,  0.43799153,  0.45078698,
         0.6288256 ,  0.40458462,  0.32264778,  0.11684337,  0.05247413,
        -0.2584975 ,  0.0482415 , -0.0284857 ,  1.        ]],
      dtype=float32), activation=array([[[34.162086  , -0.15437068, -0.13358477, -0.09983803,
         -0.12801038, -0.14419273, -0.14471902, -0.15798122,
         -0.2057035 , -0.25307673, -0.26711506, -0.25337502,
         -0.18581782, -0.14279406, -0.1451309 , -0.17130178,
         -0.18295881]]], dtype=float32), h_activation=array([[[ 1.4111233 ,  2.9633465 ,  0.0555152 ,  2.6417131 ,
          4.04144   ,  2.788167  ,  0.10875952, -0.01653569,
          1.9219915 ,  2.9383097 ]]], dtype=float32), o_activation=array([[[34.162086  , -0.15437068, -0.13358477, -0.09983803,
         -0.12801038, -0.14419273, -0.14471902, -0.15798122,
         -0.2057035 , -0.25307673, -0.26711506, -0.25337502,
         -0.18581782, -0.14279406, -0.1451309 , -0.17130178,
         -0.18295881]]], dtype=float32), reward=1), transition(observation=array([[ 0.95671606, -0.08535469, -0.04395814,  0.02983064, -0.16576304,
         0.05072631,  0.08359868, -0.04706695,  0.274566  ,  0.4351718 ,
         0.5113313 ,  0.0187037 ,  0.03471488,  0.04259795, -0.04383918,
         0.04293199, -0.04697243, -0.01594589, -0.00273035,  0.03560656,
        -0.02068853, -0.02113106,  0.1262281 ,  0.46441197,  0.3998883 ,
         0.40464476,  0.27823004,  0.16076265,  0.11465078, -0.06083515,
        -0.03546214,  0.08881193, -0.04541251,  1.        ]],
      dtype=float32), activation=array([[[22.169655  , -0.12474047, -0.11806022, -0.11920844,
         -0.14813106, -0.17028335, -0.13709109, -0.07690886,
         -0.06855709, -0.07817547, -0.12767881, -0.17263041,
         -0.15372115, -0.13109258, -0.12093844, -0.14945984,
         -0.16054752]]], dtype=float32), h_activation=array([[[ 1.195889  ,  3.490222  , -0.01080396,  2.505069  ,
          5.551421  ,  3.1376035 ,  0.780361  , -0.01404389,
          3.2114434 ,  2.8995936 ]]], dtype=float32), o_activation=array([[[22.169655  , -0.12474047, -0.11806022, -0.11920844,
         -0.14813106, -0.17028335, -0.13709109, -0.07690886,
         -0.06855709, -0.07817547, -0.12767881, -0.17263041,
         -0.15372115, -0.13109258, -0.12093844, -0.14945984,
         -0.16054752]]], dtype=float32), reward=1), transition(observation=array([[ 1.1142216 , -0.02769379,  0.12938294, -0.10276647,  0.07820545,
        -0.05038377, -0.01326343,  0.13312833,  0.4443891 ,  0.6842043 ,
         0.7560727 ,  0.38311994,  0.03634357,  0.06055408,  0.06359657,
        -0.02927083,  0.00575281,  0.00359348, -0.06770174, -0.07635692,
        -0.13719285, -0.20948651, -0.11156989,  0.30037048,  0.5244895 ,
         0.36965868,  0.2571251 ,  0.23184575, -0.0585848 ,  0.17257144,
        -0.10523516,  0.04303928,  0.04368557,  1.        ]],
      dtype=float32), activation=array([[[32.56296   , -0.15637738, -0.16690975, -0.18906295,
         -0.23218633, -0.23317897, -0.19288023, -0.14254566,
         -0.14704153, -0.13896228, -0.18463673, -0.23886265,
         -0.22542001, -0.17858738, -0.1483598 , -0.18673311,
         -0.20300984]]], dtype=float32), h_activation=array([[[ 1.4118838 ,  4.4685483 , -0.01882192,  3.2711558 ,
          8.088838  ,  4.034919  ,  0.7018159 , -0.0224343 ,
          4.8545775 ,  3.9987197 ]]], dtype=float32), o_activation=array([[[32.56296   , -0.15637738, -0.16690975, -0.18906295,
         -0.23218633, -0.23317897, -0.19288023, -0.14254566,
         -0.14704153, -0.13896228, -0.18463673, -0.23886265,
         -0.22542001, -0.17858738, -0.1483598 , -0.18673311,
         -0.20300984]]], dtype=float32), reward=1), transition(observation=array([[ 0.97737706, -0.04695084,  0.10907432,  0.03557603,  0.01897476,
         0.05020365,  0.09831591,  0.14371778,  0.43576533,  0.63537145,
         0.43032706,  0.23281075,  0.16847488, -0.14847194,  0.27075046,
         0.01951287,  0.03873635, -0.07644957, -0.13111192, -0.21841836,
         0.16622192,  0.00498989,  0.01780449,  0.29914686,  0.6342474 ,
         0.52735984,  0.50043905,  0.24551891,  0.12820607,  0.1502095 ,
        -0.11263028, -0.01628898, -0.00160941,  1.        ]],
      dtype=float32), activation=array([[[25.903004  , -0.13514927, -0.15980326, -0.21246482,
         -0.27309185, -0.28337058, -0.19933061, -0.11660559,
         -0.11114659, -0.06817683, -0.09580654, -0.17237139,
         -0.2066184 , -0.17499788, -0.12504478, -0.16762829,
         -0.18697637]]], dtype=float32), h_activation=array([[[ 0.5975681 ,  4.4140716 , -0.02162472,  3.0397592 ,
          8.514186  ,  4.8081474 ,  1.4015844 , -0.01581803,
          5.7532415 ,  4.5508947 ]]], dtype=float32), o_activation=array([[[25.903004  , -0.13514927, -0.15980326, -0.21246482,
         -0.27309185, -0.28337058, -0.19933061, -0.11660559,
         -0.11114659, -0.06817683, -0.09580654, -0.17237139,
         -0.2066184 , -0.17499788, -0.12504478, -0.16762829,
         -0.18697637]]], dtype=float32), reward=1), transition(observation=array([[ 0.9694825 , -0.06632349,  0.15267979,  0.07605819, -0.00661813,
         0.03065768,  0.14403917, -0.09021457,  0.3031608 ,  0.52328473,
         0.5484594 ,  0.16344167,  0.00741483,  0.07806146, -0.1088482 ,
         0.00423902, -0.02855359,  0.06490833, -0.02491827, -0.00576939,
         0.01607907,  0.12054836,  0.07643303,  0.13516799,  0.50497484,
         0.47476587,  0.3992738 ,  0.3104785 ,  0.0583193 ,  0.06008855,
        -0.00918393, -0.11214863,  0.05653779,  1.        ]],
      dtype=float32), activation=array([[[21.57003   , -0.11512172, -0.15250026, -0.24002811,
         -0.30020913, -0.29093203, -0.19177337, -0.09482954,
         -0.07152908, -0.03884066, -0.07330327, -0.14692217,
         -0.1889534 , -0.1693785 , -0.09489708, -0.12203165,
         -0.15950415]]], dtype=float32), h_activation=array([[[ 0.7484587 ,  4.057028  , -0.01896693,  2.492453  ,
          8.775085  ,  3.8720276 ,  2.2506986 , -0.01590183,
          6.6301684 ,  4.634952  ]]], dtype=float32), o_activation=array([[[21.57003   , -0.11512172, -0.15250026, -0.24002811,
         -0.30020913, -0.29093203, -0.19177337, -0.09482954,
         -0.07152908, -0.03884066, -0.07330327, -0.14692217,
         -0.1889534 , -0.1693785 , -0.09489708, -0.12203165,
         -0.15950415]]], dtype=float32), reward=1), transition(observation=array([[0., 0., 0., 0., 0., 0., 0., 0., 0., 0., 0., 0., 0., 0., 0., 0.,
        0., 0., 0., 0., 0., 0., 0., 0., 0., 0., 0., 0., 0., 0., 0., 0.,
        0., 1.]], dtype=float32), activation=array([[[-1.3093542e-01,  2.9673691e+00, -1.9529342e-03, -9.3877837e-02,
         -1.5245703e-01, -1.6842514e-01, -7.6403305e-02,  1.7039888e+00,
          7.4002151e+00,  1.5500483e+01,  1.4555639e+01,  5.4543166e+00,
         -2.9747147e-02, -3.4858674e-02,  2.8298788e+00,  1.5069633e+00,
         -1.0417795e-03]]], dtype=float32), h_activation=array([[[ 3.4957111e-01,  2.6218913e+00, -4.5510649e-04,  1.8880724e+00,
          6.4258385e+00,  2.7492585e+00,  2.4338427e+00, -7.5263740e-04,
          5.4927769e+00,  3.6392477e+00]]], dtype=float32), o_activation=array([[[-1.3093542e-01,  2.9673691e+00, -1.9529342e-03, -9.3877837e-02,
         -1.5245703e-01, -1.6842514e-01, -7.6403305e-02,  1.7039888e+00,
          7.4002151e+00,  1.5500483e+01,  1.4555639e+01,  5.4543166e+00,
         -2.9747147e-02, -3.4858674e-02,  2.8298788e+00,  1.5069633e+00,
         -1.0417795e-03]]], dtype=float32), reward=0), transition(observation=array([[0., 0., 0., 0., 0., 0., 0., 0., 0., 0., 0., 0., 0., 0., 0., 0.,
        0., 0., 0., 0., 0., 0., 0., 0., 0., 0., 0., 0., 0., 0., 0., 0.,
        0., 1.]], dtype=float32), activation=array([[[-1.10940509e-01,  1.55893707e+00,  1.12779474e+00,
         -5.45115545e-02, -1.12843305e-01, -1.27168521e-01,
         -6.28550500e-02,  4.70507383e-01,  5.26274395e+00,
          1.15722923e+01,  1.06723804e+01,  3.80333185e+00,
         -2.42412612e-02, -2.92393193e-02,  1.94717038e+00,
          8.81321430e-01, -1.12685245e-02]]], dtype=float32), h_activation=array([[[ 5.5767000e-02,  1.7244055e+00,  2.2615087e-01,  1.6545013e+00,
          4.5921226e+00,  1.9603201e+00,  2.2108095e+00, -5.1774591e-04,
          4.3466311e+00,  2.9375715e+00]]], dtype=float32), o_activation=array([[[-1.10940509e-01,  1.55893707e+00,  1.12779474e+00,
         -5.45115545e-02, -1.12843305e-01, -1.27168521e-01,
         -6.28550500e-02,  4.70507383e-01,  5.26274395e+00,
          1.15722923e+01,  1.06723804e+01,  3.80333185e+00,
         -2.42412612e-02, -2.92393193e-02,  1.94717038e+00,
          8.81321430e-01, -1.12685245e-02]]], dtype=float32), reward=0)], success=False), configuration(episode=34, buffer=[transition(observation=array([[1., 0., 0., 0., 0., 0., 0., 0., 0., 0., 0., 0., 0., 0., 0., 0.,
        0., 0., 0., 0., 0., 0., 0., 0., 0., 0., 0., 0., 0., 0., 0., 0.,
        0., 1.]], dtype=float32), activation=array([[[22.06819   , -0.16423194, -0.09829667, -0.0684431 ,
         -0.08563564, -0.08378637, -0.07823429, -0.07916434,
         -0.07612116, -0.08751891, -0.13224255, -0.16178848,
         -0.12346218, -0.08102608, -0.10995874, -0.18023862,
         -0.20943384]]], dtype=float32), h_activation=array([[[ 0.7566331 ,  0.86678445,  0.876579  ,  1.1590619 ,
          0.4522693 ,  0.68814313, -0.00902339,  0.8538044 ,
          0.02913611,  0.7585149 ]]], dtype=float32), o_activation=array([[[22.06819   , -0.16423194, -0.09829667, -0.0684431 ,
         -0.08563564, -0.08378637, -0.07823429, -0.07916434,
         -0.07612116, -0.08751891, -0.13224255, -0.16178848,
         -0.12346218, -0.08102608, -0.10995874, -0.18023862,
         -0.20943384]]], dtype=float32), reward=1), transition(observation=array([[1., 0., 0., 0., 0., 0., 0., 0., 0., 0., 0., 0., 0., 0., 0., 0.,
        0., 0., 0., 0., 0., 0., 0., 0., 0., 0., 0., 0., 0., 0., 0., 0.,
        0., 1.]], dtype=float32), activation=array([[[21.337822  , -0.1491693 , -0.10197385, -0.06717525,
         -0.07688909, -0.09120708, -0.08393563, -0.07479876,
         -0.07536136, -0.09905721, -0.1364056 , -0.15782735,
         -0.11842414, -0.08629068, -0.10938227, -0.1589372 ,
         -0.1784776 ]]], dtype=float32), h_activation=array([[[ 1.3947372 ,  1.4963942 ,  1.4212117 ,  1.9371545 ,
          0.90128696,  1.2210518 , -0.00731216,  1.5029242 ,
          0.27260917,  1.3240087 ]]], dtype=float32), o_activation=array([[[21.337822  , -0.1491693 , -0.10197385, -0.06717525,
         -0.07688909, -0.09120708, -0.08393563, -0.07479876,
         -0.07536136, -0.09905721, -0.1364056 , -0.15782735,
         -0.11842414, -0.08629068, -0.10938227, -0.1589372 ,
         -0.1784776 ]]], dtype=float32), reward=1), transition(observation=array([[1., 0., 0., 0., 0., 0., 0., 0., 0., 0., 0., 0., 0., 0., 0., 0.,
        0., 0., 0., 0., 0., 0., 0., 0., 0., 0., 0., 0., 0., 0., 0., 0.,
        0., 1.]], dtype=float32), activation=array([[[20.68046   , -0.13755868, -0.10401591, -0.06871266,
         -0.07417372, -0.09812391, -0.0886594 , -0.07560153,
         -0.07856067, -0.10717329, -0.13592362, -0.1510574 ,
         -0.11374426, -0.09014434, -0.10846997, -0.14474139,
         -0.15768147]]], dtype=float32), h_activation=array([[[ 1.9113798 ,  1.9336143 ,  1.733639  ,  2.4304285 ,
          1.3138043 ,  1.6161711 , -0.00559584,  1.9876068 ,
          0.6261538 ,  1.7347419 ]]], dtype=float32), o_activation=array([[[20.68046   , -0.13755868, -0.10401591, -0.06871266,
         -0.07417372, -0.09812391, -0.0886594 , -0.07560153,
         -0.07856067, -0.10717329, -0.13592362, -0.1510574 ,
         -0.11374426, -0.09014434, -0.10846997, -0.14474139,
         -0.15768147]]], dtype=float32), reward=1), transition(observation=array([[ 1.0107073 ,  0.24004841,  0.08056381, -0.01720348, -0.07635205,
         0.07987016, -0.00535689,  0.19680817,  0.17029476,  0.10733844,
         0.21823847, -0.06069509, -0.08878307,  0.01045339,  0.00487943,
         0.28838104,  0.5961649 ,  0.2574485 ,  0.16089427, -0.13218275,
         0.12937146, -0.10915623,  0.06479782,  0.15290296,  0.46384272,
         0.24404648,  0.06235149, -0.06242697, -0.0483798 , -0.05752205,
        -0.01511842,  0.27704453,  0.44367436,  1.        ]],
      dtype=float32), activation=array([[[28.590103  , -0.20699073, -0.1525054 , -0.09786478,
         -0.11355902, -0.132704  , -0.12760927, -0.13093464,
         -0.16076349, -0.17784381, -0.16686794, -0.16188617,
         -0.13537993, -0.1264693 , -0.14971209, -0.21275038,
         -0.23691978]]], dtype=float32), h_activation=array([[[2.3545892, 3.8183339, 3.7692928, 3.8931499, 2.9364653,
         2.4284348, 1.6205516, 2.7176673, 1.7334617, 3.3341928]]],
      dtype=float32), o_activation=array([[[28.590103  , -0.20699073, -0.1525054 , -0.09786478,
         -0.11355902, -0.132704  , -0.12760927, -0.13093464,
         -0.16076349, -0.17784381, -0.16686794, -0.16188617,
         -0.13537993, -0.1264693 , -0.14971209, -0.21275038,
         -0.23691978]]], dtype=float32), reward=1), transition(observation=array([[ 0.97391224,  0.25668296,  0.06306073, -0.00631702,  0.07657526,
         0.03357465,  0.11317287,  0.15737274,  0.4652124 ,  0.03287253,
         0.01703586,  0.07340769, -0.11350742, -0.06877819,  0.05604533,
         0.44402647,  0.5485818 ,  0.14436312,  0.0878744 , -0.12306716,
        -0.18399163, -0.01829109,  0.19115259,  0.3300729 ,  0.4149297 ,
         0.2909523 , -0.03606897,  0.27419552, -0.04252626, -0.06420868,
         0.09738636,  0.25968516,  0.29372308,  1.        ]],
      dtype=float32), activation=array([[[28.316391  , -0.16530569, -0.15922637, -0.12048749,
         -0.1362399 , -0.1820429 , -0.18010494, -0.15763603,
         -0.1684403 , -0.17025314, -0.14697696, -0.14741983,
         -0.13174848, -0.1521651 , -0.15987508, -0.17535618,
         -0.1732099 ]]], dtype=float32), h_activation=array([[[1.9004221, 4.923619 , 4.681414 , 5.224768 , 3.0471208,
         4.0933037, 2.830854 , 3.1723914, 2.2537923, 4.941854 ]]],
      dtype=float32), o_activation=array([[[28.316391  , -0.16530569, -0.15922637, -0.12048749,
         -0.1362399 , -0.1820429 , -0.18010494, -0.15763603,
         -0.1684403 , -0.17025314, -0.14697696, -0.14741983,
         -0.13174848, -0.1521651 , -0.15987508, -0.17535618,
         -0.1732099 ]]], dtype=float32), reward=1), transition(observation=array([[ 9.68301296e-01,  2.01754555e-01, -1.64163783e-02,
         3.01206950e-02, -2.78056059e-02, -6.00863546e-02,
         1.01820774e-01,  1.57653868e-01,  3.40035230e-01,
         2.46457011e-01, -1.34049997e-01,  1.62589885e-02,
        -1.25695199e-01,  9.07825888e-04,  1.20736860e-01,
         2.06538722e-01,  4.00897056e-01,  2.80230135e-01,
         1.91473588e-01,  1.09378830e-01, -2.73646861e-01,
         9.77421179e-03, -1.15023606e-01,  3.36934835e-01,
         5.55428982e-01,  3.95398468e-01,  2.01691166e-02,
         1.21297017e-01,  6.08767420e-02, -6.15421906e-02,
         1.07593790e-01,  3.13849866e-01,  1.81044385e-01,
         1.00000000e+00]], dtype=float32), activation=array([[[23.434685  , -0.11781895, -0.14706723, -0.12480952,
         -0.1227219 , -0.17861557, -0.18952282, -0.13791507,
         -0.12019605, -0.15007047, -0.14141649, -0.12425651,
         -0.11667494, -0.18249144, -0.15245032, -0.10097679,
         -0.09183841]]], dtype=float32), h_activation=array([[[1.2692916, 5.172504 , 5.2728252, 5.032444 , 3.6454213,
         4.6897006, 3.547042 , 2.675365 , 1.9609193, 5.5338807]]],
      dtype=float32), o_activation=array([[[23.434685  , -0.11781895, -0.14706723, -0.12480952,
         -0.1227219 , -0.17861557, -0.18952282, -0.13791507,
         -0.12019605, -0.15007047, -0.14141649, -0.12425651,
         -0.11667494, -0.18249144, -0.15245032, -0.10097679,
         -0.09183841]]], dtype=float32), reward=1), transition(observation=array([[ 1.0584419 ,  0.30390677,  0.127759  ,  0.06616295, -0.20624559,
        -0.11924662,  0.04567426,  0.23292597,  0.45948052, -0.06080249,
         0.00681301, -0.12426528, -0.0907751 ,  0.12201098,  0.16610686,
         0.36006272,  0.57938164,  0.25716674,  0.0137438 , -0.02906545,
        -0.00606968,  0.09050433,  0.13940156,  0.27911934,  0.35297137,
         0.18092373,  0.04639745, -0.09296418, -0.03456391, -0.02293313,
        -0.00355094,  0.13054524,  0.37868202,  1.        ]],
      dtype=float32), activation=array([[[27.834164  , -0.15271309, -0.18380947, -0.16346335,
         -0.15527678, -0.21346027, -0.22584392, -0.15036264,
         -0.1173996 , -0.14366609, -0.14739662, -0.13712706,
         -0.1379588 , -0.21904682, -0.18931071, -0.13524204,
         -0.12572204]]], dtype=float32), h_activation=array([[[0.9839304, 4.536748 , 7.094989 , 5.5689526, 4.7021422,
         5.335624 , 4.402095 , 3.3610675, 1.7120347, 6.603399 ]]],
      dtype=float32), o_activation=array([[[27.834164  , -0.15271309, -0.18380947, -0.16346335,
         -0.15527678, -0.21346027, -0.22584392, -0.15036264,
         -0.1173996 , -0.14366609, -0.14739662, -0.13712706,
         -0.1379588 , -0.21904682, -0.18931071, -0.13524204,
         -0.12572204]]], dtype=float32), reward=1), transition(observation=array([[ 1.1777561 ,  0.25281787, -0.01746496, -0.08721525,  0.04622605,
        -0.08860898,  0.09227882,  0.10786893,  0.5498729 ,  0.28829768,
         0.16031021, -0.05154667, -0.2069196 ,  0.12282743,  0.11309399,
         0.10829531,  0.2936073 ,  0.20206128, -0.13033077, -0.04889395,
         0.21739472,  0.07763964,  0.1454095 ,  0.31584835,  0.47082418,
         0.21643148, -0.04051962,  0.06660175,  0.01210923,  0.02667497,
        -0.07712153,  0.2994448 ,  0.32106844,  1.        ]],
      dtype=float32), activation=array([[[31.006199  , -0.09984783, -0.15746814, -0.17266853,
         -0.21411197, -0.2900743 , -0.25948724, -0.14151368,
         -0.12184934, -0.19815038, -0.20788372, -0.17910421,
         -0.14299326, -0.2113803 , -0.16677722, -0.08130592,
         -0.0663259 ]]], dtype=float32), h_activation=array([[[0.4609471, 5.5844164, 6.930552 , 4.9710584, 6.08205  ,
         5.079186 , 3.7825189, 1.9694619, 1.3130888, 6.9873424]]],
      dtype=float32), o_activation=array([[[31.006199  , -0.09984783, -0.15746814, -0.17266853,
         -0.21411197, -0.2900743 , -0.25948724, -0.14151368,
         -0.12184934, -0.19815038, -0.20788372, -0.17910421,
         -0.14299326, -0.2113803 , -0.16677722, -0.08130592,
         -0.0663259 ]]], dtype=float32), reward=1), transition(observation=array([[0., 0., 0., 0., 0., 0., 0., 0., 0., 0., 0., 0., 0., 0., 0., 0.,
        0., 0., 0., 0., 0., 0., 0., 0., 0., 0., 0., 0., 0., 0., 0., 0.,
        0., 1.]], dtype=float32), activation=array([[[-1.03530176e-01,  9.91015530e+00, -7.87360687e-03,
         -5.10379672e-02, -7.06931576e-02, -1.54555008e-01,
         -9.80364233e-02,  8.22775459e+00,  1.41952419e+01,
          6.82130814e+00, -1.04516866e-02, -3.56390551e-02,
         -1.85888947e-03, -4.16745134e-02,  1.80806279e-01,
          1.13216038e+01,  1.58822651e+01]]], dtype=float32), h_activation=array([[[0.47701442, 4.2673407 , 5.5162883 , 4.160818  , 4.6896133 ,
         4.0026197 , 2.8189218 , 1.5394452 , 1.4801755 , 5.548998  ]]],
      dtype=float32), o_activation=array([[[-1.03530176e-01,  9.91015530e+00, -7.87360687e-03,
         -5.10379672e-02, -7.06931576e-02, -1.54555008e-01,
         -9.80364233e-02,  8.22775459e+00,  1.41952419e+01,
          6.82130814e+00, -1.04516866e-02, -3.56390551e-02,
         -1.85888947e-03, -4.16745134e-02,  1.80806279e-01,
          1.13216038e+01,  1.58822651e+01]]], dtype=float32), reward=1), transition(observation=array([[0., 0., 0., 0., 0., 0., 0., 0., 0., 0., 0., 0., 0., 0., 0., 0.,
        0., 0., 0., 0., 0., 0., 0., 0., 0., 0., 0., 0., 0., 0., 0., 0.,
        0., 1.]], dtype=float32), activation=array([[[-9.9826775e-02,  6.7524176e+00, -3.8376951e-03, -2.9181710e-02,
         -4.9139231e-02, -1.1343362e-01, -6.0905304e-02,  7.7817373e+00,
          1.1515462e+01,  5.1293459e+00, -1.0709189e-02, -2.9733032e-02,
         -2.8350216e-03, -3.1593535e-02, -8.1899046e-04,  8.1143417e+00,
          1.1267721e+01]]], dtype=float32), h_activation=array([[[0.517512 , 3.3426268, 4.4937763, 3.5997624, 3.598889 ,
         3.2071347, 2.029687 , 1.2550473, 1.4947343, 4.4998226]]],
      dtype=float32), o_activation=array([[[-9.9826775e-02,  6.7524176e+00, -3.8376951e-03, -2.9181710e-02,
         -4.9139231e-02, -1.1343362e-01, -6.0905304e-02,  7.7817373e+00,
          1.1515462e+01,  5.1293459e+00, -1.0709189e-02, -2.9733032e-02,
         -2.8350216e-03, -3.1593535e-02, -8.1899046e-04,  8.1143417e+00,
          1.1267721e+01]]], dtype=float32), reward=0)], success=False), configuration(episode=35, buffer=[transition(observation=array([[1., 0., 0., 0., 0., 0., 0., 0., 0., 0., 0., 0., 0., 0., 0., 0.,
        0., 0., 0., 0., 0., 0., 0., 0., 0., 0., 0., 0., 0., 0., 0., 0.,
        0., 1.]], dtype=float32), activation=array([[[22.06819   , -0.16423194, -0.09829667, -0.0684431 ,
         -0.08563564, -0.08378637, -0.07823429, -0.07916434,
         -0.07612116, -0.08751891, -0.13224255, -0.16178848,
         -0.12346218, -0.08102608, -0.10995874, -0.18023862,
         -0.20943384]]], dtype=float32), h_activation=array([[[ 0.7566331 ,  0.86678445,  0.876579  ,  1.1590619 ,
          0.4522693 ,  0.68814313, -0.00902339,  0.8538044 ,
          0.02913611,  0.7585149 ]]], dtype=float32), o_activation=array([[[22.06819   , -0.16423194, -0.09829667, -0.0684431 ,
         -0.08563564, -0.08378637, -0.07823429, -0.07916434,
         -0.07612116, -0.08751891, -0.13224255, -0.16178848,
         -0.12346218, -0.08102608, -0.10995874, -0.18023862,
         -0.20943384]]], dtype=float32), reward=1), transition(observation=array([[1., 0., 0., 0., 0., 0., 0., 0., 0., 0., 0., 0., 0., 0., 0., 0.,
        0., 0., 0., 0., 0., 0., 0., 0., 0., 0., 0., 0., 0., 0., 0., 0.,
        0., 1.]], dtype=float32), activation=array([[[21.337822  , -0.1491693 , -0.10197385, -0.06717525,
         -0.07688909, -0.09120708, -0.08393563, -0.07479876,
         -0.07536136, -0.09905721, -0.1364056 , -0.15782735,
         -0.11842414, -0.08629068, -0.10938227, -0.1589372 ,
         -0.1784776 ]]], dtype=float32), h_activation=array([[[ 1.3947372 ,  1.4963942 ,  1.4212117 ,  1.9371545 ,
          0.90128696,  1.2210518 , -0.00731216,  1.5029242 ,
          0.27260917,  1.3240087 ]]], dtype=float32), o_activation=array([[[21.337822  , -0.1491693 , -0.10197385, -0.06717525,
         -0.07688909, -0.09120708, -0.08393563, -0.07479876,
         -0.07536136, -0.09905721, -0.1364056 , -0.15782735,
         -0.11842414, -0.08629068, -0.10938227, -0.1589372 ,
         -0.1784776 ]]], dtype=float32), reward=1), transition(observation=array([[1., 0., 0., 0., 0., 0., 0., 0., 0., 0., 0., 0., 0., 0., 0., 0.,
        0., 0., 0., 0., 0., 0., 0., 0., 0., 0., 0., 0., 0., 0., 0., 0.,
        0., 1.]], dtype=float32), activation=array([[[20.68046   , -0.13755868, -0.10401591, -0.06871266,
         -0.07417372, -0.09812391, -0.0886594 , -0.07560153,
         -0.07856067, -0.10717329, -0.13592362, -0.1510574 ,
         -0.11374426, -0.09014434, -0.10846997, -0.14474139,
         -0.15768147]]], dtype=float32), h_activation=array([[[ 1.9113798 ,  1.9336143 ,  1.733639  ,  2.4304285 ,
          1.3138043 ,  1.6161711 , -0.00559584,  1.9876068 ,
          0.6261538 ,  1.7347419 ]]], dtype=float32), o_activation=array([[[20.68046   , -0.13755868, -0.10401591, -0.06871266,
         -0.07417372, -0.09812391, -0.0886594 , -0.07560153,
         -0.07856067, -0.10717329, -0.13592362, -0.1510574 ,
         -0.11374426, -0.09014434, -0.10846997, -0.14474139,
         -0.15768147]]], dtype=float32), reward=1), transition(observation=array([[ 1.0226896 , -0.028186  ,  0.16229004,  0.19715208,  0.50119656,
         0.22792663,  0.15834674,  0.45969683,  0.10049106,  0.03026802,
        -0.0768661 , -0.16497411,  0.0432299 ,  0.0915217 , -0.05916918,
        -0.16456333, -0.12460764, -0.05768112,  0.12236638,  0.28902954,
         0.5467929 ,  0.31846303,  0.26753765,  0.32108083,  0.13164115,
         0.2451443 ,  0.20451395, -0.0956876 , -0.0568588 ,  0.11214831,
         0.14309627,  0.06997867, -0.08143042,  1.        ]],
      dtype=float32), activation=array([[[25.700111  , -0.14964628, -0.14224052, -0.12606113,
         -0.1373368 , -0.17319736, -0.15195905, -0.12767588,
         -0.11542588, -0.12311155, -0.13624956, -0.14774762,
         -0.11683522, -0.09525707, -0.10304523, -0.12732752,
         -0.15394422]]], dtype=float32), h_activation=array([[[ 1.753264  ,  1.7992678 ,  2.2913496 ,  2.6330676 ,
         -0.00302638, -0.00572006, -0.02336285,  1.3528985 ,
         -0.00520611,  1.8452297 ]]], dtype=float32), o_activation=array([[[25.700111  , -0.14964628, -0.14224052, -0.12606113,
         -0.1373368 , -0.17319736, -0.15195905, -0.12767588,
         -0.11542588, -0.12311155, -0.13624956, -0.14774762,
         -0.11683522, -0.09525707, -0.10304523, -0.12732752,
         -0.15394422]]], dtype=float32), reward=1), transition(observation=array([[ 0.82574964, -0.06589603,  0.12028722,  0.23640586,  0.47986442,
         0.23492596,  0.27867213,  0.3407297 ,  0.07851025,  0.14769296,
         0.02478536,  0.00672801, -0.22175266,  0.04624743,  0.20444845,
        -0.06540655, -0.08248052, -0.05899558, -0.10946312,  0.28743342,
         0.48719785,  0.41330057,  0.38511366,  0.4218864 ,  0.28487998,
        -0.14366162, -0.06676506,  0.05437809, -0.06124645,  0.0306926 ,
        -0.0123244 , -0.14734542,  0.18858534,  1.        ]],
      dtype=float32), activation=array([[[22.948572  , -0.12644503, -0.1119848 , -0.06787746,
         -0.08575533, -0.1303824 , -0.12007078, -0.09263403,
         -0.10259493, -0.1290628 , -0.14743541, -0.1538353 ,
         -0.11249313, -0.09893327, -0.12519686, -0.1337036 ,
         -0.12719634]]], dtype=float32), h_activation=array([[[ 8.8402551e-01,  2.3331218e+00,  1.9839921e+00,  3.5949817e+00,
         -5.0876057e-03, -1.7026592e-02, -2.2697831e-02,  1.6694392e+00,
         -2.0113960e-03,  1.4169018e+00]]], dtype=float32), o_activation=array([[[22.948572  , -0.12644503, -0.1119848 , -0.06787746,
         -0.08575533, -0.1303824 , -0.12007078, -0.09263403,
         -0.10259493, -0.1290628 , -0.14743541, -0.1538353 ,
         -0.11249313, -0.09893327, -0.12519686, -0.1337036 ,
         -0.12719634]]], dtype=float32), reward=1), transition(observation=array([[ 0.99425787, -0.01749022, -0.06809974,  0.43146947,  0.45962343,
         0.5556969 ,  0.25641963,  0.45556056,  0.1858389 ,  0.13857146,
        -0.00334296, -0.08837899,  0.08899935, -0.11266864,  0.10949273,
        -0.02574794,  0.04815206, -0.13131578,  0.018806  ,  0.3096604 ,
         0.52668244,  0.36237416,  0.14273411,  0.27873525,  0.24588302,
         0.05291443,  0.00591156,  0.0939446 ,  0.10337236, -0.16916487,
         0.05625805,  0.01745969,  0.14740252,  1.        ]],
      dtype=float32), activation=array([[[29.954002  , -0.17417821, -0.14983396, -0.10015339,
         -0.12273176, -0.16919954, -0.15706152, -0.11940355,
         -0.13089602, -0.1512403 , -0.16708323, -0.19022125,
         -0.16548961, -0.13437074, -0.1321609 , -0.14563547,
         -0.16909142]]], dtype=float32), h_activation=array([[[ 6.2302536e-01,  3.2423685e+00,  2.0049565e+00,  4.3950844e+00,
         -1.9017899e-02, -9.6241571e-03, -1.8920483e-02,  1.3304492e+00,
         -3.1381154e-03,  1.3534102e+00]]], dtype=float32), o_activation=array([[[29.954002  , -0.17417821, -0.14983396, -0.10015339,
         -0.12273176, -0.16919954, -0.15706152, -0.11940355,
         -0.13089602, -0.1512403 , -0.16708323, -0.19022125,
         -0.16548961, -0.13437074, -0.1321609 , -0.14563547,
         -0.16909142]]], dtype=float32), reward=1), transition(observation=array([[ 0.8931017 ,  0.06047466,  0.03248281,  0.28878778,  0.374453  ,
         0.1483621 ,  0.2653368 ,  0.45869213,  0.17200264,  0.12408201,
         0.06843738, -0.08240446, -0.00512555,  0.09730263,  0.15713932,
         0.04785209,  0.1216105 , -0.05734339,  0.03669614,  0.28413737,
         0.35468242,  0.21330364,  0.26382682,  0.31359577,  0.28626028,
        -0.00935776,  0.01140316,  0.07706902, -0.02233861, -0.0742913 ,
         0.08955532,  0.00243887, -0.04576476,  1.        ]],
      dtype=float32), activation=array([[[25.92255   , -0.17778379, -0.15572228, -0.0750778 ,
         -0.06685182, -0.11908546, -0.12523822, -0.09163827,
         -0.11178205, -0.13054867, -0.14576237, -0.18522346,
         -0.17819244, -0.15231827, -0.14480986, -0.14580497,
         -0.1568429 ]]], dtype=float32), h_activation=array([[[ 6.72349036e-01,  3.26482701e+00,  3.15675950e+00,
          5.37088203e+00, -1.09905261e-03, -6.29825704e-03,
         -1.43258115e-02,  1.30873466e+00, -2.46802298e-03,
          1.41466212e+00]]], dtype=float32), o_activation=array([[[25.92255   , -0.17778379, -0.15572228, -0.0750778 ,
         -0.06685182, -0.11908546, -0.12523822, -0.09163827,
         -0.11178205, -0.13054867, -0.14576237, -0.18522346,
         -0.17819244, -0.15231827, -0.14480986, -0.14580497,
         -0.1568429 ]]], dtype=float32), reward=1), transition(observation=array([[ 0.9753439 ,  0.05662732,  0.01097126,  0.19855513,  0.43174556,
         0.2487494 ,  0.13576902,  0.49036494,  0.1796731 , -0.09667803,
        -0.15589038, -0.11757497, -0.06039713, -0.17323041,  0.10352456,
        -0.09066841,  0.02585394,  0.12838009, -0.13174129,  0.41497228,
         0.5443017 ,  0.31028852,  0.21616566,  0.3885201 ,  0.12708244,
         0.26338723, -0.02029928,  0.03162497,  0.08540892,  0.00253617,
        -0.05392919,  0.02375578, -0.02900608,  1.        ]],
      dtype=float32), activation=array([[[23.241709  , -0.1665288 , -0.15393138, -0.06423723,
         -0.0525027 , -0.12672804, -0.11265047, -0.05420132,
         -0.08234853, -0.10496467, -0.11426267, -0.15857522,
         -0.14711508, -0.12283701, -0.12064302, -0.10826354,
         -0.11967503]]], dtype=float32), h_activation=array([[[ 0.2657506 ,  3.4032886 ,  3.732615  ,  5.956703  ,
         -0.01606378, -0.00843253, -0.02620981,  1.4042256 ,
         -0.00643579,  2.1101513 ]]], dtype=float32), o_activation=array([[[23.241709  , -0.1665288 , -0.15393138, -0.06423723,
         -0.0525027 , -0.12672804, -0.11265047, -0.05420132,
         -0.08234853, -0.10496467, -0.11426267, -0.15857522,
         -0.14711508, -0.12283701, -0.12064302, -0.10826354,
         -0.11967503]]], dtype=float32), reward=1), transition(observation=array([[0., 0., 0., 0., 0., 0., 0., 0., 0., 0., 0., 0., 0., 0., 0., 0.,
        0., 0., 0., 0., 0., 0., 0., 0., 0., 0., 0., 0., 0., 0., 0., 0.,
        0., 1.]], dtype=float32), activation=array([[[-9.72446203e-02, -1.24538895e-02, -8.34909920e-03,
          9.35425377e+00,  1.15661325e+01,  4.30917168e+00,
          5.90651512e+00,  1.24641142e+01,  7.18154144e+00,
         -1.63198821e-03, -2.60460917e-02, -6.42634630e-02,
         -5.68811595e-02, -3.68269086e-02, -1.82950385e-02,
          4.22194433e+00,  6.10336733e+00]]], dtype=float32), h_activation=array([[[ 0.7163362 ,  3.0760863 ,  3.2069085 ,  5.25054   ,
          0.17018697,  0.5294591 , -0.00534209,  1.348163  ,
          0.35145703,  2.143669  ]]], dtype=float32), o_activation=array([[[-9.72446203e-02, -1.24538895e-02, -8.34909920e-03,
          9.35425377e+00,  1.15661325e+01,  4.30917168e+00,
          5.90651512e+00,  1.24641142e+01,  7.18154144e+00,
         -1.63198821e-03, -2.60460917e-02, -6.42634630e-02,
         -5.68811595e-02, -3.68269086e-02, -1.82950385e-02,
          4.22194433e+00,  6.10336733e+00]]], dtype=float32), reward=0), transition(observation=array([[0., 0., 0., 0., 0., 0., 0., 0., 0., 0., 0., 0., 0., 0., 0., 0.,
        0., 0., 0., 0., 0., 0., 0., 0., 0., 0., 0., 0., 0., 0., 0., 0.,
        0., 1.]], dtype=float32), activation=array([[[-9.6020021e-02, -1.1535811e-02, -7.6628467e-03,  7.9507632e+00,
          9.9385090e+00,  3.6525173e+00,  4.9933558e+00,  1.0515821e+01,
          6.5092335e+00,  4.8815608e-02, -2.2928854e-02, -4.9070816e-02,
         -3.8887832e-02, -2.8916515e-02, -1.7723534e-02,  3.3988652e+00,
          4.9520345e+00]]], dtype=float32), h_activation=array([[[ 1.0084505e+00,  2.7827911e+00,  2.7955730e+00,  4.6557069e+00,
          2.8513691e-01,  8.7137467e-01, -3.8506754e-03,  1.3010325e+00,
          6.1734116e-01,  2.1406929e+00]]], dtype=float32), o_activation=array([[[-9.6020021e-02, -1.1535811e-02, -7.6628467e-03,  7.9507632e+00,
          9.9385090e+00,  3.6525173e+00,  4.9933558e+00,  1.0515821e+01,
          6.5092335e+00,  4.8815608e-02, -2.2928854e-02, -4.9070816e-02,
         -3.8887832e-02, -2.8916515e-02, -1.7723534e-02,  3.3988652e+00,
          4.9520345e+00]]], dtype=float32), reward=0)], success=False), configuration(episode=36, buffer=[transition(observation=array([[1., 0., 0., 0., 0., 0., 0., 0., 0., 0., 0., 0., 0., 0., 0., 0.,
        0., 0., 0., 0., 0., 0., 0., 0., 0., 0., 0., 0., 0., 0., 0., 0.,
        0., 1.]], dtype=float32), activation=array([[[22.06819   , -0.16423194, -0.09829667, -0.0684431 ,
         -0.08563564, -0.08378637, -0.07823429, -0.07916434,
         -0.07612116, -0.08751891, -0.13224255, -0.16178848,
         -0.12346218, -0.08102608, -0.10995874, -0.18023862,
         -0.20943384]]], dtype=float32), h_activation=array([[[ 0.7566331 ,  0.86678445,  0.876579  ,  1.1590619 ,
          0.4522693 ,  0.68814313, -0.00902339,  0.8538044 ,
          0.02913611,  0.7585149 ]]], dtype=float32), o_activation=array([[[22.06819   , -0.16423194, -0.09829667, -0.0684431 ,
         -0.08563564, -0.08378637, -0.07823429, -0.07916434,
         -0.07612116, -0.08751891, -0.13224255, -0.16178848,
         -0.12346218, -0.08102608, -0.10995874, -0.18023862,
         -0.20943384]]], dtype=float32), reward=1), transition(observation=array([[1., 0., 0., 0., 0., 0., 0., 0., 0., 0., 0., 0., 0., 0., 0., 0.,
        0., 0., 0., 0., 0., 0., 0., 0., 0., 0., 0., 0., 0., 0., 0., 0.,
        0., 1.]], dtype=float32), activation=array([[[21.337822  , -0.1491693 , -0.10197385, -0.06717525,
         -0.07688909, -0.09120708, -0.08393563, -0.07479876,
         -0.07536136, -0.09905721, -0.1364056 , -0.15782735,
         -0.11842414, -0.08629068, -0.10938227, -0.1589372 ,
         -0.1784776 ]]], dtype=float32), h_activation=array([[[ 1.3947372 ,  1.4963942 ,  1.4212117 ,  1.9371545 ,
          0.90128696,  1.2210518 , -0.00731216,  1.5029242 ,
          0.27260917,  1.3240087 ]]], dtype=float32), o_activation=array([[[21.337822  , -0.1491693 , -0.10197385, -0.06717525,
         -0.07688909, -0.09120708, -0.08393563, -0.07479876,
         -0.07536136, -0.09905721, -0.1364056 , -0.15782735,
         -0.11842414, -0.08629068, -0.10938227, -0.1589372 ,
         -0.1784776 ]]], dtype=float32), reward=1), transition(observation=array([[1., 0., 0., 0., 0., 0., 0., 0., 0., 0., 0., 0., 0., 0., 0., 0.,
        0., 0., 0., 0., 0., 0., 0., 0., 0., 0., 0., 0., 0., 0., 0., 0.,
        0., 1.]], dtype=float32), activation=array([[[20.68046   , -0.13755868, -0.10401591, -0.06871266,
         -0.07417372, -0.09812391, -0.0886594 , -0.07560153,
         -0.07856067, -0.10717329, -0.13592362, -0.1510574 ,
         -0.11374426, -0.09014434, -0.10846997, -0.14474139,
         -0.15768147]]], dtype=float32), h_activation=array([[[ 1.9113798 ,  1.9336143 ,  1.733639  ,  2.4304285 ,
          1.3138043 ,  1.6161711 , -0.00559584,  1.9876068 ,
          0.6261538 ,  1.7347419 ]]], dtype=float32), o_activation=array([[[20.68046   , -0.13755868, -0.10401591, -0.06871266,
         -0.07417372, -0.09812391, -0.0886594 , -0.07560153,
         -0.07856067, -0.10717329, -0.13592362, -0.1510574 ,
         -0.11374426, -0.09014434, -0.10846997, -0.14474139,
         -0.15768147]]], dtype=float32), reward=1), transition(observation=array([[ 1.0065291 ,  0.03729527, -0.07444705, -0.02276699,  0.13792062,
         0.10261074,  0.15881929, -0.22483805,  0.03109883,  0.24439842,
         0.05582525,  0.11454234,  0.01078338,  0.13473958,  0.4098775 ,
         0.45346934,  0.4192925 ,  0.11177794,  0.07051153,  0.17285454,
         0.21814391,  0.19876257,  0.20277849, -0.04864285, -0.23302317,
        -0.13871546, -0.05079016, -0.04575413, -0.01218149, -0.0227014 ,
         0.1749028 ,  0.5911567 ,  0.3793945 ,  1.        ]],
      dtype=float32), activation=array([[[29.093914  , -0.18380375, -0.13935302, -0.10031768,
         -0.12930189, -0.14378813, -0.1239212 , -0.11268114,
         -0.13401328, -0.17627832, -0.18511829, -0.1830704 ,
         -0.1637333 , -0.1661705 , -0.1927063 , -0.22883852,
         -0.22080179]]], dtype=float32), h_activation=array([[[2.6144633, 4.4685707, 2.0921345, 3.5321736, 2.8378053,
         3.7941597, 1.7323377, 4.393798 , 1.2817624, 1.0621462]]],
      dtype=float32), o_activation=array([[[29.093914  , -0.18380375, -0.13935302, -0.10031768,
         -0.12930189, -0.14378813, -0.1239212 , -0.11268114,
         -0.13401328, -0.17627832, -0.18511829, -0.1830704 ,
         -0.1637333 , -0.1661705 , -0.1927063 , -0.22883852,
         -0.22080179]]], dtype=float32), reward=1), transition(observation=array([[ 1.0472661 ,  0.1325045 ,  0.03386218,  0.07828827,  0.18901545,
         0.1459031 ,  0.23227015, -0.00830255, -0.12761568,  0.21272802,
         0.3464497 , -0.15416291,  0.01693647, -0.02832772,  0.31846318,
         0.6072013 ,  0.15609647,  0.03246876,  0.06227577,  0.34463143,
         0.37083766,  0.0182572 , -0.07731955, -0.05285984, -0.04172356,
        -0.1616801 , -0.16983572, -0.13551132,  0.08604837,  0.06622607,
         0.56687385,  0.44432995,  0.474308  ,  1.        ]],
      dtype=float32), activation=array([[[30.796955  , -0.17055742, -0.17728941, -0.1641074 ,
         -0.1551803 , -0.17648773, -0.19615386, -0.2059423 ,
         -0.1858994 , -0.18814531, -0.1699203 , -0.16387577,
         -0.14776048, -0.13395745, -0.13481922, -0.16574758,
         -0.18061458]]], dtype=float32), h_activation=array([[[2.161534 , 5.7282696, 2.01633  , 4.6303215, 3.9348958,
         3.5173612, 3.234519 , 6.1155453, 2.7058775, 0.2752552]]],
      dtype=float32), o_activation=array([[[30.796955  , -0.17055742, -0.17728941, -0.1641074 ,
         -0.1551803 , -0.17648773, -0.19615386, -0.2059423 ,
         -0.1858994 , -0.18814531, -0.1699203 , -0.16387577,
         -0.14776048, -0.13395745, -0.13481922, -0.16574758,
         -0.18061458]]], dtype=float32), reward=1), transition(observation=array([[ 1.1041195e+00, -1.2217156e-02,  8.5914932e-04,  6.6706270e-02,
         4.5195788e-01,  5.5378381e-02, -4.4974707e-02, -1.7514745e-02,
         5.8687650e-02,  1.0265650e-02,  5.8440115e-02,  2.0900579e-02,
        -4.9579400e-03,  1.7345113e-01,  3.3356449e-01,  7.1883047e-01,
         1.8450245e-01,  8.1366338e-02, -8.0238402e-02,  2.0126307e-01,
         2.8651986e-01,  3.4609193e-01,  9.4861805e-02, -1.8767898e-01,
        -6.0710523e-02,  1.7530455e-01, -1.2904131e-01, -2.4973656e-01,
         3.2612108e-02,  9.2021205e-02,  1.7059980e-01,  5.7554322e-01,
         2.8884214e-01,  1.0000000e+00]], dtype=float32), activation=array([[[30.59586   , -0.16344447, -0.17955883, -0.1734861 ,
         -0.15765329, -0.17857602, -0.21519676, -0.26109886,
         -0.2357878 , -0.19198604, -0.13361135, -0.15667076,
         -0.19172986, -0.16366798, -0.12129792, -0.14488602,
         -0.16724089]]], dtype=float32), h_activation=array([[[ 2.4542530e+00,  6.0953932e+00,  1.7094607e+00,  6.5095387e+00,
          3.6601949e+00,  4.8217797e+00,  4.1625762e+00,  7.7601490e+00,
          1.9290596e+00, -5.2585835e-03]]], dtype=float32), o_activation=array([[[30.59586   , -0.16344447, -0.17955883, -0.1734861 ,
         -0.15765329, -0.17857602, -0.21519676, -0.26109886,
         -0.2357878 , -0.19198604, -0.13361135, -0.15667076,
         -0.19172986, -0.16366798, -0.12129792, -0.14488602,
         -0.16724089]]], dtype=float32), reward=1), transition(observation=array([[ 0.99041545,  0.13821116,  0.0605228 ,  0.0483637 ,  0.11033303,
         0.02518362,  0.13132083, -0.0509384 , -0.0751024 , -0.00859156,
        -0.14327334,  0.04456131,  0.11141647,  0.11773495,  0.16173424,
         0.7599878 ,  0.37113193,  0.17891772,  0.08237892,  0.17338236,
         0.27217883,  0.12981501,  0.02750333,  0.12446263,  0.13232039,
         0.07285035,  0.19943707,  0.08324858,  0.11898313,  0.09515459,
         0.48083034,  0.644401  ,  0.2808216 ,  1.        ]],
      dtype=float32), activation=array([[[27.806515  , -0.17930543, -0.17498179, -0.13418727,
         -0.1008542 , -0.16309944, -0.24304952, -0.28711355,
         -0.23648195, -0.1848308 , -0.10867882, -0.12540483,
         -0.16966166, -0.14754176, -0.07654739, -0.08291254,
         -0.14249727]]], dtype=float32), h_activation=array([[[2.684749 , 5.7526636, 2.9237478, 7.0415688, 3.1757252,
         6.1114736, 6.0642   , 9.143205 , 2.6247497, 0.1122326]]],
      dtype=float32), o_activation=array([[[27.806515  , -0.17930543, -0.17498179, -0.13418727,
         -0.1008542 , -0.16309944, -0.24304952, -0.28711355,
         -0.23648195, -0.1848308 , -0.10867882, -0.12540483,
         -0.16966166, -0.14754176, -0.07654739, -0.08291254,
         -0.14249727]]], dtype=float32), reward=1), transition(observation=array([[ 1.0117393 ,  0.19200964, -0.00484206,  0.02140527,  0.19287562,
         0.22526725, -0.01825682,  0.02184006, -0.07252646, -0.07837458,
        -0.08785915, -0.09414209, -0.12698491,  0.17887636,  0.3893609 ,
         0.5695345 ,  0.31767043,  0.19980879, -0.01578736,  0.15205304,
         0.406035  ,  0.24937735, -0.25390851,  0.03277443,  0.03433846,
         0.04017174,  0.28842887,  0.01944144, -0.03003042,  0.10860801,
         0.24985132,  0.50162375,  0.30654788,  1.        ]],
      dtype=float32), activation=array([[[27.854725  , -0.1540217 , -0.17021854, -0.14742656,
         -0.11910501, -0.18564029, -0.28404337, -0.33400103,
         -0.26901653, -0.2255867 , -0.11732225, -0.08857238,
         -0.13081183, -0.14610024, -0.06476597, -0.03568227,
         -0.09775468]]], dtype=float32), h_activation=array([[[ 2.1952066e+00,  6.3107433e+00,  4.0668097e+00,  7.0171161e+00,
          3.0524554e+00,  5.4501567e+00,  6.3095498e+00,  1.0440198e+01,
          2.0411358e+00, -2.9668689e-03]]], dtype=float32), o_activation=array([[[27.854725  , -0.1540217 , -0.17021854, -0.14742656,
         -0.11910501, -0.18564029, -0.28404337, -0.33400103,
         -0.26901653, -0.2255867 , -0.11732225, -0.08857238,
         -0.13081183, -0.14610024, -0.06476597, -0.03568227,
         -0.09775468]]], dtype=float32), reward=1), transition(observation=array([[0., 0., 0., 0., 0., 0., 0., 0., 0., 0., 0., 0., 0., 0., 0., 0.,
        0., 0., 0., 0., 0., 0., 0., 0., 0., 0., 0., 0., 0., 0., 0., 0.,
        0., 1.]], dtype=float32), activation=array([[[-7.09455460e-02,  5.76408863e+00,  1.24563694e-01,
          1.61249232e+00,  6.51156092e+00, -1.58892013e-02,
         -1.24309607e-01, -1.96590260e-01, -1.45751432e-01,
         -1.30624175e-01, -2.88551748e-02,  5.37208557e-01,
         -3.60667170e-03,  3.83552122e+00,  1.48238773e+01,
          2.18556557e+01,  1.60073166e+01]]], dtype=float32), h_activation=array([[[1.3539793 , 4.5393105 , 3.4469855 , 5.5711083 , 2.214566  ,
         3.838157  , 5.5496554 , 7.463127  , 2.191018  , 0.06353477]]],
      dtype=float32), o_activation=array([[[-7.09455460e-02,  5.76408863e+00,  1.24563694e-01,
          1.61249232e+00,  6.51156092e+00, -1.58892013e-02,
         -1.24309607e-01, -1.96590260e-01, -1.45751432e-01,
         -1.30624175e-01, -2.88551748e-02,  5.37208557e-01,
         -3.60667170e-03,  3.83552122e+00,  1.48238773e+01,
          2.18556557e+01,  1.60073166e+01]]], dtype=float32), reward=1), transition(observation=array([[0., 0., 0., 0., 0., 0., 0., 0., 0., 0., 0., 0., 0., 0., 0., 0.,
        0., 0., 0., 0., 0., 0., 0., 0., 0., 0., 0., 0., 0., 0., 0., 0.,
        0., 1.]], dtype=float32), activation=array([[[-6.77160546e-02,  3.61383152e+00,  5.18612504e-01,
          2.60675836e+00,  5.19255447e+00, -1.45060485e-02,
         -9.66180339e-02, -1.44709393e-01, -1.05862908e-01,
         -9.00747105e-02, -1.83242578e-02, -1.10535382e-03,
         -7.55843567e-03,  2.37674475e+00,  1.03571482e+01,
          1.61921825e+01,  1.18193073e+01]]], dtype=float32), h_activation=array([[[0.76192814, 3.3442662 , 3.153638  , 4.6683793 , 1.4901357 ,
         2.7282856 , 4.5321994 , 5.3218994 , 1.9461964 , 0.19740735]]],
      dtype=float32), o_activation=array([[[-6.77160546e-02,  3.61383152e+00,  5.18612504e-01,
          2.60675836e+00,  5.19255447e+00, -1.45060485e-02,
         -9.66180339e-02, -1.44709393e-01, -1.05862908e-01,
         -9.00747105e-02, -1.83242578e-02, -1.10535382e-03,
         -7.55843567e-03,  2.37674475e+00,  1.03571482e+01,
          1.61921825e+01,  1.18193073e+01]]], dtype=float32), reward=1)], success=True), configuration(episode=37, buffer=[transition(observation=array([[1., 0., 0., 0., 0., 0., 0., 0., 0., 0., 0., 0., 0., 0., 0., 0.,
        0., 0., 0., 0., 0., 0., 0., 0., 0., 0., 0., 0., 0., 0., 0., 0.,
        0., 1.]], dtype=float32), activation=array([[[22.06819   , -0.16423194, -0.09829667, -0.0684431 ,
         -0.08563564, -0.08378637, -0.07823429, -0.07916434,
         -0.07612116, -0.08751891, -0.13224255, -0.16178848,
         -0.12346218, -0.08102608, -0.10995874, -0.18023862,
         -0.20943384]]], dtype=float32), h_activation=array([[[ 0.7566331 ,  0.86678445,  0.876579  ,  1.1590619 ,
          0.4522693 ,  0.68814313, -0.00902339,  0.8538044 ,
          0.02913611,  0.7585149 ]]], dtype=float32), o_activation=array([[[22.06819   , -0.16423194, -0.09829667, -0.0684431 ,
         -0.08563564, -0.08378637, -0.07823429, -0.07916434,
         -0.07612116, -0.08751891, -0.13224255, -0.16178848,
         -0.12346218, -0.08102608, -0.10995874, -0.18023862,
         -0.20943384]]], dtype=float32), reward=1), transition(observation=array([[1., 0., 0., 0., 0., 0., 0., 0., 0., 0., 0., 0., 0., 0., 0., 0.,
        0., 0., 0., 0., 0., 0., 0., 0., 0., 0., 0., 0., 0., 0., 0., 0.,
        0., 1.]], dtype=float32), activation=array([[[21.337822  , -0.1491693 , -0.10197385, -0.06717525,
         -0.07688909, -0.09120708, -0.08393563, -0.07479876,
         -0.07536136, -0.09905721, -0.1364056 , -0.15782735,
         -0.11842414, -0.08629068, -0.10938227, -0.1589372 ,
         -0.1784776 ]]], dtype=float32), h_activation=array([[[ 1.3947372 ,  1.4963942 ,  1.4212117 ,  1.9371545 ,
          0.90128696,  1.2210518 , -0.00731216,  1.5029242 ,
          0.27260917,  1.3240087 ]]], dtype=float32), o_activation=array([[[21.337822  , -0.1491693 , -0.10197385, -0.06717525,
         -0.07688909, -0.09120708, -0.08393563, -0.07479876,
         -0.07536136, -0.09905721, -0.1364056 , -0.15782735,
         -0.11842414, -0.08629068, -0.10938227, -0.1589372 ,
         -0.1784776 ]]], dtype=float32), reward=1), transition(observation=array([[1., 0., 0., 0., 0., 0., 0., 0., 0., 0., 0., 0., 0., 0., 0., 0.,
        0., 0., 0., 0., 0., 0., 0., 0., 0., 0., 0., 0., 0., 0., 0., 0.,
        0., 1.]], dtype=float32), activation=array([[[20.68046   , -0.13755868, -0.10401591, -0.06871266,
         -0.07417372, -0.09812391, -0.0886594 , -0.07560153,
         -0.07856067, -0.10717329, -0.13592362, -0.1510574 ,
         -0.11374426, -0.09014434, -0.10846997, -0.14474139,
         -0.15768147]]], dtype=float32), h_activation=array([[[ 1.9113798 ,  1.9336143 ,  1.733639  ,  2.4304285 ,
          1.3138043 ,  1.6161711 , -0.00559584,  1.9876068 ,
          0.6261538 ,  1.7347419 ]]], dtype=float32), o_activation=array([[[20.68046   , -0.13755868, -0.10401591, -0.06871266,
         -0.07417372, -0.09812391, -0.0886594 , -0.07560153,
         -0.07856067, -0.10717329, -0.13592362, -0.1510574 ,
         -0.11374426, -0.09014434, -0.10846997, -0.14474139,
         -0.15768147]]], dtype=float32), reward=1), transition(observation=array([[ 1.0184563 ,  0.6449616 ,  0.18718229,  0.04708616, -0.06915355,
        -0.06763949,  0.07820031,  0.21743543, -0.12409721,  0.22734587,
         0.01221756,  0.06478149, -0.06461994,  0.04888205,  0.1884941 ,
         0.21904342,  0.7308124 ,  0.6010474 ,  0.41526088,  0.16368721,
         0.07595325, -0.03699008,  0.10736685, -0.07171207, -0.25474662,
        -0.10753475,  0.2924074 ,  0.01009978,  0.02916426,  0.10992648,
        -0.13852322,  0.31058812,  0.49062634,  1.        ]],
      dtype=float32), activation=array([[[31.307568  , -0.25885752, -0.19271289, -0.12163974,
         -0.12324154, -0.14126164, -0.13601813, -0.13949959,
         -0.17386076, -0.18174745, -0.16704895, -0.16791302,
         -0.153234  , -0.14911638, -0.17204565, -0.24179378,
         -0.27484974]]], dtype=float32), h_activation=array([[[3.3859358, 4.0165496, 5.3945594, 3.4429035, 3.816966 ,
         1.727239 , 1.8758888, 4.289122 , 1.9983929, 4.2740955]]],
      dtype=float32), o_activation=array([[[31.307568  , -0.25885752, -0.19271289, -0.12163974,
         -0.12324154, -0.14126164, -0.13601813, -0.13949959,
         -0.17386076, -0.18174745, -0.16704895, -0.16791302,
         -0.153234  , -0.14911638, -0.17204565, -0.24179378,
         -0.27484974]]], dtype=float32), reward=1), transition(observation=array([[ 1.10525537e+00,  5.29646397e-01,  1.86935902e-01,
         1.39893830e-01, -7.39772920e-04,  3.54797728e-02,
         7.86211565e-02, -1.42392114e-01, -7.58322105e-02,
         1.17940255e-01,  3.25022191e-02,  2.73679435e-01,
        -1.47269636e-01, -1.98216122e-02,  4.88186032e-02,
         3.34989369e-01,  6.39224768e-01,  7.79405951e-01,
         2.53540814e-01, -2.83087250e-02, -2.13945299e-01,
         5.11412844e-02,  1.29978523e-01,  5.15207797e-02,
         4.28309329e-02, -8.97341222e-02, -4.06627767e-02,
        -1.41658902e-01, -7.00176693e-03,  6.43554255e-02,
         1.17560461e-01,  3.87605309e-01,  3.92887861e-01,
         1.00000000e+00]], dtype=float32), activation=array([[[31.98465   , -0.17271793, -0.17212461, -0.14792225,
         -0.17109008, -0.2052087 , -0.18118565, -0.1715512 ,
         -0.20354123, -0.21373884, -0.18426412, -0.18115427,
         -0.15489137, -0.15841974, -0.17213865, -0.19815671,
         -0.17707507]]], dtype=float32), h_activation=array([[[4.8411303, 5.658146 , 6.2804847, 4.4384203, 4.9369993,
         2.2508945, 4.006437 , 6.5484037, 3.9319   , 6.0095296]]],
      dtype=float32), o_activation=array([[[31.98465   , -0.17271793, -0.17212461, -0.14792225,
         -0.17109008, -0.2052087 , -0.18118565, -0.1715512 ,
         -0.20354123, -0.21373884, -0.18426412, -0.18115427,
         -0.15489137, -0.15841974, -0.17213865, -0.19815671,
         -0.17707507]]], dtype=float32), reward=1), transition(observation=array([[ 1.1889218 ,  0.75143015,  0.49796468,  0.19260487, -0.20696194,
        -0.06112035, -0.12901738,  0.02421373,  0.02248716,  0.06355325,
         0.02976935, -0.11145408,  0.03701071,  0.00970734, -0.07409077,
         0.21793135,  0.5483025 ,  0.63811594,  0.45565635,  0.08360455,
        -0.2176532 ,  0.10729054, -0.00419199,  0.02380151,  0.14683822,
        -0.04066968, -0.02480593, -0.03657674,  0.06183882, -0.04757886,
         0.15008955,  0.14490879,  0.785904  ,  1.        ]],
      dtype=float32), activation=array([[[32.225803  , -0.1585786 , -0.1793238 , -0.16287746,
         -0.15831344, -0.20935981, -0.23743825, -0.27284834,
         -0.28259897, -0.23827557, -0.15206182, -0.13918075,
         -0.14350039, -0.18892533, -0.16984062, -0.15950033,
         -0.14114468]]], dtype=float32), h_activation=array([[[5.883174 , 5.4354334, 7.59346  , 3.583417 , 6.351142 ,
         1.5716867, 6.3221345, 7.784195 , 4.192552 , 8.999376 ]]],
      dtype=float32), o_activation=array([[[32.225803  , -0.1585786 , -0.1793238 , -0.16287746,
         -0.15831344, -0.20935981, -0.23743825, -0.27284834,
         -0.28259897, -0.23827557, -0.15206182, -0.13918075,
         -0.14350039, -0.18892533, -0.16984062, -0.15950033,
         -0.14114468]]], dtype=float32), reward=1), transition(observation=array([[ 0.87696683,  0.5935918 ,  0.37791026,  0.22559872, -0.02618228,
         0.07751581,  0.09822994,  0.0578149 ,  0.03731405, -0.04023783,
         0.01727728, -0.06039825, -0.03600889,  0.01424928,  0.08953071,
         0.3140432 ,  0.5630846 ,  0.7427783 ,  0.22377145, -0.10998152,
         0.02651578,  0.15089647,  0.10744729, -0.03062622, -0.18313004,
         0.22067113,  0.11698645, -0.05261196,  0.30466396, -0.01040431,
         0.07564873,  0.24101867,  0.6060238 ,  1.        ]],
      dtype=float32), activation=array([[[27.332256  , -0.04233703, -0.0730411 , -0.11240966,
         -0.18088964, -0.27127478, -0.31235117, -0.32341492,
         -0.28089094, -0.21950227, -0.12834688, -0.10215988,
         -0.09648081, -0.1762671 , -0.16086327, -0.11627294,
         -0.05794717]]], dtype=float32), h_activation=array([[[5.505716  , 5.294574  , 8.580622  , 3.446247  , 6.171004  ,
         0.60088646, 7.657766  , 8.7500515 , 4.5343633 , 9.53261   ]]],
      dtype=float32), o_activation=array([[[27.332256  , -0.04233703, -0.0730411 , -0.11240966,
         -0.18088964, -0.27127478, -0.31235117, -0.32341492,
         -0.28089094, -0.21950227, -0.12834688, -0.10215988,
         -0.09648081, -0.1762671 , -0.16086327, -0.11627294,
         -0.05794717]]], dtype=float32), reward=1), transition(observation=array([[ 1.08156753e+00,  5.59231639e-01,  3.44727248e-01,
         5.20689785e-02, -5.14357425e-02, -4.28167284e-02,
         2.25788444e-01, -7.65198469e-02,  1.04768872e-01,
        -8.97260606e-02, -1.18112050e-01,  1.01756118e-01,
         1.05969511e-01,  1.11786962e-01, -3.94317874e-04,
         1.22931354e-01,  6.68927193e-01,  5.33433974e-01,
         3.82819325e-01,  9.46997851e-02, -2.42385849e-01,
        -1.30385950e-01,  4.80603129e-02, -1.35585414e-02,
         4.21598814e-02,  3.08345631e-02, -1.64240710e-02,
         4.46209982e-02,  7.45697543e-02, -1.06775220e-02,
         4.86994572e-02,  1.93518281e-01,  7.16652453e-01,
         1.00000000e+00]], dtype=float32), activation=array([[[ 3.2996788e+01, -3.1960689e-02, -5.6367930e-02, -9.9839412e-02,
         -1.8850449e-01, -2.8797624e-01, -3.4958804e-01, -3.7680572e-01,
         -3.2662407e-01, -2.6283461e-01, -1.6357146e-01, -1.4425948e-01,
         -1.4041413e-01, -2.1804388e-01, -1.8009827e-01, -1.1923374e-01,
         -5.0782070e-02]]], dtype=float32), h_activation=array([[[ 5.9863358 ,  5.1082215 , 10.16405   ,  2.665782  ,
          5.969448  ,  0.87474334,  8.118417  ,  8.870387  ,
          4.807033  , 10.040146  ]]], dtype=float32), o_activation=array([[[ 3.2996788e+01, -3.1960689e-02, -5.6367930e-02, -9.9839412e-02,
         -1.8850449e-01, -2.8797624e-01, -3.4958804e-01, -3.7680572e-01,
         -3.2662407e-01, -2.6283461e-01, -1.6357146e-01, -1.4425948e-01,
         -1.4041413e-01, -2.1804388e-01, -1.8009827e-01, -1.1923374e-01,
         -5.0782070e-02]]], dtype=float32), reward=1), transition(observation=array([[0., 0., 0., 0., 0., 0., 0., 0., 0., 0., 0., 0., 0., 0., 0., 0.,
        0., 0., 0., 0., 0., 0., 0., 0., 0., 0., 0., 0., 0., 0., 0., 0.,
        0., 1.]], dtype=float32), activation=array([[[-6.6336580e-02,  2.5309845e+01,  1.5815273e+01,  6.4164248e+00,
         -3.2073803e-02, -1.3604404e-01, -1.9006103e-01, -2.1311869e-01,
         -1.5464048e-01, -1.3555628e-01, -5.7131279e-02,  4.5918417e-01,
          5.0388126e+00, -3.8841337e-02, -1.7755810e-02,  1.1735514e+01,
          2.4513285e+01]]], dtype=float32), h_activation=array([[[4.0870605, 3.8679001, 8.129442 , 1.9240761, 4.5862904,
         0.3669981, 6.9110575, 6.2045193, 4.01242  , 7.2525063]]],
      dtype=float32), o_activation=array([[[-6.6336580e-02,  2.5309845e+01,  1.5815273e+01,  6.4164248e+00,
         -3.2073803e-02, -1.3604404e-01, -1.9006103e-01, -2.1311869e-01,
         -1.5464048e-01, -1.3555628e-01, -5.7131279e-02,  4.5918417e-01,
          5.0388126e+00, -3.8841337e-02, -1.7755810e-02,  1.1735514e+01,
          2.4513285e+01]]], dtype=float32), reward=1), transition(observation=array([[0., 0., 0., 0., 0., 0., 0., 0., 0., 0., 0., 0., 0., 0., 0., 0.,
        0., 0., 0., 0., 0., 0., 0., 0., 0., 0., 0., 0., 0., 0., 0., 0.,
        0., 1.]], dtype=float32), activation=array([[[-6.1291303e-02,  1.8397774e+01,  1.1801681e+01,  5.4369659e+00,
         -2.3827447e-02, -1.0362728e-01, -1.4625362e-01, -1.5955667e-01,
         -1.1207268e-01, -8.8282488e-02, -4.0142380e-02, -8.9103458e-03,
          3.2688513e+00, -2.2234110e-02, -1.5821381e-02,  8.1664715e+00,
          1.8046215e+01]]], dtype=float32), h_activation=array([[[2.723476  , 3.0307186 , 6.752045  , 1.65908   , 3.3988585 ,
         0.09666818, 5.531782  , 4.320361  , 3.0993755 , 5.321329  ]]],
      dtype=float32), o_activation=array([[[-6.1291303e-02,  1.8397774e+01,  1.1801681e+01,  5.4369659e+00,
         -2.3827447e-02, -1.0362728e-01, -1.4625362e-01, -1.5955667e-01,
         -1.1207268e-01, -8.8282488e-02, -4.0142380e-02, -8.9103458e-03,
          3.2688513e+00, -2.2234110e-02, -1.5821381e-02,  8.1664715e+00,
          1.8046215e+01]]], dtype=float32), reward=1)], success=True), configuration(episode=38, buffer=[transition(observation=array([[1., 0., 0., 0., 0., 0., 0., 0., 0., 0., 0., 0., 0., 0., 0., 0.,
        0., 0., 0., 0., 0., 0., 0., 0., 0., 0., 0., 0., 0., 0., 0., 0.,
        0., 1.]], dtype=float32), activation=array([[[22.06819   , -0.16423194, -0.09829667, -0.0684431 ,
         -0.08563564, -0.08378637, -0.07823429, -0.07916434,
         -0.07612116, -0.08751891, -0.13224255, -0.16178848,
         -0.12346218, -0.08102608, -0.10995874, -0.18023862,
         -0.20943384]]], dtype=float32), h_activation=array([[[ 0.7566331 ,  0.86678445,  0.876579  ,  1.1590619 ,
          0.4522693 ,  0.68814313, -0.00902339,  0.8538044 ,
          0.02913611,  0.7585149 ]]], dtype=float32), o_activation=array([[[22.06819   , -0.16423194, -0.09829667, -0.0684431 ,
         -0.08563564, -0.08378637, -0.07823429, -0.07916434,
         -0.07612116, -0.08751891, -0.13224255, -0.16178848,
         -0.12346218, -0.08102608, -0.10995874, -0.18023862,
         -0.20943384]]], dtype=float32), reward=1), transition(observation=array([[1., 0., 0., 0., 0., 0., 0., 0., 0., 0., 0., 0., 0., 0., 0., 0.,
        0., 0., 0., 0., 0., 0., 0., 0., 0., 0., 0., 0., 0., 0., 0., 0.,
        0., 1.]], dtype=float32), activation=array([[[21.337822  , -0.1491693 , -0.10197385, -0.06717525,
         -0.07688909, -0.09120708, -0.08393563, -0.07479876,
         -0.07536136, -0.09905721, -0.1364056 , -0.15782735,
         -0.11842414, -0.08629068, -0.10938227, -0.1589372 ,
         -0.1784776 ]]], dtype=float32), h_activation=array([[[ 1.3947372 ,  1.4963942 ,  1.4212117 ,  1.9371545 ,
          0.90128696,  1.2210518 , -0.00731216,  1.5029242 ,
          0.27260917,  1.3240087 ]]], dtype=float32), o_activation=array([[[21.337822  , -0.1491693 , -0.10197385, -0.06717525,
         -0.07688909, -0.09120708, -0.08393563, -0.07479876,
         -0.07536136, -0.09905721, -0.1364056 , -0.15782735,
         -0.11842414, -0.08629068, -0.10938227, -0.1589372 ,
         -0.1784776 ]]], dtype=float32), reward=1), transition(observation=array([[1., 0., 0., 0., 0., 0., 0., 0., 0., 0., 0., 0., 0., 0., 0., 0.,
        0., 0., 0., 0., 0., 0., 0., 0., 0., 0., 0., 0., 0., 0., 0., 0.,
        0., 1.]], dtype=float32), activation=array([[[20.68046   , -0.13755868, -0.10401591, -0.06871266,
         -0.07417372, -0.09812391, -0.0886594 , -0.07560153,
         -0.07856067, -0.10717329, -0.13592362, -0.1510574 ,
         -0.11374426, -0.09014434, -0.10846997, -0.14474139,
         -0.15768147]]], dtype=float32), h_activation=array([[[ 1.9113798 ,  1.9336143 ,  1.733639  ,  2.4304285 ,
          1.3138043 ,  1.6161711 , -0.00559584,  1.9876068 ,
          0.6261538 ,  1.7347419 ]]], dtype=float32), o_activation=array([[[20.68046   , -0.13755868, -0.10401591, -0.06871266,
         -0.07417372, -0.09812391, -0.0886594 , -0.07560153,
         -0.07856067, -0.10717329, -0.13592362, -0.1510574 ,
         -0.11374426, -0.09014434, -0.10846997, -0.14474139,
         -0.15768147]]], dtype=float32), reward=1), transition(observation=array([[ 1.0103992 , -0.0756238 , -0.12440765,  0.05345841,  0.05829718,
        -0.05643655,  0.00929555, -0.01389454,  0.09842589,  0.11077101,
         0.39283356,  0.22361226,  0.4009445 ,  0.4870682 ,  0.32777992,
         0.09187391,  0.02389544,  0.04427728,  0.00967712, -0.11420367,
         0.05561841,  0.08286395, -0.17687453, -0.02770619,  0.2883769 ,
         0.37873313,  0.6654895 ,  0.5324668 ,  0.1739038 ,  0.23344946,
         0.28852594,  0.07008842,  0.06015189,  1.        ]],
      dtype=float32), activation=array([[[28.542515  , -0.14181237, -0.12391146, -0.08784349,
         -0.11111755, -0.12318438, -0.11908873, -0.11043678,
         -0.12508494, -0.18103433, -0.22748335, -0.24202117,
         -0.21420582, -0.19184944, -0.18985577, -0.19221145,
         -0.173512  ]]], dtype=float32), h_activation=array([[[ 3.8889782 ,  2.1112266 ,  1.8452842 ,  3.226735  ,
          3.636729  ,  3.9063017 , -0.00533724,  2.1829255 ,
          1.237609  ,  0.2449044 ]]], dtype=float32), o_activation=array([[[28.542515  , -0.14181237, -0.12391146, -0.08784349,
         -0.11111755, -0.12318438, -0.11908873, -0.11043678,
         -0.12508494, -0.18103433, -0.22748335, -0.24202117,
         -0.21420582, -0.19184944, -0.18985577, -0.19221145,
         -0.173512  ]]], dtype=float32), reward=1), transition(observation=array([[ 1.0395867 ,  0.07901333,  0.12000285,  0.20761576, -0.01031659,
         0.07345598,  0.11446375, -0.05227103,  0.06242024,  0.16603655,
         0.250644  ,  0.45359617,  0.40558606,  0.39831266,  0.27772483,
        -0.00544909,  0.06112058,  0.00473828,  0.02971405, -0.14301726,
         0.11823831, -0.06829869,  0.13460046, -0.08226255,  0.1726299 ,
         0.48186618,  0.61086583,  0.32894087,  0.16854478,  0.09548777,
         0.12180484,  0.13566718, -0.05657764,  1.        ]],
      dtype=float32), activation=array([[[32.600998  , -0.19013207, -0.20348409, -0.16115971,
         -0.17466256, -0.20579463, -0.17323603, -0.15058069,
         -0.16119318, -0.1714957 , -0.19889186, -0.22233844,
         -0.18526208, -0.13029456, -0.15507905, -0.18855166,
         -0.18360646]]], dtype=float32), h_activation=array([[[ 5.6746483e+00,  1.7072914e+00,  1.4680822e+00,  3.1047564e+00,
          4.8942795e+00,  4.8515501e+00, -1.7665896e-03,  2.9130862e+00,
          2.8155832e+00,  6.5609765e-01]]], dtype=float32), o_activation=array([[[32.600998  , -0.19013207, -0.20348409, -0.16115971,
         -0.17466256, -0.20579463, -0.17323603, -0.15058069,
         -0.16119318, -0.1714957 , -0.19889186, -0.22233844,
         -0.18526208, -0.13029456, -0.15507905, -0.18855166,
         -0.18360646]]], dtype=float32), reward=1), transition(observation=array([[ 0.7504271 ,  0.02481462, -0.03205382, -0.13396949, -0.19445203,
        -0.01122443, -0.02082626, -0.0576163 , -0.09873452,  0.06610173,
         0.37498865,  0.24345906,  0.42021635,  0.5910438 ,  0.17430574,
        -0.01321096, -0.05838604, -0.03896093, -0.04763128,  0.0043217 ,
        -0.10001632, -0.02735205, -0.05624475, -0.07662947,  0.20337404,
         0.2367684 ,  0.59993845,  0.30841345,  0.18915825,  0.08644616,
         0.15231666, -0.0511032 , -0.18107131,  1.        ]],
      dtype=float32), activation=array([[[18.542046  , -0.10105579, -0.11814333, -0.09208456,
         -0.12166921, -0.16626297, -0.12935805, -0.12755898,
         -0.13536425, -0.12630473, -0.12159771, -0.13002338,
         -0.10709933, -0.07311282, -0.10479887, -0.13677749,
         -0.11184283]]], dtype=float32), h_activation=array([[[ 6.8940692e+00,  1.3978540e+00,  1.9129117e+00,  1.8681629e+00,
          6.8313951e+00,  5.5762439e+00,  7.5253844e-03,  2.7892656e+00,
          3.9770193e+00, -3.4079158e-03]]], dtype=float32), o_activation=array([[[18.542046  , -0.10105579, -0.11814333, -0.09208456,
         -0.12166921, -0.16626297, -0.12935805, -0.12755898,
         -0.13536425, -0.12630473, -0.12159771, -0.13002338,
         -0.10709933, -0.07311282, -0.10479887, -0.13677749,
         -0.11184283]]], dtype=float32), reward=1), transition(observation=array([[ 9.6727091e-01,  3.2723989e-04,  1.5149370e-01, -2.8453628e-02,
         1.0026037e-02, -2.9132253e-01,  6.1316993e-02, -7.1350634e-02,
         1.6569266e-02,  3.3559614e-01,  2.5136250e-01,  4.6472590e-02,
         3.7546259e-01,  5.8077276e-01,  3.8148221e-01,  7.0608124e-02,
        -9.0681784e-02, -1.0148953e-01, -4.1001678e-02, -1.3072583e-01,
        -3.7948627e-02,  8.2432948e-02, -2.2745447e-03,  1.2198706e-01,
         1.2848717e-01,  5.4122245e-01,  6.6273218e-01,  4.8706734e-01,
         4.5278046e-02,  3.1777218e-02,  7.1659878e-02, -4.7482274e-02,
         8.0951564e-02,  1.0000000e+00]], dtype=float32), activation=array([[[26.29826   , -0.13950153, -0.17383419, -0.17555973,
         -0.21440929, -0.2382483 , -0.16739109, -0.18934184,
         -0.21429138, -0.16412117, -0.12333643, -0.1273164 ,
         -0.09968033, -0.06305005, -0.13343954, -0.20815195,
         -0.17318112]]], dtype=float32), h_activation=array([[[ 7.2217517e+00,  7.2562182e-01,  1.5431857e+00,  8.6518842e-01,
          8.8259830e+00,  5.7187471e+00,  1.1967461e+00,  2.9630611e+00,
          3.3558612e+00, -7.9795374e-03]]], dtype=float32), o_activation=array([[[26.29826   , -0.13950153, -0.17383419, -0.17555973,
         -0.21440929, -0.2382483 , -0.16739109, -0.18934184,
         -0.21429138, -0.16412117, -0.12333643, -0.1273164 ,
         -0.09968033, -0.06305005, -0.13343954, -0.20815195,
         -0.17318112]]], dtype=float32), reward=1), transition(observation=array([[ 0.9980064 , -0.03236422, -0.06159058, -0.00694066, -0.08455237,
        -0.07004387, -0.03107419,  0.05725607,  0.19913146,  0.21449725,
         0.27948976,  0.30803144,  0.2984906 ,  0.53398824,  0.25067922,
         0.00625847,  0.03899732, -0.17533374,  0.07895691, -0.03065787,
         0.00525938, -0.14224942, -0.02237524,  0.04282045,  0.06658909,
         0.39212018,  0.63920784,  0.427592  ,  0.4583729 ,  0.22038062,
         0.1537897 ,  0.03723909,  0.10687167,  1.        ]],
      dtype=float32), activation=array([[[ 3.0874741e+01, -1.1977664e-01, -1.4671448e-01, -1.7539467e-01,
         -2.6446745e-01, -3.1896931e-01, -2.4949130e-01, -2.5017077e-01,
         -2.3610647e-01, -1.5063906e-01, -1.1738376e-01, -1.4511000e-01,
         -9.4298437e-02, -1.7228527e-02, -9.8721102e-02, -2.1014494e-01,
         -1.7912966e-01]]], dtype=float32), h_activation=array([[[ 7.2084818e+00,  6.6686833e-01,  1.5404816e+00,  8.9534748e-01,
          9.5568924e+00,  6.4930081e+00,  1.4197836e+00,  2.0000253e+00,
          3.5514712e+00, -3.9211432e-03]]], dtype=float32), o_activation=array([[[ 3.0874741e+01, -1.1977664e-01, -1.4671448e-01, -1.7539467e-01,
         -2.6446745e-01, -3.1896931e-01, -2.4949130e-01, -2.5017077e-01,
         -2.3610647e-01, -1.5063906e-01, -1.1738376e-01, -1.4511000e-01,
         -9.4298437e-02, -1.7228527e-02, -9.8721102e-02, -2.1014494e-01,
         -1.7912966e-01]]], dtype=float32), reward=1), transition(observation=array([[0., 0., 0., 0., 0., 0., 0., 0., 0., 0., 0., 0., 0., 0., 0., 0.,
        0., 0., 0., 0., 0., 0., 0., 0., 0., 0., 0., 0., 0., 0., 0., 0.,
        0., 1.]], dtype=float32), activation=array([[[-4.9261026e-02,  1.3826737e+00, -3.4708422e-02, -7.7864215e-02,
         -1.5192449e-01, -2.2844796e-01, -1.3447492e-01, -9.1567583e-02,
         -5.2650183e-02,  5.9127617e+00,  9.9693832e+00,  7.6335988e+00,
          1.2962650e+01,  1.9237379e+01,  8.7288771e+00, -2.4857448e-02,
         -6.7478083e-03]]], dtype=float32), h_activation=array([[[5.4208274 , 0.3824897 , 1.1411388 , 0.65271145, 7.1485343 ,
         4.5707545 , 2.2540407 , 1.5494821 , 3.3324716 , 0.10428327]]],
      dtype=float32), o_activation=array([[[-4.9261026e-02,  1.3826737e+00, -3.4708422e-02, -7.7864215e-02,
         -1.5192449e-01, -2.2844796e-01, -1.3447492e-01, -9.1567583e-02,
         -5.2650183e-02,  5.9127617e+00,  9.9693832e+00,  7.6335988e+00,
          1.2962650e+01,  1.9237379e+01,  8.7288771e+00, -2.4857448e-02,
         -6.7478083e-03]]], dtype=float32), reward=1), transition(observation=array([[0., 0., 0., 0., 0., 0., 0., 0., 0., 0., 0., 0., 0., 0., 0., 0.,
        0., 0., 0., 0., 0., 0., 0., 0., 0., 0., 0., 0., 0., 0., 0., 0.,
        0., 1.]], dtype=float32), activation=array([[[-4.6059646e-02,  8.9295387e-01, -1.2843375e-02, -4.0937815e-02,
         -1.0762642e-01, -1.7217942e-01, -1.2051975e-01, -9.6407935e-02,
         -5.2186850e-02,  5.0120897e+00,  8.0270920e+00,  5.6037316e+00,
          9.6911039e+00,  1.4293795e+01,  6.1806631e+00, -2.1202497e-02,
         -9.4240429e-03]]], dtype=float32), h_activation=array([[[3.9779317 , 0.26280951, 1.1288604 , 0.70611715, 5.206986  ,
         3.197118  , 2.4289737 , 1.1684091 , 2.7961614 , 0.2232002 ]]],
      dtype=float32), o_activation=array([[[-4.6059646e-02,  8.9295387e-01, -1.2843375e-02, -4.0937815e-02,
         -1.0762642e-01, -1.7217942e-01, -1.2051975e-01, -9.6407935e-02,
         -5.2186850e-02,  5.0120897e+00,  8.0270920e+00,  5.6037316e+00,
          9.6911039e+00,  1.4293795e+01,  6.1806631e+00, -2.1202497e-02,
         -9.4240429e-03]]], dtype=float32), reward=1)], success=True), configuration(episode=39, buffer=[transition(observation=array([[1., 0., 0., 0., 0., 0., 0., 0., 0., 0., 0., 0., 0., 0., 0., 0.,
        0., 0., 0., 0., 0., 0., 0., 0., 0., 0., 0., 0., 0., 0., 0., 0.,
        0., 1.]], dtype=float32), activation=array([[[22.06819   , -0.16423194, -0.09829667, -0.0684431 ,
         -0.08563564, -0.08378637, -0.07823429, -0.07916434,
         -0.07612116, -0.08751891, -0.13224255, -0.16178848,
         -0.12346218, -0.08102608, -0.10995874, -0.18023862,
         -0.20943384]]], dtype=float32), h_activation=array([[[ 0.7566331 ,  0.86678445,  0.876579  ,  1.1590619 ,
          0.4522693 ,  0.68814313, -0.00902339,  0.8538044 ,
          0.02913611,  0.7585149 ]]], dtype=float32), o_activation=array([[[22.06819   , -0.16423194, -0.09829667, -0.0684431 ,
         -0.08563564, -0.08378637, -0.07823429, -0.07916434,
         -0.07612116, -0.08751891, -0.13224255, -0.16178848,
         -0.12346218, -0.08102608, -0.10995874, -0.18023862,
         -0.20943384]]], dtype=float32), reward=1), transition(observation=array([[1., 0., 0., 0., 0., 0., 0., 0., 0., 0., 0., 0., 0., 0., 0., 0.,
        0., 0., 0., 0., 0., 0., 0., 0., 0., 0., 0., 0., 0., 0., 0., 0.,
        0., 1.]], dtype=float32), activation=array([[[21.337822  , -0.1491693 , -0.10197385, -0.06717525,
         -0.07688909, -0.09120708, -0.08393563, -0.07479876,
         -0.07536136, -0.09905721, -0.1364056 , -0.15782735,
         -0.11842414, -0.08629068, -0.10938227, -0.1589372 ,
         -0.1784776 ]]], dtype=float32), h_activation=array([[[ 1.3947372 ,  1.4963942 ,  1.4212117 ,  1.9371545 ,
          0.90128696,  1.2210518 , -0.00731216,  1.5029242 ,
          0.27260917,  1.3240087 ]]], dtype=float32), o_activation=array([[[21.337822  , -0.1491693 , -0.10197385, -0.06717525,
         -0.07688909, -0.09120708, -0.08393563, -0.07479876,
         -0.07536136, -0.09905721, -0.1364056 , -0.15782735,
         -0.11842414, -0.08629068, -0.10938227, -0.1589372 ,
         -0.1784776 ]]], dtype=float32), reward=1), transition(observation=array([[1., 0., 0., 0., 0., 0., 0., 0., 0., 0., 0., 0., 0., 0., 0., 0.,
        0., 0., 0., 0., 0., 0., 0., 0., 0., 0., 0., 0., 0., 0., 0., 0.,
        0., 1.]], dtype=float32), activation=array([[[20.68046   , -0.13755868, -0.10401591, -0.06871266,
         -0.07417372, -0.09812391, -0.0886594 , -0.07560153,
         -0.07856067, -0.10717329, -0.13592362, -0.1510574 ,
         -0.11374426, -0.09014434, -0.10846997, -0.14474139,
         -0.15768147]]], dtype=float32), h_activation=array([[[ 1.9113798 ,  1.9336143 ,  1.733639  ,  2.4304285 ,
          1.3138043 ,  1.6161711 , -0.00559584,  1.9876068 ,
          0.6261538 ,  1.7347419 ]]], dtype=float32), o_activation=array([[[20.68046   , -0.13755868, -0.10401591, -0.06871266,
         -0.07417372, -0.09812391, -0.0886594 , -0.07560153,
         -0.07856067, -0.10717329, -0.13592362, -0.1510574 ,
         -0.11374426, -0.09014434, -0.10846997, -0.14474139,
         -0.15768147]]], dtype=float32), reward=1), transition(observation=array([[ 1.1120183 ,  0.0511085 , -0.15935461,  0.01898004,  0.01850926,
         0.04954468,  0.09619918,  0.07807822, -0.14236614, -0.06499617,
         0.28471813,  0.32109842,  0.05327894,  0.08187152,  0.3883829 ,
         0.5850188 ,  0.3162439 ,  0.24142241, -0.01794154,  0.05064329,
         0.10102583,  0.13949704,  0.2121163 , -0.06126705, -0.10578656,
         0.19230483,  0.18539244,  0.27945563,  0.1831125 ,  0.44621846,
         0.13624442,  0.38543433,  0.09844644,  1.        ]],
      dtype=float32), activation=array([[[32.33692   , -0.1871926 , -0.14337315, -0.104098  ,
         -0.13637736, -0.15224329, -0.13992889, -0.12463327,
         -0.13793986, -0.18344696, -0.20895831, -0.21333133,
         -0.1916414 , -0.18643981, -0.205438  , -0.24135733,
         -0.23371194]]], dtype=float32), h_activation=array([[[2.758693 , 3.208048 , 2.675322 , 5.556096 , 2.9292262,
         4.2202477, 0.52838  , 4.647147 , 3.2068803, 0.6354718]]],
      dtype=float32), o_activation=array([[[32.33692   , -0.1871926 , -0.14337315, -0.104098  ,
         -0.13637736, -0.15224329, -0.13992889, -0.12463327,
         -0.13793986, -0.18344696, -0.20895831, -0.21333133,
         -0.1916414 , -0.18643981, -0.205438  , -0.24135733,
         -0.23371194]]], dtype=float32), reward=1), transition(observation=array([[ 1.0089579 ,  0.02173614, -0.08966083,  0.03757288, -0.0748024 ,
         0.03961821,  0.00669878,  0.03765501,  0.14385925, -0.02007758,
         0.23241363,  0.22029702,  0.03898567,  0.19528015,  0.40399152,
         0.69144595,  0.26448783,  0.01722238, -0.07010695,  0.1428655 ,
        -0.02522205, -0.18653011, -0.01305052,  0.01842648,  0.09251032,
         0.11613135,  0.15804984,  0.32351777,  0.47743836,  0.10195068,
         0.32081282,  0.46102995,  0.16548629,  1.        ]],
      dtype=float32), activation=array([[[26.776714  , -0.18468979, -0.16978556, -0.12696879,
         -0.14005081, -0.15782052, -0.1229082 , -0.14283858,
         -0.19812497, -0.2343044 , -0.16916032, -0.14906232,
         -0.18123716, -0.17898166, -0.15100496, -0.16381887,
         -0.17931016]]], dtype=float32), h_activation=array([[[2.7365644, 3.5294697, 2.5462315, 7.0117545, 4.4288993,
         6.6769524, 2.173367 , 6.101845 , 4.397876 , 0.1637075]]],
      dtype=float32), o_activation=array([[[26.776714  , -0.18468979, -0.16978556, -0.12696879,
         -0.14005081, -0.15782052, -0.1229082 , -0.14283858,
         -0.19812497, -0.2343044 , -0.16916032, -0.14906232,
         -0.18123716, -0.17898166, -0.15100496, -0.16381887,
         -0.17931016]]], dtype=float32), reward=1), transition(observation=array([[ 1.0362071 , -0.20568715,  0.00762569,  0.04366167,  0.2237085 ,
        -0.04062098,  0.02014837,  0.06026091, -0.1568874 , -0.0840745 ,
         0.1752716 ,  0.09663618,  0.1218213 ,  0.17449382,  0.4048537 ,
         0.6666666 ,  0.37229773,  0.03274852, -0.07326789,  0.05341651,
        -0.04037196,  0.08090146,  0.04096484,  0.05920741,  0.07971373,
         0.04261187,  0.3681202 ,  0.6635181 ,  0.21797282,  0.2201164 ,
         0.2626102 ,  0.29857633,  0.27336788,  1.        ]],
      dtype=float32), activation=array([[[25.594246  , -0.18328206, -0.19166528, -0.17858677,
         -0.19528471, -0.22190367, -0.17898975, -0.17729224,
         -0.19902058, -0.21806417, -0.13081644, -0.10628557,
         -0.16460684, -0.17463753, -0.10658545, -0.10072904,
         -0.15136886]]], dtype=float32), h_activation=array([[[ 3.3630672,  3.1557891,  2.7513595,  8.964237 ,  4.520932 ,
          7.6833386,  3.7849994,  7.8595514,  4.9408226, -0.0145577]]],
      dtype=float32), o_activation=array([[[25.594246  , -0.18328206, -0.19166528, -0.17858677,
         -0.19528471, -0.22190367, -0.17898975, -0.17729224,
         -0.19902058, -0.21806417, -0.13081644, -0.10628557,
         -0.16460684, -0.17463753, -0.10658545, -0.10072904,
         -0.15136886]]], dtype=float32), reward=1), transition(observation=array([[ 1.14109051e+00,  9.54096317e-02, -1.13306962e-01,
        -7.24763498e-02,  8.31032246e-02, -8.64075720e-02,
         1.10896304e-01, -4.00130339e-02, -1.72813147e-01,
        -1.51442876e-02,  1.16765592e-02,  7.32245967e-02,
         7.20170364e-02, -1.63870922e-04,  3.50896835e-01,
         7.39020586e-01,  3.88205141e-01,  1.39094442e-01,
         4.79438975e-02, -4.74967249e-02,  1.04507253e-01,
        -1.18800290e-02,  9.30939391e-02,  1.09638736e-01,
         6.34569153e-02, -8.70039612e-02,  3.42755616e-01,
         4.26028073e-01,  2.41585985e-01, -8.86556357e-02,
         2.63792545e-01,  2.61375159e-01,  1.65698856e-01,
         1.00000000e+00]], dtype=float32), activation=array([[[28.206024  , -0.20423721, -0.19213966, -0.15501857,
         -0.18272083, -0.25170904, -0.23074391, -0.23810525,
         -0.25747922, -0.25875637, -0.1190035 , -0.07417404,
         -0.14704533, -0.17445636, -0.08455893, -0.06369338,
         -0.14519899]]], dtype=float32), h_activation=array([[[ 3.3421645e+00,  3.7315347e+00,  3.6656494e+00,  9.5765438e+00,
          4.7499800e+00,  8.6389074e+00,  5.7233577e+00,  9.2248230e+00,
          5.8320785e+00, -5.8259857e-03]]], dtype=float32), o_activation=array([[[28.206024  , -0.20423721, -0.19213966, -0.15501857,
         -0.18272083, -0.25170904, -0.23074391, -0.23810525,
         -0.25747922, -0.25875637, -0.1190035 , -0.07417404,
         -0.14704533, -0.17445636, -0.08455893, -0.06369338,
         -0.14519899]]], dtype=float32), reward=1), transition(observation=array([[ 1.0177476e+00,  3.1182370e-01, -1.3063380e-02, -6.4704508e-02,
        -6.7483135e-02, -2.3783979e-01, -1.9025075e-01, -6.4305462e-02,
         1.1108000e-01,  9.4444327e-02,  8.4003676e-03,  1.4311467e-01,
         5.9775062e-02,  1.2499523e-02,  5.1165879e-01,  6.3968587e-01,
         4.6157742e-01, -3.8543191e-02, -2.2454050e-01,  1.7882256e-01,
        -4.2970389e-02,  6.1714593e-02,  4.2065503e-03, -6.4705929e-04,
        -5.3235509e-02,  1.0576850e-01,  3.2423100e-01,  3.1031093e-01,
         4.0012529e-01,  2.3759972e-01,  7.3533922e-02,  1.1713504e-01,
         3.1279871e-01,  1.0000000e+00]], dtype=float32), activation=array([[[ 2.6029869e+01, -1.9408008e-01, -1.9739214e-01, -1.5667734e-01,
         -1.6116266e-01, -2.2374025e-01, -2.3653550e-01, -2.8350756e-01,
         -3.0918348e-01, -3.0089334e-01, -1.2678742e-01, -5.2957688e-02,
         -1.3688245e-01, -1.8273623e-01, -6.9026209e-02, -1.9434199e-02,
         -1.0466240e-01]]], dtype=float32), h_activation=array([[[ 3.3505487,  4.1095214,  4.1913786,  9.574083 ,  6.3302026,
         10.095976 ,  7.717627 ,  9.828561 ,  5.557853 ,  1.2499774]]],
      dtype=float32), o_activation=array([[[ 2.6029869e+01, -1.9408008e-01, -1.9739214e-01, -1.5667734e-01,
         -1.6116266e-01, -2.2374025e-01, -2.3653550e-01, -2.8350756e-01,
         -3.0918348e-01, -3.0089334e-01, -1.2678742e-01, -5.2957688e-02,
         -1.3688245e-01, -1.8273623e-01, -6.9026209e-02, -1.9434199e-02,
         -1.0466240e-01]]], dtype=float32), reward=1), transition(observation=array([[0., 0., 0., 0., 0., 0., 0., 0., 0., 0., 0., 0., 0., 0., 0., 0.,
        0., 0., 0., 0., 0., 0., 0., 0., 0., 0., 0., 0., 0., 0., 0., 0.,
        0., 1.]], dtype=float32), activation=array([[[-8.8428035e-02,  4.4948988e+00, -2.7083281e-02, -5.0415125e-02,
         -6.7413785e-02, -1.7995986e-01, -1.9900566e-01, -1.8315718e-01,
         -1.2507266e-01, -1.0920361e-01,  3.4460621e+00,  1.0372314e+01,
          5.2181425e+00,  2.3744392e+00,  1.6297312e+01,  2.7525942e+01,
          1.8552872e+01]]], dtype=float32), h_activation=array([[[2.0543697, 2.4040215, 3.461695 , 7.271804 , 4.5648866,
         7.013479 , 7.049025 , 6.844795 , 4.981985 , 0.9947503]]],
      dtype=float32), o_activation=array([[[-8.8428035e-02,  4.4948988e+00, -2.7083281e-02, -5.0415125e-02,
         -6.7413785e-02, -1.7995986e-01, -1.9900566e-01, -1.8315718e-01,
         -1.2507266e-01, -1.0920361e-01,  3.4460621e+00,  1.0372314e+01,
          5.2181425e+00,  2.3744392e+00,  1.6297312e+01,  2.7525942e+01,
          1.8552872e+01]]], dtype=float32), reward=1), transition(observation=array([[0., 0., 0., 0., 0., 0., 0., 0., 0., 0., 0., 0., 0., 0., 0., 0.,
        0., 0., 0., 0., 0., 0., 0., 0., 0., 0., 0., 0., 0., 0., 0., 0.,
        0., 1.]], dtype=float32), activation=array([[[-7.5418726e-02,  2.6777163e+00, -8.1124427e-03, -1.7860068e-02,
         -5.2352484e-02, -1.4441915e-01, -1.6261379e-01, -1.4509521e-01,
         -9.7376585e-02, -7.4594654e-02,  3.1217160e+00,  7.4131904e+00,
          3.4264283e+00,  9.8601198e-01,  1.1197572e+01,  2.0303278e+01,
          1.3488047e+01]]], dtype=float32), h_activation=array([[[1.1003814, 1.3751445, 3.1906478, 5.8240438, 3.1127455,
         4.8497787, 5.911117 , 4.7017956, 4.0370517, 0.877586 ]]],
      dtype=float32), o_activation=array([[[-7.5418726e-02,  2.6777163e+00, -8.1124427e-03, -1.7860068e-02,
         -5.2352484e-02, -1.4441915e-01, -1.6261379e-01, -1.4509521e-01,
         -9.7376585e-02, -7.4594654e-02,  3.1217160e+00,  7.4131904e+00,
          3.4264283e+00,  9.8601198e-01,  1.1197572e+01,  2.0303278e+01,
          1.3488047e+01]]], dtype=float32), reward=1)], success=True), configuration(episode=40, buffer=[transition(observation=array([[1., 0., 0., 0., 0., 0., 0., 0., 0., 0., 0., 0., 0., 0., 0., 0.,
        0., 0., 0., 0., 0., 0., 0., 0., 0., 0., 0., 0., 0., 0., 0., 0.,
        0., 1.]], dtype=float32), activation=array([[[22.06819   , -0.16423194, -0.09829667, -0.0684431 ,
         -0.08563564, -0.08378637, -0.07823429, -0.07916434,
         -0.07612116, -0.08751891, -0.13224255, -0.16178848,
         -0.12346218, -0.08102608, -0.10995874, -0.18023862,
         -0.20943384]]], dtype=float32), h_activation=array([[[ 0.7566331 ,  0.86678445,  0.876579  ,  1.1590619 ,
          0.4522693 ,  0.68814313, -0.00902339,  0.8538044 ,
          0.02913611,  0.7585149 ]]], dtype=float32), o_activation=array([[[22.06819   , -0.16423194, -0.09829667, -0.0684431 ,
         -0.08563564, -0.08378637, -0.07823429, -0.07916434,
         -0.07612116, -0.08751891, -0.13224255, -0.16178848,
         -0.12346218, -0.08102608, -0.10995874, -0.18023862,
         -0.20943384]]], dtype=float32), reward=1), transition(observation=array([[1., 0., 0., 0., 0., 0., 0., 0., 0., 0., 0., 0., 0., 0., 0., 0.,
        0., 0., 0., 0., 0., 0., 0., 0., 0., 0., 0., 0., 0., 0., 0., 0.,
        0., 1.]], dtype=float32), activation=array([[[21.337822  , -0.1491693 , -0.10197385, -0.06717525,
         -0.07688909, -0.09120708, -0.08393563, -0.07479876,
         -0.07536136, -0.09905721, -0.1364056 , -0.15782735,
         -0.11842414, -0.08629068, -0.10938227, -0.1589372 ,
         -0.1784776 ]]], dtype=float32), h_activation=array([[[ 1.3947372 ,  1.4963942 ,  1.4212117 ,  1.9371545 ,
          0.90128696,  1.2210518 , -0.00731216,  1.5029242 ,
          0.27260917,  1.3240087 ]]], dtype=float32), o_activation=array([[[21.337822  , -0.1491693 , -0.10197385, -0.06717525,
         -0.07688909, -0.09120708, -0.08393563, -0.07479876,
         -0.07536136, -0.09905721, -0.1364056 , -0.15782735,
         -0.11842414, -0.08629068, -0.10938227, -0.1589372 ,
         -0.1784776 ]]], dtype=float32), reward=1), transition(observation=array([[1., 0., 0., 0., 0., 0., 0., 0., 0., 0., 0., 0., 0., 0., 0., 0.,
        0., 0., 0., 0., 0., 0., 0., 0., 0., 0., 0., 0., 0., 0., 0., 0.,
        0., 1.]], dtype=float32), activation=array([[[20.68046   , -0.13755868, -0.10401591, -0.06871266,
         -0.07417372, -0.09812391, -0.0886594 , -0.07560153,
         -0.07856067, -0.10717329, -0.13592362, -0.1510574 ,
         -0.11374426, -0.09014434, -0.10846997, -0.14474139,
         -0.15768147]]], dtype=float32), h_activation=array([[[ 1.9113798 ,  1.9336143 ,  1.733639  ,  2.4304285 ,
          1.3138043 ,  1.6161711 , -0.00559584,  1.9876068 ,
          0.6261538 ,  1.7347419 ]]], dtype=float32), o_activation=array([[[20.68046   , -0.13755868, -0.10401591, -0.06871266,
         -0.07417372, -0.09812391, -0.0886594 , -0.07560153,
         -0.07856067, -0.10717329, -0.13592362, -0.1510574 ,
         -0.11374426, -0.09014434, -0.10846997, -0.14474139,
         -0.15768147]]], dtype=float32), reward=1), transition(observation=array([[ 0.9766302 , -0.03150099,  0.06967379,  0.18897381,  0.13024786,
         0.01707467,  0.37034854,  0.6851085 ,  0.44997707,  0.01142093,
         0.06060226, -0.23741889, -0.05808931,  0.04399633,  0.02047707,
        -0.13717246, -0.02942831,  0.02064035,  0.13781781,  0.70108294,
         0.3731506 ,  0.21018632,  0.18210016,  0.23610021,  0.07416496,
        -0.04266555,  0.00110448, -0.07020806, -0.10725102,  0.14522287,
        -0.06972931, -0.01110258,  0.19283067,  1.        ]],
      dtype=float32), activation=array([[[25.940872  , -0.145742  , -0.12237179, -0.09082379,
         -0.108062  , -0.15986452, -0.15533856, -0.1467109 ,
         -0.14685209, -0.14848457, -0.13578357, -0.1381033 ,
         -0.10831909, -0.08885872, -0.10049018, -0.13530374,
         -0.15824755]]], dtype=float32), h_activation=array([[[-1.2670874e-03,  6.5681326e-01,  3.1758630e+00,  2.9107413e+00,
          8.0806446e-01, -1.2243285e-03, -2.0913731e-02, -2.1906614e-03,
          1.9698071e-01,  2.1542687e+00]]], dtype=float32), o_activation=array([[[25.940872  , -0.145742  , -0.12237179, -0.09082379,
         -0.108062  , -0.15986452, -0.15533856, -0.1467109 ,
         -0.14685209, -0.14848457, -0.13578357, -0.1381033 ,
         -0.10831909, -0.08885872, -0.10049018, -0.13530374,
         -0.15824755]]], dtype=float32), reward=1), transition(observation=array([[ 1.0732847 , -0.13958076,  0.0315401 ,  0.30638012,  0.03104771,
         0.15607612,  0.43277332,  0.6727249 ,  0.46160072, -0.15188949,
        -0.05876809, -0.02023503,  0.02465695, -0.19839895, -0.15302226,
         0.13969816,  0.06560555,  0.09044392,  0.26406738,  0.5048553 ,
         0.17295311,  0.29524675,  0.16111563,  0.33502567,  0.07066623,
        -0.11512175, -0.03014605,  0.17212701, -0.27578336, -0.15164971,
        -0.18658905, -0.01167705,  0.07551469,  1.        ]],
      dtype=float32), activation=array([[[29.708134  , -0.1724701 , -0.12857573, -0.08239812,
         -0.14022186, -0.20411521, -0.15294294, -0.07506099,
         -0.10359146, -0.13447094, -0.1534755 , -0.18335612,
         -0.14815742, -0.12492246, -0.13560632, -0.15764552,
         -0.17840627]]], dtype=float32), h_activation=array([[[-0.0154052 , -0.00705676,  3.8927839 ,  4.9127603 ,
         -0.01326137,  0.32469594, -0.02047266, -0.01185558,
          0.9557823 ,  2.9586847 ]]], dtype=float32), o_activation=array([[[29.708134  , -0.1724701 , -0.12857573, -0.08239812,
         -0.14022186, -0.20411521, -0.15294294, -0.07506099,
         -0.10359146, -0.13447094, -0.1534755 , -0.18335612,
         -0.14815742, -0.12492246, -0.13560632, -0.15764552,
         -0.17840627]]], dtype=float32), reward=1), transition(observation=array([[ 1.0083281 ,  0.02437275,  0.09078818, -0.07221363,  0.11295921,
         0.12691693,  0.3219941 ,  0.601546  ,  0.3628318 ,  0.2178376 ,
         0.01269232,  0.05538469,  0.26314232, -0.05608536, -0.08568385,
         0.17686635,  0.02474928,  0.011111  ,  0.27475777,  0.6769324 ,
         0.35736215,  0.03345589,  0.16999492,  0.3447391 ,  0.1441826 ,
         0.08215591, -0.14198937, -0.11890268, -0.03611447, -0.09221938,
         0.0857118 ,  0.12570201,  0.00819703,  1.        ]],
      dtype=float32), activation=array([[[29.488976  , -0.18016712, -0.12603071, -0.04818774,
         -0.11977363, -0.1958472 , -0.12802985, -0.03709727,
         -0.10747208, -0.1859829 , -0.19491798, -0.2008648 ,
         -0.18324792, -0.19234459, -0.17693971, -0.14086023,
         -0.15438798]]], dtype=float32), h_activation=array([[[-6.46013068e-03,  6.06882453e-01,  4.41881084e+00,
          4.98009443e+00, -1.22851552e-03,  1.90253508e+00,
         -1.91445611e-02, -1.41015155e-02,  1.49313653e+00,
          3.90190911e+00]]], dtype=float32), o_activation=array([[[29.488976  , -0.18016712, -0.12603071, -0.04818774,
         -0.11977363, -0.1958472 , -0.12802985, -0.03709727,
         -0.10747208, -0.1859829 , -0.19491798, -0.2008648 ,
         -0.18324792, -0.19234459, -0.17693971, -0.14086023,
         -0.15438798]]], dtype=float32), reward=1), transition(observation=array([[ 1.0926621 ,  0.10826389,  0.2671299 ,  0.17579018,  0.08201855,
         0.16526222,  0.32151315,  0.8052864 ,  0.4180476 ,  0.18404162,
        -0.12355416, -0.02517132,  0.23283379, -0.12550217, -0.0407513 ,
         0.15650843, -0.00268298,  0.13370031,  0.39535698,  0.48903987,
         0.35864046,  0.126403  ,  0.21385288,  0.23597361,  0.16769652,
        -0.22805844,  0.10686951, -0.04767649, -0.07812966,  0.08228133,
        -0.02742876, -0.01385597, -0.01954988,  1.        ]],
      dtype=float32), activation=array([[[31.461815  , -0.20390002, -0.17597772, -0.11811575,
         -0.1629511 , -0.2215662 , -0.1501119 , -0.04961102,
         -0.10528582, -0.19233672, -0.20350412, -0.18045238,
         -0.16762638, -0.2161736 , -0.19130702, -0.13919905,
         -0.16449814]]], dtype=float32), h_activation=array([[[-1.1461224e-02, -1.4793604e-03,  4.8754139e+00,  5.0076575e+00,
         -7.3113572e-03,  2.1069708e+00, -1.8879835e-02, -1.0490924e-02,
          1.4824853e+00,  5.5482745e+00]]], dtype=float32), o_activation=array([[[31.461815  , -0.20390002, -0.17597772, -0.11811575,
         -0.1629511 , -0.2215662 , -0.1501119 , -0.04961102,
         -0.10528582, -0.19233672, -0.20350412, -0.18045238,
         -0.16762638, -0.2161736 , -0.19130702, -0.13919905,
         -0.16449814]]], dtype=float32), reward=1), transition(observation=array([[ 1.1175015 ,  0.18906274,  0.10996874,  0.01006829,  0.18603876,
         0.13675441,  0.56670606,  0.5914266 ,  0.33262417,  0.2607119 ,
         0.0244722 , -0.0016966 , -0.13221648, -0.11713606,  0.06822698,
        -0.06760156,  0.10389317,  0.01965373,  0.18116552,  0.475395  ,
         0.30593544,  0.24534512,  0.13726108,  0.31306124,  0.18470731,
         0.18632716,  0.08205712, -0.10303675, -0.05728728, -0.02185635,
        -0.09021053,  0.0532131 , -0.08191101,  1.        ]],
      dtype=float32), activation=array([[[ 3.0847866e+01, -1.7795776e-01, -1.4539278e-01, -1.0577509e-01,
         -1.8607406e-01, -2.4854027e-01, -1.5302481e-01, -2.3939740e-02,
         -8.1189424e-02, -2.0479299e-01, -2.1876895e-01, -1.7093591e-01,
         -1.4670600e-01, -2.2164546e-01, -1.9550282e-01, -1.3281839e-01,
         -1.5377228e-01]]], dtype=float32), h_activation=array([[[-0.01415064,  1.1506283 ,  5.7717476 ,  4.5571632 ,
          0.35355142,  0.6198268 , -0.02437433, -0.01079892,
          2.3749201 ,  6.0999618 ]]], dtype=float32), o_activation=array([[[ 3.0847866e+01, -1.7795776e-01, -1.4539278e-01, -1.0577509e-01,
         -1.8607406e-01, -2.4854027e-01, -1.5302481e-01, -2.3939740e-02,
         -8.1189424e-02, -2.0479299e-01, -2.1876895e-01, -1.7093591e-01,
         -1.4670600e-01, -2.2164546e-01, -1.9550282e-01, -1.3281839e-01,
         -1.5377228e-01]]], dtype=float32), reward=1), transition(observation=array([[0., 0., 0., 0., 0., 0., 0., 0., 0., 0., 0., 0., 0., 0., 0., 0.,
        0., 0., 0., 0., 0., 0., 0., 0., 0., 0., 0., 0., 0., 0., 0., 0.,
        0., 1.]], dtype=float32), activation=array([[[-0.12358179,  3.0838566 ,  2.8808875 ,  5.874198  ,
          1.4092066 , -0.02135557,  7.7920094 , 18.861767  ,
         11.686224  , -0.02215187, -0.05631326, -0.03058149,
         -0.02582886, -0.10112848, -0.07693288,  3.1538982 ,
          7.353457  ]]], dtype=float32), h_activation=array([[[ 0.48698503,  1.2914658 ,  4.763342  ,  4.0293684 ,
          0.46786943,  0.9245939 , -0.00602688,  0.2656265 ,
          2.0308688 ,  5.084713  ]]], dtype=float32), o_activation=array([[[-0.12358179,  3.0838566 ,  2.8808875 ,  5.874198  ,
          1.4092066 , -0.02135557,  7.7920094 , 18.861767  ,
         11.686224  , -0.02215187, -0.05631326, -0.03058149,
         -0.02582886, -0.10112848, -0.07693288,  3.1538982 ,
          7.353457  ]]], dtype=float32), reward=1), transition(observation=array([[0., 0., 0., 0., 0., 0., 0., 0., 0., 0., 0., 0., 0., 0., 0., 0.,
        0., 0., 0., 0., 0., 0., 0., 0., 0., 0., 0., 0., 0., 0., 0., 0.,
        0., 1.]], dtype=float32), activation=array([[[-1.1377142e-01,  2.1413841e+00,  2.1687260e+00,  5.3637557e+00,
          2.1408987e+00, -1.3129258e-02,  6.3578749e+00,  1.5229797e+01,
          9.8077297e+00, -1.5397004e-02, -4.7330827e-02, -2.6035745e-02,
         -1.4974365e-02, -7.3601179e-02, -6.0732655e-02,  2.3463702e+00,
          5.6916862e+00]]], dtype=float32), h_activation=array([[[ 0.81973654,  1.3837106 ,  3.9920805 ,  3.617949  ,
          0.5199186 ,  1.1097494 , -0.0045492 ,  0.4734625 ,
          1.7805855 ,  4.304266  ]]], dtype=float32), o_activation=array([[[-1.1377142e-01,  2.1413841e+00,  2.1687260e+00,  5.3637557e+00,
          2.1408987e+00, -1.3129258e-02,  6.3578749e+00,  1.5229797e+01,
          9.8077297e+00, -1.5397004e-02, -4.7330827e-02, -2.6035745e-02,
         -1.4974365e-02, -7.3601179e-02, -6.0732655e-02,  2.3463702e+00,
          5.6916862e+00]]], dtype=float32), reward=1)], success=True), configuration(episode=41, buffer=[transition(observation=array([[1., 0., 0., 0., 0., 0., 0., 0., 0., 0., 0., 0., 0., 0., 0., 0.,
        0., 0., 0., 0., 0., 0., 0., 0., 0., 0., 0., 0., 0., 0., 0., 0.,
        0., 1.]], dtype=float32), activation=array([[[22.06819   , -0.16423194, -0.09829667, -0.0684431 ,
         -0.08563564, -0.08378637, -0.07823429, -0.07916434,
         -0.07612116, -0.08751891, -0.13224255, -0.16178848,
         -0.12346218, -0.08102608, -0.10995874, -0.18023862,
         -0.20943384]]], dtype=float32), h_activation=array([[[ 0.7566331 ,  0.86678445,  0.876579  ,  1.1590619 ,
          0.4522693 ,  0.68814313, -0.00902339,  0.8538044 ,
          0.02913611,  0.7585149 ]]], dtype=float32), o_activation=array([[[22.06819   , -0.16423194, -0.09829667, -0.0684431 ,
         -0.08563564, -0.08378637, -0.07823429, -0.07916434,
         -0.07612116, -0.08751891, -0.13224255, -0.16178848,
         -0.12346218, -0.08102608, -0.10995874, -0.18023862,
         -0.20943384]]], dtype=float32), reward=1), transition(observation=array([[1., 0., 0., 0., 0., 0., 0., 0., 0., 0., 0., 0., 0., 0., 0., 0.,
        0., 0., 0., 0., 0., 0., 0., 0., 0., 0., 0., 0., 0., 0., 0., 0.,
        0., 1.]], dtype=float32), activation=array([[[21.337822  , -0.1491693 , -0.10197385, -0.06717525,
         -0.07688909, -0.09120708, -0.08393563, -0.07479876,
         -0.07536136, -0.09905721, -0.1364056 , -0.15782735,
         -0.11842414, -0.08629068, -0.10938227, -0.1589372 ,
         -0.1784776 ]]], dtype=float32), h_activation=array([[[ 1.3947372 ,  1.4963942 ,  1.4212117 ,  1.9371545 ,
          0.90128696,  1.2210518 , -0.00731216,  1.5029242 ,
          0.27260917,  1.3240087 ]]], dtype=float32), o_activation=array([[[21.337822  , -0.1491693 , -0.10197385, -0.06717525,
         -0.07688909, -0.09120708, -0.08393563, -0.07479876,
         -0.07536136, -0.09905721, -0.1364056 , -0.15782735,
         -0.11842414, -0.08629068, -0.10938227, -0.1589372 ,
         -0.1784776 ]]], dtype=float32), reward=1), transition(observation=array([[1., 0., 0., 0., 0., 0., 0., 0., 0., 0., 0., 0., 0., 0., 0., 0.,
        0., 0., 0., 0., 0., 0., 0., 0., 0., 0., 0., 0., 0., 0., 0., 0.,
        0., 1.]], dtype=float32), activation=array([[[20.68046   , -0.13755868, -0.10401591, -0.06871266,
         -0.07417372, -0.09812391, -0.0886594 , -0.07560153,
         -0.07856067, -0.10717329, -0.13592362, -0.1510574 ,
         -0.11374426, -0.09014434, -0.10846997, -0.14474139,
         -0.15768147]]], dtype=float32), h_activation=array([[[ 1.9113798 ,  1.9336143 ,  1.733639  ,  2.4304285 ,
          1.3138043 ,  1.6161711 , -0.00559584,  1.9876068 ,
          0.6261538 ,  1.7347419 ]]], dtype=float32), o_activation=array([[[20.68046   , -0.13755868, -0.10401591, -0.06871266,
         -0.07417372, -0.09812391, -0.0886594 , -0.07560153,
         -0.07856067, -0.10717329, -0.13592362, -0.1510574 ,
         -0.11374426, -0.09014434, -0.10846997, -0.14474139,
         -0.15768147]]], dtype=float32), reward=1), transition(observation=array([[ 1.0194103 ,  0.02052008, -0.07276515,  0.11118786, -0.02471877,
        -0.08865435,  0.10737883, -0.01807066, -0.0221083 ,  0.01575495,
        -0.05796898,  0.07225531,  0.18711407,  0.47506616,  0.5160121 ,
         0.22501002,  0.08579971,  0.15269825, -0.06565987,  0.06531496,
        -0.0665186 ,  0.06965683,  0.03609202, -0.07861213, -0.16506433,
         0.0675267 ,  0.00456266,  0.02335396,  0.198088  ,  0.57272536,
         0.4149455 ,  0.5072746 ,  0.22591957,  1.        ]],
      dtype=float32), activation=array([[[26.3801    , -0.16365276, -0.12841597, -0.08739323,
         -0.10025615, -0.12341656, -0.11338302, -0.10428575,
         -0.10740887, -0.14553437, -0.167137  , -0.18271258,
         -0.18121324, -0.1823989 , -0.19718698, -0.2121545 ,
         -0.18736733]]], dtype=float32), h_activation=array([[[ 2.8543639e+00,  1.6877005e+00,  2.9404390e+00,  2.7589345e+00,
          3.0616148e+00,  3.3447523e+00, -2.4397433e-04,  4.1070251e+00,
          1.9823867e-01,  1.3627267e-01]]], dtype=float32), o_activation=array([[[26.3801    , -0.16365276, -0.12841597, -0.08739323,
         -0.10025615, -0.12341656, -0.11338302, -0.10428575,
         -0.10740887, -0.14553437, -0.167137  , -0.18271258,
         -0.18121324, -0.1823989 , -0.19718698, -0.2121545 ,
         -0.18736733]]], dtype=float32), reward=1), transition(observation=array([[ 9.09384370e-01,  1.63500413e-01,  8.32764730e-02,
         6.53879775e-04,  5.89575358e-02,  1.09460637e-01,
         7.69237280e-02, -6.48661926e-02, -4.58666347e-02,
         1.08516298e-01,  1.03315443e-01, -5.78702288e-03,
         2.06773669e-01,  3.53667825e-01,  6.70340836e-01,
         3.01784307e-01,  1.12212375e-01, -1.20053016e-01,
         1.61901280e-01,  3.64622548e-02, -4.21273671e-02,
         1.43582746e-01, -3.31960656e-02, -1.95263192e-01,
         1.32696807e-01,  6.77182991e-03,  2.02775691e-02,
        -2.89868042e-02,  3.93683404e-01,  6.28204286e-01,
         3.94999325e-01,  4.26084042e-01,  3.51454824e-01,
         1.00000000e+00]], dtype=float32), activation=array([[[27.57344   , -0.17023002, -0.15180866, -0.12144343,
         -0.15239729, -0.17722331, -0.12907642, -0.12757741,
         -0.16107751, -0.20413694, -0.18378319, -0.17767593,
         -0.15634397, -0.11001066, -0.13174774, -0.19211991,
         -0.18659064]]], dtype=float32), h_activation=array([[[ 3.3955858e+00,  2.8312316e+00,  3.0995166e+00,  2.3118856e+00,
          4.9095440e+00,  4.2053695e+00,  5.0276500e-01,  6.4531708e+00,
          4.8527607e-01, -5.3775869e-03]]], dtype=float32), o_activation=array([[[27.57344   , -0.17023002, -0.15180866, -0.12144343,
         -0.15239729, -0.17722331, -0.12907642, -0.12757741,
         -0.16107751, -0.20413694, -0.18378319, -0.17767593,
         -0.15634397, -0.11001066, -0.13174774, -0.19211991,
         -0.18659064]]], dtype=float32), reward=1), transition(observation=array([[ 1.1646919 , -0.02737484, -0.0835973 , -0.02341497,  0.00231731,
        -0.02958449,  0.1660596 ,  0.08503638, -0.06262776,  0.17232141,
        -0.02054118,  0.00611357,  0.37873164,  0.56277597,  0.44703633,
         0.38542566,  0.22257994, -0.17881332,  0.09690168,  0.04680339,
        -0.04302712, -0.05131098, -0.06017413, -0.01415856, -0.10116317,
         0.10928711,  0.04221033,  0.11165558,  0.25559512,  0.5086824 ,
         0.41894037,  0.5300753 ,  0.10886249,  1.        ]],
      dtype=float32), activation=array([[[34.506447  , -0.1616534 , -0.15133551, -0.157036  ,
         -0.19679986, -0.22250424, -0.18503234, -0.22042567,
         -0.23659578, -0.25455984, -0.21315978, -0.21412551,
         -0.19521557, -0.11808485, -0.12113415, -0.20495826,
         -0.20860612]]], dtype=float32), h_activation=array([[[ 4.208131  ,  2.8441715 ,  4.3460784 ,  2.2359016 ,
          6.151514  ,  5.9361577 ,  1.7031608 ,  6.9517317 ,
          0.7515973 , -0.01779078]]], dtype=float32), o_activation=array([[[34.506447  , -0.1616534 , -0.15133551, -0.157036  ,
         -0.19679986, -0.22250424, -0.18503234, -0.22042567,
         -0.23659578, -0.25455984, -0.21315978, -0.21412551,
         -0.19521557, -0.11808485, -0.12113415, -0.20495826,
         -0.20860612]]], dtype=float32), reward=1), transition(observation=array([[ 1.046332  , -0.05626177, -0.13195148,  0.19382158,  0.06647293,
        -0.00433104,  0.00310929, -0.10287057, -0.03206781, -0.20942363,
         0.14727841, -0.04189141,  0.3742222 ,  0.52402955,  0.6388223 ,
         0.21845546,  0.39302585, -0.06348718, -0.1811286 , -0.15293309,
        -0.00590658,  0.0204765 , -0.02905587, -0.06679336,  0.05003677,
        -0.04110744,  0.14937133, -0.11491151,  0.53013295,  0.3430671 ,
         0.5371021 ,  0.50502586,  0.29278818,  1.        ]],
      dtype=float32), activation=array([[[30.615452  , -0.13460675, -0.16295658, -0.19177616,
         -0.2300897 , -0.25383335, -0.20200567, -0.21988119,
         -0.2122329 , -0.22933492, -0.19187686, -0.17638507,
         -0.14643455, -0.07719818, -0.0952611 , -0.1708257 ,
         -0.1599615 ]]], dtype=float32), h_activation=array([[[ 5.778436  ,  2.5051553 ,  5.359576  ,  3.2035394 ,
          6.7353916 ,  6.6189556 ,  2.711153  ,  8.489329  ,
          0.56689644, -0.02155767]]], dtype=float32), o_activation=array([[[30.615452  , -0.13460675, -0.16295658, -0.19177616,
         -0.2300897 , -0.25383335, -0.20200567, -0.21988119,
         -0.2122329 , -0.22933492, -0.19187686, -0.17638507,
         -0.14643455, -0.07719818, -0.0952611 , -0.1708257 ,
         -0.1599615 ]]], dtype=float32), reward=1), transition(observation=array([[ 1.0512109 , -0.02848135, -0.12381273,  0.0427428 ,  0.08364315,
         0.25774464,  0.0864617 ,  0.05789365, -0.16901019, -0.18185328,
        -0.06588134, -0.12565519,  0.21327978,  0.6554707 ,  0.53095907,
         0.5051156 ,  0.19306825,  0.01717123,  0.24289526,  0.04025936,
         0.00424127,  0.03923226,  0.05525311,  0.0607251 ,  0.06896172,
        -0.0932924 , -0.08461633, -0.11463588,  0.17214726,  0.50596565,
         0.34476295,  0.2920731 ,  0.25669113,  1.        ]],
      dtype=float32), activation=array([[[32.4835    , -0.11248092, -0.14515662, -0.17056537,
         -0.23475549, -0.31108478, -0.26890603, -0.2746163 ,
         -0.2534308 , -0.2505226 , -0.17101523, -0.14303452,
         -0.10375134, -0.04719788, -0.07838539, -0.14925528,
         -0.13053995]]], dtype=float32), h_activation=array([[[ 5.7407374 ,  2.7343771 ,  6.335932  ,  3.092857  ,
          6.381622  ,  6.631961  ,  3.1247272 , 10.145878  ,
          0.2545918 , -0.02867178]]], dtype=float32), o_activation=array([[[32.4835    , -0.11248092, -0.14515662, -0.17056537,
         -0.23475549, -0.31108478, -0.26890603, -0.2746163 ,
         -0.2534308 , -0.2505226 , -0.17101523, -0.14303452,
         -0.10375134, -0.04719788, -0.07838539, -0.14925528,
         -0.13053995]]], dtype=float32), reward=1), transition(observation=array([[0., 0., 0., 0., 0., 0., 0., 0., 0., 0., 0., 0., 0., 0., 0., 0.,
        0., 0., 0., 0., 0., 0., 0., 0., 0., 0., 0., 0., 0., 0., 0., 0.,
        0., 1.]], dtype=float32), activation=array([[[-4.1300856e-02,  7.9438448e+00,  1.5633825e+00, -2.0636577e-02,
         -5.5268906e-02, -1.3251899e-01, -1.0389432e-01, -1.4920163e-01,
         -1.5326247e-01, -1.7084798e-01, -7.3478118e-02,  4.8918724e-03,
          9.2754955e+00,  1.8837963e+01,  1.7338739e+01,  1.2599834e+01,
          1.0954325e+01]]], dtype=float32), h_activation=array([[[ 4.3689218e+00,  2.0804598e+00,  4.7975221e+00,  2.3095756e+00,
          5.0089030e+00,  4.6796370e+00,  3.4987750e+00,  7.4523983e+00,
          1.1966496e+00, -5.0985784e-04]]], dtype=float32), o_activation=array([[[-4.1300856e-02,  7.9438448e+00,  1.5633825e+00, -2.0636577e-02,
         -5.5268906e-02, -1.3251899e-01, -1.0389432e-01, -1.4920163e-01,
         -1.5326247e-01, -1.7084798e-01, -7.3478118e-02,  4.8918724e-03,
          9.2754955e+00,  1.8837963e+01,  1.7338739e+01,  1.2599834e+01,
          1.0954325e+01]]], dtype=float32), reward=1), transition(observation=array([[0., 0., 0., 0., 0., 0., 0., 0., 0., 0., 0., 0., 0., 0., 0., 0.,
        0., 0., 0., 0., 0., 0., 0., 0., 0., 0., 0., 0., 0., 0., 0., 0.,
        0., 1.]], dtype=float32), activation=array([[[-4.30881344e-02,  5.79975510e+00,  1.99023759e+00,
         -4.20585601e-03, -4.01601978e-02, -1.02764718e-01,
         -9.51884463e-02, -1.37010202e-01, -1.27704367e-01,
         -1.16063595e-01, -4.16676290e-02,  1.91254139e-01,
          6.87019205e+00,  1.40638161e+01,  1.24760332e+01,
          8.89227676e+00,  7.83830976e+00]]], dtype=float32), h_activation=array([[[3.2217374 , 1.6281009 , 3.8990145 , 1.9392264 , 3.7795384 ,
         3.2750902 , 3.3561006 , 5.437091  , 1.4510115 , 0.03651866]]],
      dtype=float32), o_activation=array([[[-4.30881344e-02,  5.79975510e+00,  1.99023759e+00,
         -4.20585601e-03, -4.01601978e-02, -1.02764718e-01,
         -9.51884463e-02, -1.37010202e-01, -1.27704367e-01,
         -1.16063595e-01, -4.16676290e-02,  1.91254139e-01,
          6.87019205e+00,  1.40638161e+01,  1.24760332e+01,
          8.89227676e+00,  7.83830976e+00]]], dtype=float32), reward=1)], success=True), configuration(episode=42, buffer=[transition(observation=array([[1., 0., 0., 0., 0., 0., 0., 0., 0., 0., 0., 0., 0., 0., 0., 0.,
        0., 0., 0., 0., 0., 0., 0., 0., 0., 0., 0., 0., 0., 0., 0., 0.,
        0., 1.]], dtype=float32), activation=array([[[22.06819   , -0.16423194, -0.09829667, -0.0684431 ,
         -0.08563564, -0.08378637, -0.07823429, -0.07916434,
         -0.07612116, -0.08751891, -0.13224255, -0.16178848,
         -0.12346218, -0.08102608, -0.10995874, -0.18023862,
         -0.20943384]]], dtype=float32), h_activation=array([[[ 0.7566331 ,  0.86678445,  0.876579  ,  1.1590619 ,
          0.4522693 ,  0.68814313, -0.00902339,  0.8538044 ,
          0.02913611,  0.7585149 ]]], dtype=float32), o_activation=array([[[22.06819   , -0.16423194, -0.09829667, -0.0684431 ,
         -0.08563564, -0.08378637, -0.07823429, -0.07916434,
         -0.07612116, -0.08751891, -0.13224255, -0.16178848,
         -0.12346218, -0.08102608, -0.10995874, -0.18023862,
         -0.20943384]]], dtype=float32), reward=1), transition(observation=array([[1., 0., 0., 0., 0., 0., 0., 0., 0., 0., 0., 0., 0., 0., 0., 0.,
        0., 0., 0., 0., 0., 0., 0., 0., 0., 0., 0., 0., 0., 0., 0., 0.,
        0., 1.]], dtype=float32), activation=array([[[21.337822  , -0.1491693 , -0.10197385, -0.06717525,
         -0.07688909, -0.09120708, -0.08393563, -0.07479876,
         -0.07536136, -0.09905721, -0.1364056 , -0.15782735,
         -0.11842414, -0.08629068, -0.10938227, -0.1589372 ,
         -0.1784776 ]]], dtype=float32), h_activation=array([[[ 1.3947372 ,  1.4963942 ,  1.4212117 ,  1.9371545 ,
          0.90128696,  1.2210518 , -0.00731216,  1.5029242 ,
          0.27260917,  1.3240087 ]]], dtype=float32), o_activation=array([[[21.337822  , -0.1491693 , -0.10197385, -0.06717525,
         -0.07688909, -0.09120708, -0.08393563, -0.07479876,
         -0.07536136, -0.09905721, -0.1364056 , -0.15782735,
         -0.11842414, -0.08629068, -0.10938227, -0.1589372 ,
         -0.1784776 ]]], dtype=float32), reward=1), transition(observation=array([[1., 0., 0., 0., 0., 0., 0., 0., 0., 0., 0., 0., 0., 0., 0., 0.,
        0., 0., 0., 0., 0., 0., 0., 0., 0., 0., 0., 0., 0., 0., 0., 0.,
        0., 1.]], dtype=float32), activation=array([[[20.68046   , -0.13755868, -0.10401591, -0.06871266,
         -0.07417372, -0.09812391, -0.0886594 , -0.07560153,
         -0.07856067, -0.10717329, -0.13592362, -0.1510574 ,
         -0.11374426, -0.09014434, -0.10846997, -0.14474139,
         -0.15768147]]], dtype=float32), h_activation=array([[[ 1.9113798 ,  1.9336143 ,  1.733639  ,  2.4304285 ,
          1.3138043 ,  1.6161711 , -0.00559584,  1.9876068 ,
          0.6261538 ,  1.7347419 ]]], dtype=float32), o_activation=array([[[20.68046   , -0.13755868, -0.10401591, -0.06871266,
         -0.07417372, -0.09812391, -0.0886594 , -0.07560153,
         -0.07856067, -0.10717329, -0.13592362, -0.1510574 ,
         -0.11374426, -0.09014434, -0.10846997, -0.14474139,
         -0.15768147]]], dtype=float32), reward=1), transition(observation=array([[ 1.2373395 , -0.03420797,  0.40187666,  0.5741193 ,  0.49959826,
         0.14694753,  0.16781981,  0.23655249, -0.1093314 , -0.17504418,
        -0.1969629 ,  0.11063774,  0.02132544, -0.07365269, -0.08360727,
         0.10495231,  0.0025472 ,  0.0854276 ,  0.4554877 ,  0.45685565,
         0.27406994, -0.01284394,  0.21263191,  0.41512793,  0.16700019,
        -0.1950691 ,  0.02604836,  0.05464036,  0.16029023, -0.05015397,
        -0.15178558, -0.01945326,  0.05736468,  1.        ]],
      dtype=float32), activation=array([[[32.311592  , -0.21842559, -0.20665711, -0.1895665 ,
         -0.18462205, -0.20068042, -0.17081413, -0.13979624,
         -0.12347015, -0.13077086, -0.15368183, -0.17310517,
         -0.14769508, -0.13151886, -0.13718899, -0.17677191,
         -0.21360575]]], dtype=float32), h_activation=array([[[ 3.1147485e+00,  5.3746426e-01,  1.5348630e+00,  4.7876034e+00,
         -1.1594689e-02, -2.2832185e-04, -9.0338672e-03,  4.1541929e+00,
          6.7231011e-01,  2.6565070e+00]]], dtype=float32), o_activation=array([[[32.311592  , -0.21842559, -0.20665711, -0.1895665 ,
         -0.18462205, -0.20068042, -0.17081413, -0.13979624,
         -0.12347015, -0.13077086, -0.15368183, -0.17310517,
         -0.14769508, -0.13151886, -0.13718899, -0.17677191,
         -0.21360575]]], dtype=float32), reward=1), transition(observation=array([[ 1.0829186 ,  0.08969521,  0.39235348,  0.8238699 ,  0.48009986,
        -0.04190731, -0.01055278,  0.11853817, -0.04194616,  0.02124101,
        -0.07578158,  0.02612902, -0.0257867 ,  0.08472624,  0.00520275,
        -0.11757722,  0.00467445,  0.05178899,  0.24487789,  0.37084663,
         0.22196303,  0.13840277,  0.03640322,  0.291024  ,  0.20347573,
        -0.07585134, -0.03948292,  0.20198797, -0.05499091, -0.06128857,
         0.10413273, -0.14856854, -0.04496241,  1.        ]],
      dtype=float32), activation=array([[[28.453815  , -0.21313927, -0.15197799, -0.08449809,
         -0.09851272, -0.1477138 , -0.13214374, -0.1353199 ,
         -0.17634209, -0.2067929 , -0.16709335, -0.15665993,
         -0.15566182, -0.15568171, -0.13096684, -0.13604008,
         -0.18326889]]], dtype=float32), h_activation=array([[[ 4.9217391e+00, -6.6938954e-03,  1.1775444e+00,  6.1478167e+00,
         -5.7023214e-03, -2.1538362e-02, -9.7560341e-04,  5.2438202e+00,
         -3.5362297e-03,  3.6537156e+00]]], dtype=float32), o_activation=array([[[28.453815  , -0.21313927, -0.15197799, -0.08449809,
         -0.09851272, -0.1477138 , -0.13214374, -0.1353199 ,
         -0.17634209, -0.2067929 , -0.16709335, -0.15665993,
         -0.15566182, -0.15568171, -0.13096684, -0.13604008,
         -0.18326889]]], dtype=float32), reward=1), transition(observation=array([[ 1.1011702 ,  0.09762733,  0.38645864,  0.5704183 ,  0.38061315,
         0.22627719,  0.04129389,  0.26611117, -0.00529557, -0.10939503,
        -0.18345653, -0.1694882 , -0.1531492 , -0.01248867, -0.1270099 ,
        -0.00888605,  0.02410746,  0.01302576,  0.18629092,  0.52373034,
         0.5103462 , -0.02505604,  0.2618218 ,  0.3625594 ,  0.07657855,
         0.2889958 ,  0.02438512,  0.05749606,  0.09542367,  0.14506155,
         0.14296898, -0.27796218, -0.03412235,  1.        ]],
      dtype=float32), activation=array([[[ 2.86284103e+01, -2.02903211e-01, -1.08909167e-01,
         -1.61977392e-02, -5.90495095e-02, -1.76585302e-01,
         -1.79614499e-01, -1.68125659e-01, -1.94599167e-01,
         -2.07011178e-01, -1.29660815e-01, -1.09276585e-01,
         -1.07739486e-01, -1.28848299e-01, -1.17000617e-01,
         -1.23596512e-01, -1.75445974e-01]]], dtype=float32), h_activation=array([[[ 4.8214197e+00, -1.7936211e-03,  1.6049194e+00,  6.2915897e+00,
         -1.4533277e-02, -2.5126597e-02, -4.0419432e-03,  5.9335661e+00,
         -4.9252929e-03,  4.5649195e+00]]], dtype=float32), o_activation=array([[[ 2.86284103e+01, -2.02903211e-01, -1.08909167e-01,
         -1.61977392e-02, -5.90495095e-02, -1.76585302e-01,
         -1.79614499e-01, -1.68125659e-01, -1.94599167e-01,
         -2.07011178e-01, -1.29660815e-01, -1.09276585e-01,
         -1.07739486e-01, -1.28848299e-01, -1.17000617e-01,
         -1.23596512e-01, -1.75445974e-01]]], dtype=float32), reward=1), transition(observation=array([[ 0.95982313,  0.08147264,  0.3373309 ,  0.7166615 ,  0.3868447 ,
         0.15503378,  0.05903057,  0.05331187, -0.12096407, -0.09287059,
        -0.1545908 , -0.17292596,  0.0801003 ,  0.09267606, -0.03403816,
        -0.15029861,  0.13042638,  0.12004179,  0.15392873,  0.3988062 ,
         0.32010135,  0.01705972,  0.31079525,  0.22977592,  0.32436758,
         0.27028412,  0.16559951, -0.21955863,  0.16090114,  0.17485031,
        -0.0026599 ,  0.1359072 ,  0.12140688,  1.        ]],
      dtype=float32), activation=array([[[ 2.41317616e+01, -1.77955940e-01, -8.58052224e-02,
         -2.04861630e-03, -5.22064567e-02, -1.59008503e-01,
         -1.50639683e-01, -1.37883469e-01, -1.67627752e-01,
         -2.09088534e-01, -1.40702307e-01, -1.10763967e-01,
         -1.18859299e-01, -1.48213610e-01, -1.15304545e-01,
         -1.02395035e-01, -1.42978698e-01]]], dtype=float32), h_activation=array([[[ 6.2243376e+00, -5.0263158e-03,  2.0513389e+00,  6.0441761e+00,
         -1.1723673e-02, -2.3610193e-02,  3.2732600e-01,  6.8301516e+00,
         -7.2485302e-03,  4.5288048e+00]]], dtype=float32), o_activation=array([[[ 2.41317616e+01, -1.77955940e-01, -8.58052224e-02,
         -2.04861630e-03, -5.22064567e-02, -1.59008503e-01,
         -1.50639683e-01, -1.37883469e-01, -1.67627752e-01,
         -2.09088534e-01, -1.40702307e-01, -1.10763967e-01,
         -1.18859299e-01, -1.48213610e-01, -1.15304545e-01,
         -1.02395035e-01, -1.42978698e-01]]], dtype=float32), reward=1), transition(observation=array([[ 1.1974382 ,  0.0637608 ,  0.57291806,  0.5980607 ,  0.41571498,
         0.14880207,  0.02652664,  0.15757264,  0.14463747,  0.06142318,
        -0.00408456, -0.10434836, -0.07682897,  0.13426861, -0.07338468,
        -0.05285694, -0.06995449,  0.05873828,  0.15783289,  0.46897107,
         0.18879727, -0.01141242,  0.18059492,  0.41181725,  0.2191365 ,
         0.10378036, -0.00441339,  0.10333893,  0.00883495, -0.19028726,
         0.18829258,  0.05318736,  0.08861599,  1.        ]],
      dtype=float32), activation=array([[[ 3.4615219e+01, -1.9566424e-01, -1.1016968e-01, -2.4539089e-02,
         -7.2727673e-02, -1.8663689e-01, -2.0404516e-01, -2.2586267e-01,
         -2.6481253e-01, -2.9460192e-01, -2.0177005e-01, -1.5058054e-01,
         -1.3025416e-01, -1.5842700e-01, -1.4613520e-01, -1.3677756e-01,
         -1.7041001e-01]]], dtype=float32), h_activation=array([[[ 6.2341509e+00, -4.3363078e-03,  1.1112840e+00,  5.7030964e+00,
         -2.2194108e-03, -2.3466200e-02,  2.8971517e-01,  6.7955074e+00,
         -6.1236345e-03,  5.5194607e+00]]], dtype=float32), o_activation=array([[[ 3.4615219e+01, -1.9566424e-01, -1.1016968e-01, -2.4539089e-02,
         -7.2727673e-02, -1.8663689e-01, -2.0404516e-01, -2.2586267e-01,
         -2.6481253e-01, -2.9460192e-01, -2.0177005e-01, -1.5058054e-01,
         -1.3025416e-01, -1.5842700e-01, -1.4613520e-01, -1.3677756e-01,
         -1.7041001e-01]]], dtype=float32), reward=1), transition(observation=array([[0., 0., 0., 0., 0., 0., 0., 0., 0., 0., 0., 0., 0., 0., 0., 0.,
        0., 0., 0., 0., 0., 0., 0., 0., 0., 0., 0., 0., 0., 0., 0., 0.,
        0., 1.]], dtype=float32), activation=array([[[-5.9956379e-02,  3.2394533e+00,  1.3053884e+01,  2.1597095e+01,
          1.4605629e+01,  5.5671930e-01, -3.7590910e-02, -5.9501037e-02,
         -8.1600770e-02, -1.3229367e-01, -5.4202426e-02,  9.0957928e-01,
          2.3661489e+00, -2.3699559e-02, -6.3884365e-03,  3.5115304e+00,
          3.3254561e+00]]], dtype=float32), h_activation=array([[[5.0964146 , 0.44803262, 1.0052373 , 4.523844  , 0.37314853,
         0.23013234, 0.879674  , 5.289439  , 0.8830329 , 4.486445  ]]],
      dtype=float32), o_activation=array([[[-5.9956379e-02,  3.2394533e+00,  1.3053884e+01,  2.1597095e+01,
          1.4605629e+01,  5.5671930e-01, -3.7590910e-02, -5.9501037e-02,
         -8.1600770e-02, -1.3229367e-01, -5.4202426e-02,  9.0957928e-01,
          2.3661489e+00, -2.3699559e-02, -6.3884365e-03,  3.5115304e+00,
          3.3254561e+00]]], dtype=float32), reward=1), transition(observation=array([[0., 0., 0., 0., 0., 0., 0., 0., 0., 0., 0., 0., 0., 0., 0., 0.,
        0., 0., 0., 0., 0., 0., 0., 0., 0., 0., 0., 0., 0., 0., 0., 0.,
        0., 1.]], dtype=float32), activation=array([[[-6.3906550e-02,  2.6106453e+00,  1.0133674e+01,  1.6660488e+01,
          1.1263861e+01,  4.1191459e-01, -3.7015386e-02, -5.9793558e-02,
         -6.6457726e-02, -9.1723859e-02, -3.3103935e-02,  1.1087461e+00,
          2.1658297e+00, -1.7762814e-02, -8.0560213e-03,  2.4733071e+00,
          2.5543132e+00]]], dtype=float32), h_activation=array([[[4.107088  , 0.7135613 , 1.0387807 , 3.7152324 , 0.4972742 ,
         0.36514628, 1.1564324 , 4.1173677 , 1.2897403 , 3.6913176 ]]],
      dtype=float32), o_activation=array([[[-6.3906550e-02,  2.6106453e+00,  1.0133674e+01,  1.6660488e+01,
          1.1263861e+01,  4.1191459e-01, -3.7015386e-02, -5.9793558e-02,
         -6.6457726e-02, -9.1723859e-02, -3.3103935e-02,  1.1087461e+00,
          2.1658297e+00, -1.7762814e-02, -8.0560213e-03,  2.4733071e+00,
          2.5543132e+00]]], dtype=float32), reward=1)], success=True), configuration(episode=43, buffer=[transition(observation=array([[1., 0., 0., 0., 0., 0., 0., 0., 0., 0., 0., 0., 0., 0., 0., 0.,
        0., 0., 0., 0., 0., 0., 0., 0., 0., 0., 0., 0., 0., 0., 0., 0.,
        0., 1.]], dtype=float32), activation=array([[[22.06819   , -0.16423194, -0.09829667, -0.0684431 ,
         -0.08563564, -0.08378637, -0.07823429, -0.07916434,
         -0.07612116, -0.08751891, -0.13224255, -0.16178848,
         -0.12346218, -0.08102608, -0.10995874, -0.18023862,
         -0.20943384]]], dtype=float32), h_activation=array([[[ 0.7566331 ,  0.86678445,  0.876579  ,  1.1590619 ,
          0.4522693 ,  0.68814313, -0.00902339,  0.8538044 ,
          0.02913611,  0.7585149 ]]], dtype=float32), o_activation=array([[[22.06819   , -0.16423194, -0.09829667, -0.0684431 ,
         -0.08563564, -0.08378637, -0.07823429, -0.07916434,
         -0.07612116, -0.08751891, -0.13224255, -0.16178848,
         -0.12346218, -0.08102608, -0.10995874, -0.18023862,
         -0.20943384]]], dtype=float32), reward=1), transition(observation=array([[1., 0., 0., 0., 0., 0., 0., 0., 0., 0., 0., 0., 0., 0., 0., 0.,
        0., 0., 0., 0., 0., 0., 0., 0., 0., 0., 0., 0., 0., 0., 0., 0.,
        0., 1.]], dtype=float32), activation=array([[[21.337822  , -0.1491693 , -0.10197385, -0.06717525,
         -0.07688909, -0.09120708, -0.08393563, -0.07479876,
         -0.07536136, -0.09905721, -0.1364056 , -0.15782735,
         -0.11842414, -0.08629068, -0.10938227, -0.1589372 ,
         -0.1784776 ]]], dtype=float32), h_activation=array([[[ 1.3947372 ,  1.4963942 ,  1.4212117 ,  1.9371545 ,
          0.90128696,  1.2210518 , -0.00731216,  1.5029242 ,
          0.27260917,  1.3240087 ]]], dtype=float32), o_activation=array([[[21.337822  , -0.1491693 , -0.10197385, -0.06717525,
         -0.07688909, -0.09120708, -0.08393563, -0.07479876,
         -0.07536136, -0.09905721, -0.1364056 , -0.15782735,
         -0.11842414, -0.08629068, -0.10938227, -0.1589372 ,
         -0.1784776 ]]], dtype=float32), reward=1), transition(observation=array([[1., 0., 0., 0., 0., 0., 0., 0., 0., 0., 0., 0., 0., 0., 0., 0.,
        0., 0., 0., 0., 0., 0., 0., 0., 0., 0., 0., 0., 0., 0., 0., 0.,
        0., 1.]], dtype=float32), activation=array([[[20.68046   , -0.13755868, -0.10401591, -0.06871266,
         -0.07417372, -0.09812391, -0.0886594 , -0.07560153,
         -0.07856067, -0.10717329, -0.13592362, -0.1510574 ,
         -0.11374426, -0.09014434, -0.10846997, -0.14474139,
         -0.15768147]]], dtype=float32), h_activation=array([[[ 1.9113798 ,  1.9336143 ,  1.733639  ,  2.4304285 ,
          1.3138043 ,  1.6161711 , -0.00559584,  1.9876068 ,
          0.6261538 ,  1.7347419 ]]], dtype=float32), o_activation=array([[[20.68046   , -0.13755868, -0.10401591, -0.06871266,
         -0.07417372, -0.09812391, -0.0886594 , -0.07560153,
         -0.07856067, -0.10717329, -0.13592362, -0.1510574 ,
         -0.11374426, -0.09014434, -0.10846997, -0.14474139,
         -0.15768147]]], dtype=float32), reward=1), transition(observation=array([[ 0.9205686 , -0.03671186, -0.07467311,  0.1057878 ,  0.13563362,
        -0.15067244,  0.07446777,  0.00229231,  0.15463592,  0.36707538,
         0.5323976 ,  0.5291474 ,  0.48361275, -0.10950109, -0.08337767,
        -0.06091468, -0.11814833, -0.0676184 , -0.02403328, -0.00738698,
        -0.12839203,  0.0981181 , -0.11150413,  0.14747587,  0.20713387,
         0.46529207,  0.46469706,  0.568236  ,  0.22469205,  0.02214775,
         0.1648865 , -0.04801118, -0.02265661,  1.        ]],
      dtype=float32), activation=array([[[26.299248  , -0.11561313, -0.1119111 , -0.08266677,
         -0.10214777, -0.11148926, -0.10381117, -0.10061153,
         -0.1268041 , -0.1900633 , -0.25098503, -0.25321046,
         -0.18340775, -0.12956417, -0.11953928, -0.11948778,
         -0.12979512]]], dtype=float32), h_activation=array([[[ 3.7872844e+00,  2.0819721e+00, -1.8745130e-03,  3.9872088e+00,
          2.7081463e+00,  3.8879075e+00, -5.3234468e-03, -1.5976131e-03,
          3.4212551e+00,  2.4622400e+00]]], dtype=float32), o_activation=array([[[26.299248  , -0.11561313, -0.1119111 , -0.08266677,
         -0.10214777, -0.11148926, -0.10381117, -0.10061153,
         -0.1268041 , -0.1900633 , -0.25098503, -0.25321046,
         -0.18340775, -0.12956417, -0.11953928, -0.11948778,
         -0.12979512]]], dtype=float32), reward=1), transition(observation=array([[ 1.0291144 ,  0.1304522 ,  0.13558005, -0.07437035, -0.03859395,
        -0.16143905,  0.10250852,  0.09726792,  0.10112188,  0.46676064,
         0.66544425,  0.5349998 ,  0.42967504,  0.03448183,  0.10711303,
        -0.12759863,  0.12412909, -0.19207248,  0.0372367 , -0.00528979,
        -0.10237855, -0.19065006,  0.13184947,  0.10401683,  0.30901822,
         0.5282942 ,  0.38488662,  0.3850499 ,  0.29153243,  0.08771349,
        -0.11659352,  0.02875929, -0.05822988,  1.        ]],
      dtype=float32), activation=array([[[30.586185  , -0.18656532, -0.18706131, -0.13487765,
         -0.14779867, -0.1717364 , -0.16131724, -0.13286668,
         -0.14353742, -0.15847239, -0.19890419, -0.2043086 ,
         -0.18320076, -0.19436617, -0.1928836 , -0.17956705,
         -0.1833644 ]]], dtype=float32), h_activation=array([[[ 5.2789264e+00,  2.5231798e+00, -2.3033035e-03,  4.3767900e+00,
          5.7871475e+00,  5.2068901e+00, -8.9218614e-05, -9.7586084e-03,
          6.3493390e+00,  3.7637577e+00]]], dtype=float32), o_activation=array([[[30.586185  , -0.18656532, -0.18706131, -0.13487765,
         -0.14779867, -0.1717364 , -0.16131724, -0.13286668,
         -0.14353742, -0.15847239, -0.19890419, -0.2043086 ,
         -0.18320076, -0.19436617, -0.1928836 , -0.17956705,
         -0.1833644 ]]], dtype=float32), reward=1), transition(observation=array([[ 1.0401145 ,  0.15858252, -0.04367092, -0.00977491, -0.0407156 ,
        -0.00220413,  0.08991839,  0.03686276,  0.21464093,  0.34842706,
         0.329214  ,  0.5490455 ,  0.23280114,  0.08700415,  0.17484   ,
        -0.15412089, -0.15535824, -0.14286302,  0.0721126 , -0.01308166,
        -0.0467255 ,  0.01578059, -0.06843623,  0.04921028,  0.04824851,
         0.53452283,  0.41214445,  0.44011322,  0.2374376 , -0.07146168,
         0.15181075, -0.09527177, -0.13606282,  1.        ]],
      dtype=float32), activation=array([[[25.248163  , -0.14193305, -0.17192724, -0.17107181,
         -0.2111993 , -0.24333832, -0.18021668, -0.13016449,
         -0.12872347, -0.09801862, -0.10412769, -0.12174873,
         -0.14167267, -0.18037042, -0.1773598 , -0.16363116,
         -0.15492742]]], dtype=float32), h_activation=array([[[ 5.2524519e+00,  2.4522302e+00, -1.1625955e-02,  3.3166165e+00,
          6.8977723e+00,  5.6970305e+00, -5.0901463e-03, -8.5161263e-03,
          7.6194491e+00,  4.2784405e+00]]], dtype=float32), o_activation=array([[[25.248163  , -0.14193305, -0.17192724, -0.17107181,
         -0.2111993 , -0.24333832, -0.18021668, -0.13016449,
         -0.12872347, -0.09801862, -0.10412769, -0.12174873,
         -0.14167267, -0.18037042, -0.1773598 , -0.16363116,
         -0.15492742]]], dtype=float32), reward=1), transition(observation=array([[ 0.82968676, -0.15046547,  0.06277321, -0.04747388,  0.18212007,
        -0.00530133,  0.07989039,  0.074752  ,  0.17082103,  0.42294562,
         0.31421074,  0.5522925 ,  0.30955207, -0.01517793, -0.00224086,
        -0.07056373,  0.09530652, -0.00988815, -0.18890537,  0.02777855,
        -0.00587028,  0.10774888, -0.07961667, -0.07645008,  0.30695704,
         0.508253  ,  0.38631648,  0.6571011 ,  0.46548316,  0.0919212 ,
        -0.30615237, -0.00721887, -0.0604979 ,  1.        ]],
      dtype=float32), activation=array([[[18.789886  , -0.1015703 , -0.14368649, -0.1897293 ,
         -0.2526879 , -0.25468826, -0.16081744, -0.11635822,
         -0.11460295, -0.07744881, -0.07954539, -0.08111959,
         -0.10402307, -0.15026468, -0.14258242, -0.14192155,
         -0.13632631]]], dtype=float32), h_activation=array([[[ 5.4987893 ,  2.3798084 , -0.01497056,  3.5189533 ,
          6.5372963 ,  6.4533997 ,  0.6554161 , -0.01359816,
          8.6388235 ,  4.2464304 ]]], dtype=float32), o_activation=array([[[18.789886  , -0.1015703 , -0.14368649, -0.1897293 ,
         -0.2526879 , -0.25468826, -0.16081744, -0.11635822,
         -0.11460295, -0.07744881, -0.07954539, -0.08111959,
         -0.10402307, -0.15026468, -0.14258242, -0.14192155,
         -0.13632631]]], dtype=float32), reward=1), transition(observation=array([[ 1.0966164 , -0.17235762, -0.11089126, -0.17026952,  0.06749224,
         0.02566056,  0.1326811 ,  0.13958451,  0.2122313 ,  0.47746858,
         0.7215928 ,  0.45993245,  0.37092912,  0.01216811, -0.154716  ,
         0.06643354, -0.25475454, -0.11141391,  0.08003847, -0.01044747,
         0.08554289,  0.08941554, -0.07045743,  0.10851018,  0.34841448,
         0.4522509 ,  0.49370363,  0.5055731 ,  0.07774202,  0.03865714,
         0.11110395,  0.0435406 , -0.05952551,  1.        ]],
      dtype=float32), activation=array([[[25.94012   , -0.09689275, -0.15245487, -0.2112852 ,
         -0.27953035, -0.27780235, -0.201233  , -0.16765787,
         -0.15928747, -0.13105556, -0.1305315 , -0.11426952,
         -0.12802504, -0.18876733, -0.17434524, -0.14588813,
         -0.13737682]]], dtype=float32), h_activation=array([[[ 4.9442945 ,  2.4901788 , -0.02222272,  3.5786343 ,
          7.232233  ,  7.123364  ,  0.55886525, -0.02739793,
         10.368659  ,  3.430346  ]]], dtype=float32), o_activation=array([[[25.94012   , -0.09689275, -0.15245487, -0.2112852 ,
         -0.27953035, -0.27780235, -0.201233  , -0.16765787,
         -0.15928747, -0.13105556, -0.1305315 , -0.11426952,
         -0.12802504, -0.18876733, -0.17434524, -0.14588813,
         -0.13737682]]], dtype=float32), reward=1), transition(observation=array([[0., 0., 0., 0., 0., 0., 0., 0., 0., 0., 0., 0., 0., 0., 0., 0.,
        0., 0., 0., 0., 0., 0., 0., 0., 0., 0., 0., 0., 0., 0., 0., 0.,
        0., 1.]], dtype=float32), activation=array([[[-1.6080327e-01, -2.1755218e-04, -5.8242686e-02, -1.2554719e-01,
         -1.5266286e-01, -1.3731657e-01, -2.1876914e-02,  4.1388679e-01,
          1.2274134e+00,  8.4709024e+00,  1.4926094e+01,  1.6650694e+01,
          7.6225710e+00, -1.8150358e-02, -6.7766486e-03,  8.1251144e-01,
          4.2619181e-01]]], dtype=float32), h_activation=array([[[ 3.6792002e+00,  1.2968960e+00, -2.4851495e-03,  2.3826492e+00,
          5.3870339e+00,  5.0558591e+00,  1.8505266e+00,  5.2306652e-03,
          8.6111546e+00,  2.7733214e+00]]], dtype=float32), o_activation=array([[[-1.6080327e-01, -2.1755218e-04, -5.8242686e-02, -1.2554719e-01,
         -1.5266286e-01, -1.3731657e-01, -2.1876914e-02,  4.1388679e-01,
          1.2274134e+00,  8.4709024e+00,  1.4926094e+01,  1.6650694e+01,
          7.6225710e+00, -1.8150358e-02, -6.7766486e-03,  8.1251144e-01,
          4.2619181e-01]]], dtype=float32), reward=1), transition(observation=array([[0., 0., 0., 0., 0., 0., 0., 0., 0., 0., 0., 0., 0., 0., 0., 0.,
        0., 0., 0., 0., 0., 0., 0., 0., 0., 0., 0., 0., 0., 0., 0., 0.,
        0., 1.]], dtype=float32), activation=array([[[-1.27019942e-01,  3.59039307e-02, -2.44928785e-02,
         -7.75397569e-02, -1.18491158e-01, -1.11933723e-01,
         -4.16575596e-02, -3.11706234e-02, -8.34775623e-03,
          6.42111015e+00,  1.14872875e+01,  1.27456703e+01,
          6.16307545e+00, -1.53452111e-02, -9.32213664e-03,
          3.19420815e-01, -3.25929164e-03]]], dtype=float32), h_activation=array([[[ 2.5995996e+00,  5.9538066e-01,  1.5104979e-01,  1.7964972e+00,
          3.8403094e+00,  3.5380270e+00,  2.2863033e+00, -3.1953631e-04,
          6.8181748e+00,  2.2797508e+00]]], dtype=float32), o_activation=array([[[-1.27019942e-01,  3.59039307e-02, -2.44928785e-02,
         -7.75397569e-02, -1.18491158e-01, -1.11933723e-01,
         -4.16575596e-02, -3.11706234e-02, -8.34775623e-03,
          6.42111015e+00,  1.14872875e+01,  1.27456703e+01,
          6.16307545e+00, -1.53452111e-02, -9.32213664e-03,
          3.19420815e-01, -3.25929164e-03]]], dtype=float32), reward=1)], success=True), configuration(episode=44, buffer=[transition(observation=array([[1., 0., 0., 0., 0., 0., 0., 0., 0., 0., 0., 0., 0., 0., 0., 0.,
        0., 0., 0., 0., 0., 0., 0., 0., 0., 0., 0., 0., 0., 0., 0., 0.,
        0., 1.]], dtype=float32), activation=array([[[22.06819   , -0.16423194, -0.09829667, -0.0684431 ,
         -0.08563564, -0.08378637, -0.07823429, -0.07916434,
         -0.07612116, -0.08751891, -0.13224255, -0.16178848,
         -0.12346218, -0.08102608, -0.10995874, -0.18023862,
         -0.20943384]]], dtype=float32), h_activation=array([[[ 0.7566331 ,  0.86678445,  0.876579  ,  1.1590619 ,
          0.4522693 ,  0.68814313, -0.00902339,  0.8538044 ,
          0.02913611,  0.7585149 ]]], dtype=float32), o_activation=array([[[22.06819   , -0.16423194, -0.09829667, -0.0684431 ,
         -0.08563564, -0.08378637, -0.07823429, -0.07916434,
         -0.07612116, -0.08751891, -0.13224255, -0.16178848,
         -0.12346218, -0.08102608, -0.10995874, -0.18023862,
         -0.20943384]]], dtype=float32), reward=1), transition(observation=array([[1., 0., 0., 0., 0., 0., 0., 0., 0., 0., 0., 0., 0., 0., 0., 0.,
        0., 0., 0., 0., 0., 0., 0., 0., 0., 0., 0., 0., 0., 0., 0., 0.,
        0., 1.]], dtype=float32), activation=array([[[21.337822  , -0.1491693 , -0.10197385, -0.06717525,
         -0.07688909, -0.09120708, -0.08393563, -0.07479876,
         -0.07536136, -0.09905721, -0.1364056 , -0.15782735,
         -0.11842414, -0.08629068, -0.10938227, -0.1589372 ,
         -0.1784776 ]]], dtype=float32), h_activation=array([[[ 1.3947372 ,  1.4963942 ,  1.4212117 ,  1.9371545 ,
          0.90128696,  1.2210518 , -0.00731216,  1.5029242 ,
          0.27260917,  1.3240087 ]]], dtype=float32), o_activation=array([[[21.337822  , -0.1491693 , -0.10197385, -0.06717525,
         -0.07688909, -0.09120708, -0.08393563, -0.07479876,
         -0.07536136, -0.09905721, -0.1364056 , -0.15782735,
         -0.11842414, -0.08629068, -0.10938227, -0.1589372 ,
         -0.1784776 ]]], dtype=float32), reward=1), transition(observation=array([[1., 0., 0., 0., 0., 0., 0., 0., 0., 0., 0., 0., 0., 0., 0., 0.,
        0., 0., 0., 0., 0., 0., 0., 0., 0., 0., 0., 0., 0., 0., 0., 0.,
        0., 1.]], dtype=float32), activation=array([[[20.68046   , -0.13755868, -0.10401591, -0.06871266,
         -0.07417372, -0.09812391, -0.0886594 , -0.07560153,
         -0.07856067, -0.10717329, -0.13592362, -0.1510574 ,
         -0.11374426, -0.09014434, -0.10846997, -0.14474139,
         -0.15768147]]], dtype=float32), h_activation=array([[[ 1.9113798 ,  1.9336143 ,  1.733639  ,  2.4304285 ,
          1.3138043 ,  1.6161711 , -0.00559584,  1.9876068 ,
          0.6261538 ,  1.7347419 ]]], dtype=float32), o_activation=array([[[20.68046   , -0.13755868, -0.10401591, -0.06871266,
         -0.07417372, -0.09812391, -0.0886594 , -0.07560153,
         -0.07856067, -0.10717329, -0.13592362, -0.1510574 ,
         -0.11374426, -0.09014434, -0.10846997, -0.14474139,
         -0.15768147]]], dtype=float32), reward=1), transition(observation=array([[ 0.8568068 ,  0.29818434,  0.11933161, -0.13504617, -0.24137534,
         0.1282577 ,  0.10341068,  0.03216321,  0.3261323 ,  0.09963107,
        -0.06559132, -0.04354864, -0.07571119, -0.07273515, -0.05174726,
         0.33161604,  0.58801055, -0.0782436 , -0.0549791 ,  0.14575224,
        -0.07332963, -0.19310027,  0.19761385,  0.17138362,  0.69154644,
         0.33644125,  0.07854772,  0.2809116 , -0.08605022,  0.11128148,
         0.04943233,  0.03375011,  0.24561264,  1.        ]],
      dtype=float32), activation=array([[[22.928051  , -0.18717712, -0.12739436, -0.06751296,
         -0.08044708, -0.10823734, -0.10874425, -0.11465401,
         -0.14014442, -0.14706655, -0.12894715, -0.1224143 ,
         -0.10062725, -0.09945917, -0.12214015, -0.18827097,
         -0.21453048]]], dtype=float32), h_activation=array([[[1.5657284, 3.849068 , 3.5780294, 2.3728385, 2.117489 ,
         3.2778401, 1.9176922, 2.6360738, 1.6815008, 4.125898 ]]],
      dtype=float32), o_activation=array([[[22.928051  , -0.18717712, -0.12739436, -0.06751296,
         -0.08044708, -0.10823734, -0.10874425, -0.11465401,
         -0.14014442, -0.14706655, -0.12894715, -0.1224143 ,
         -0.10062725, -0.09945917, -0.12214015, -0.18827097,
         -0.21453048]]], dtype=float32), reward=1), transition(observation=array([[ 0.82231915,  0.48433843, -0.06787334,  0.11477923,  0.14756574,
        -0.12404715,  0.04272055,  0.15393932,  0.09398368, -0.03425977,
        -0.02995351,  0.04941795, -0.00914596,  0.00193508, -0.01319691,
         0.3377011 ,  0.68653023,  0.16422787,  0.05006552, -0.02032666,
         0.06016041,  0.04161143,  0.14101127,  0.5247845 ,  0.57467145,
         0.45068038,  0.39403877,  0.16059315,  0.15492332,  0.16239625,
        -0.11515868,  0.12229488,  0.18523876,  1.        ]],
      dtype=float32), activation=array([[[21.709152  , -0.14812388, -0.1522567 , -0.14334778,
         -0.13486834, -0.13753542, -0.14751565, -0.1354595 ,
         -0.11337997, -0.13471274, -0.14782053, -0.12061531,
         -0.10184182, -0.15583299, -0.14850937, -0.152235  ,
         -0.16292964]]], dtype=float32), h_activation=array([[[3.130189 , 4.969069 , 6.4197793, 4.507867 , 2.4976301,
         3.9467869, 3.2875347, 3.810208 , 2.0729856, 5.240752 ]]],
      dtype=float32), o_activation=array([[[21.709152  , -0.14812388, -0.1522567 , -0.14334778,
         -0.13486834, -0.13753542, -0.14751565, -0.1354595 ,
         -0.11337997, -0.13471274, -0.14782053, -0.12061531,
         -0.10184182, -0.15583299, -0.14850937, -0.152235  ,
         -0.16292964]]], dtype=float32), reward=1), transition(observation=array([[ 1.0372257 ,  0.44649574,  0.1060435 , -0.07434635,  0.06306338,
         0.05974853,  0.11372195,  0.02825142,  0.22295563,  0.13468386,
         0.03064105, -0.00198066,  0.09174683,  0.23086317,  0.08718839,
         0.30206978,  0.7555134 ,  0.09007938, -0.10151276,  0.04377403,
         0.16523509,  0.10391834,  0.01700081,  0.47221294,  0.687026  ,
         0.5071255 ,  0.07915217,  0.07795249, -0.1687695 ,  0.16088387,
        -0.07642849,  0.03296755,  0.02571144,  1.        ]],
      dtype=float32), activation=array([[[31.452042  , -0.14884354, -0.19074298, -0.15811503,
         -0.15235105, -0.19626814, -0.22187744, -0.19205506,
         -0.18277475, -0.21462266, -0.20768738, -0.16385224,
         -0.1343909 , -0.21780439, -0.21723203, -0.16164939,
         -0.12586062]]], dtype=float32), h_activation=array([[[4.353327 , 6.6982417, 8.510086 , 4.2862434, 3.9659293,
         4.833288 , 4.514548 , 4.7310505, 2.2881684, 6.09869  ]]],
      dtype=float32), o_activation=array([[[31.452042  , -0.14884354, -0.19074298, -0.15811503,
         -0.15235105, -0.19626814, -0.22187744, -0.19205506,
         -0.18277475, -0.21462266, -0.20768738, -0.16385224,
         -0.1343909 , -0.21780439, -0.21723203, -0.16164939,
         -0.12586062]]], dtype=float32), reward=1), transition(observation=array([[ 0.96305084,  0.3775147 ,  0.10641391,  0.18912746, -0.17156868,
         0.10774807, -0.08161671,  0.11738034,  0.24166778,  0.04772339,
        -0.01068602, -0.04268666,  0.06628639,  0.29308313,  0.10606026,
         0.42857224,  0.4879113 ,  0.14458498, -0.03416054,  0.08939094,
         0.07017538,  0.06314502,  0.07918415,  0.38541204,  0.6041908 ,
         0.24098796,  0.00486875,  0.14946191, -0.03955305, -0.10550804,
         0.08520771, -0.03063723,  0.17885558,  1.        ]],
      dtype=float32), activation=array([[[27.670368  , -0.07939057, -0.18225868, -0.17582072,
         -0.14541389, -0.19924778, -0.24198696, -0.21372765,
         -0.176845  , -0.19508924, -0.19259454, -0.14628051,
         -0.09640396, -0.1895013 , -0.20730975, -0.12385723,
         -0.04314048]]], dtype=float32), h_activation=array([[[4.6159687, 6.284382 , 9.038812 , 4.247849 , 4.916771 ,
         5.5059257, 5.7280774, 5.604439 , 1.9213315, 6.4109054]]],
      dtype=float32), o_activation=array([[[27.670368  , -0.07939057, -0.18225868, -0.17582072,
         -0.14541389, -0.19924778, -0.24198696, -0.21372765,
         -0.176845  , -0.19508924, -0.19259454, -0.14628051,
         -0.09640396, -0.1895013 , -0.20730975, -0.12385723,
         -0.04314048]]], dtype=float32), reward=1), transition(observation=array([[ 1.061955  ,  0.47834736,  0.01187498,  0.0791514 , -0.08574443,
        -0.05986233,  0.07087629,  0.09772295,  0.15469101,  0.01706241,
        -0.02353423, -0.10588305,  0.13788162,  0.0023712 ,  0.33488345,
         0.3104004 ,  0.6789673 , -0.138243  , -0.12055975,  0.23274715,
         0.03889121,  0.15455817,  0.07432368,  0.41428602,  0.72334075,
         0.5467961 ,  0.00620173,  0.10897078,  0.12210067, -0.06990521,
        -0.14609058, -0.0727738 ,  0.11329989,  1.        ]],
      dtype=float32), activation=array([[[31.71313   , -0.08059838, -0.17888555, -0.18185875,
         -0.18010852, -0.25627598, -0.2999471 , -0.2591838 ,
         -0.20251518, -0.21087609, -0.19867164, -0.14519282,
         -0.084413  , -0.17928979, -0.1960974 , -0.12624761,
         -0.05337559]]], dtype=float32), h_activation=array([[[ 4.7260427,  6.5847607, 10.426913 ,  4.5615363,  5.7839127,
          6.007912 ,  6.605802 ,  6.542163 ,  2.1708758,  6.5845504]]],
      dtype=float32), o_activation=array([[[31.71313   , -0.08059838, -0.17888555, -0.18185875,
         -0.18010852, -0.25627598, -0.2999471 , -0.2591838 ,
         -0.20251518, -0.21087609, -0.19867164, -0.14519282,
         -0.084413  , -0.17928979, -0.1960974 , -0.12624761,
         -0.05337559]]], dtype=float32), reward=1), transition(observation=array([[0., 0., 0., 0., 0., 0., 0., 0., 0., 0., 0., 0., 0., 0., 0., 0.,
        0., 0., 0., 0., 0., 0., 0., 0., 0., 0., 0., 0., 0., 0., 0., 0.,
        0., 1.]], dtype=float32), activation=array([[[-7.3696405e-02,  1.7996983e+01,  1.2893629e+00, -3.7606210e-02,
         -3.7587009e-02, -1.3862236e-01, -1.6561416e-01, -9.8850280e-02,
         -2.4299923e-02, -6.3544080e-02, -6.4499326e-02, -6.6642975e-03,
          8.4381475e+00,  2.2294641e+00,  1.6712145e+00,  1.5825785e+01,
          2.5840408e+01]]], dtype=float32), h_activation=array([[[3.4697983, 5.018653 , 8.268851 , 3.6290221, 4.503861 ,
         4.4216175, 5.505038 , 4.733719 , 2.179324 , 4.9639735]]],
      dtype=float32), o_activation=array([[[-7.3696405e-02,  1.7996983e+01,  1.2893629e+00, -3.7606210e-02,
         -3.7587009e-02, -1.3862236e-01, -1.6561416e-01, -9.8850280e-02,
         -2.4299923e-02, -6.3544080e-02, -6.4499326e-02, -6.6642975e-03,
          8.4381475e+00,  2.2294641e+00,  1.6712145e+00,  1.5825785e+01,
          2.5840408e+01]]], dtype=float32), reward=1), transition(observation=array([[0., 0., 0., 0., 0., 0., 0., 0., 0., 0., 0., 0., 0., 0., 0., 0.,
        0., 0., 0., 0., 0., 0., 0., 0., 0., 0., 0., 0., 0., 0., 0., 0.,
        0., 1.]], dtype=float32), activation=array([[[-7.13400319e-02,  1.30247755e+01,  1.11527336e+00,
         -1.96899939e-02, -2.61319671e-02, -1.05226494e-01,
         -1.23742923e-01, -7.08418414e-02, -1.53795928e-02,
         -4.05511521e-02, -4.62371819e-02, -1.13528203e-02,
          6.05644608e+00,  1.96238756e+00,  9.49892879e-01,
          1.14473934e+01,  1.91289291e+01]]], dtype=float32), h_activation=array([[[2.5407612, 3.9102337, 6.746907 , 3.0923252, 3.424031 ,
         3.2928233, 4.3756757, 3.437298 , 1.9326922, 3.833772 ]]],
      dtype=float32), o_activation=array([[[-7.13400319e-02,  1.30247755e+01,  1.11527336e+00,
         -1.96899939e-02, -2.61319671e-02, -1.05226494e-01,
         -1.23742923e-01, -7.08418414e-02, -1.53795928e-02,
         -4.05511521e-02, -4.62371819e-02, -1.13528203e-02,
          6.05644608e+00,  1.96238756e+00,  9.49892879e-01,
          1.14473934e+01,  1.91289291e+01]]], dtype=float32), reward=1)], success=True), configuration(episode=45, buffer=[transition(observation=array([[1., 0., 0., 0., 0., 0., 0., 0., 0., 0., 0., 0., 0., 0., 0., 0.,
        0., 0., 0., 0., 0., 0., 0., 0., 0., 0., 0., 0., 0., 0., 0., 0.,
        0., 1.]], dtype=float32), activation=array([[[22.06819   , -0.16423194, -0.09829667, -0.0684431 ,
         -0.08563564, -0.08378637, -0.07823429, -0.07916434,
         -0.07612116, -0.08751891, -0.13224255, -0.16178848,
         -0.12346218, -0.08102608, -0.10995874, -0.18023862,
         -0.20943384]]], dtype=float32), h_activation=array([[[ 0.7566331 ,  0.86678445,  0.876579  ,  1.1590619 ,
          0.4522693 ,  0.68814313, -0.00902339,  0.8538044 ,
          0.02913611,  0.7585149 ]]], dtype=float32), o_activation=array([[[22.06819   , -0.16423194, -0.09829667, -0.0684431 ,
         -0.08563564, -0.08378637, -0.07823429, -0.07916434,
         -0.07612116, -0.08751891, -0.13224255, -0.16178848,
         -0.12346218, -0.08102608, -0.10995874, -0.18023862,
         -0.20943384]]], dtype=float32), reward=1), transition(observation=array([[1., 0., 0., 0., 0., 0., 0., 0., 0., 0., 0., 0., 0., 0., 0., 0.,
        0., 0., 0., 0., 0., 0., 0., 0., 0., 0., 0., 0., 0., 0., 0., 0.,
        0., 1.]], dtype=float32), activation=array([[[21.337822  , -0.1491693 , -0.10197385, -0.06717525,
         -0.07688909, -0.09120708, -0.08393563, -0.07479876,
         -0.07536136, -0.09905721, -0.1364056 , -0.15782735,
         -0.11842414, -0.08629068, -0.10938227, -0.1589372 ,
         -0.1784776 ]]], dtype=float32), h_activation=array([[[ 1.3947372 ,  1.4963942 ,  1.4212117 ,  1.9371545 ,
          0.90128696,  1.2210518 , -0.00731216,  1.5029242 ,
          0.27260917,  1.3240087 ]]], dtype=float32), o_activation=array([[[21.337822  , -0.1491693 , -0.10197385, -0.06717525,
         -0.07688909, -0.09120708, -0.08393563, -0.07479876,
         -0.07536136, -0.09905721, -0.1364056 , -0.15782735,
         -0.11842414, -0.08629068, -0.10938227, -0.1589372 ,
         -0.1784776 ]]], dtype=float32), reward=1), transition(observation=array([[1., 0., 0., 0., 0., 0., 0., 0., 0., 0., 0., 0., 0., 0., 0., 0.,
        0., 0., 0., 0., 0., 0., 0., 0., 0., 0., 0., 0., 0., 0., 0., 0.,
        0., 1.]], dtype=float32), activation=array([[[20.68046   , -0.13755868, -0.10401591, -0.06871266,
         -0.07417372, -0.09812391, -0.0886594 , -0.07560153,
         -0.07856067, -0.10717329, -0.13592362, -0.1510574 ,
         -0.11374426, -0.09014434, -0.10846997, -0.14474139,
         -0.15768147]]], dtype=float32), h_activation=array([[[ 1.9113798 ,  1.9336143 ,  1.733639  ,  2.4304285 ,
          1.3138043 ,  1.6161711 , -0.00559584,  1.9876068 ,
          0.6261538 ,  1.7347419 ]]], dtype=float32), o_activation=array([[[20.68046   , -0.13755868, -0.10401591, -0.06871266,
         -0.07417372, -0.09812391, -0.0886594 , -0.07560153,
         -0.07856067, -0.10717329, -0.13592362, -0.1510574 ,
         -0.11374426, -0.09014434, -0.10846997, -0.14474139,
         -0.15768147]]], dtype=float32), reward=1), transition(observation=array([[ 1.0712056 ,  0.28565657,  0.3904028 ,  0.125894  , -0.11853082,
         0.02804589,  0.05144778,  0.36941206,  0.6301159 ,  0.32596463,
         0.05125614,  0.05408093,  0.2209411 , -0.07793836,  0.06384519,
         0.09659892,  0.10077458,  0.16431963,  0.07497825,  0.21780667,
        -0.05171739,  0.09592681,  0.09544069,  0.35131937,  0.81444937,
         0.4377896 ,  0.23667338,  0.16107595, -0.01511525,  0.07724452,
        -0.07485058,  0.06723041,  0.04436075,  1.        ]],
      dtype=float32), activation=array([[[33.55377   , -0.21746646, -0.17744946, -0.12294444,
         -0.12539491, -0.14765993, -0.1535232 , -0.17102079,
         -0.20490885, -0.21175176, -0.2055028 , -0.19882435,
         -0.16682449, -0.14662273, -0.14925581, -0.1964076 ,
         -0.22979589]]], dtype=float32), h_activation=array([[[1.1686954 , 1.6692233 , 1.5433602 , 2.0069718 , 2.4031088 ,
         2.905992  , 0.22505999, 0.78810626, 0.87007606, 5.273789  ]]],
      dtype=float32), o_activation=array([[[33.55377   , -0.21746646, -0.17744946, -0.12294444,
         -0.12539491, -0.14765993, -0.1535232 , -0.17102079,
         -0.20490885, -0.21175176, -0.2055028 , -0.19882435,
         -0.16682449, -0.14662273, -0.14925581, -0.1964076 ,
         -0.22979589]]], dtype=float32), reward=1), transition(observation=array([[ 1.190705  ,  0.2839644 ,  0.3519393 ,  0.2234985 ,  0.08041287,
         0.05057715,  0.00222355,  0.33130252,  0.4903352 ,  0.1783447 ,
         0.11770302,  0.02960964,  0.13652505, -0.0432243 , -0.05768819,
         0.04999737,  0.00322903,  0.11967231,  0.10852607,  0.0750903 ,
        -0.0547705 ,  0.03028588,  0.19689968,  0.35407624,  0.5390678 ,
         0.46509933,  0.05616714, -0.07594561,  0.02706746, -0.16995795,
        -0.01776729,  0.05214015, -0.09187892,  1.        ]],
      dtype=float32), activation=array([[[33.444054  , -0.19706912, -0.17228073, -0.1798621 ,
         -0.20747918, -0.22369276, -0.18995622, -0.12536384,
         -0.10867414, -0.15461248, -0.20457725, -0.19220188,
         -0.16245604, -0.19893432, -0.17674752, -0.18838726,
         -0.22833037]]], dtype=float32), h_activation=array([[[ 1.3708596e+00,  1.4065365e+00,  1.3433716e+00,  2.3110747e+00,
          2.7176445e+00,  2.7480497e+00, -1.6404784e-03,  3.8824871e-01,
          8.9020085e-01,  7.5304461e+00]]], dtype=float32), o_activation=array([[[33.444054  , -0.19706912, -0.17228073, -0.1798621 ,
         -0.20747918, -0.22369276, -0.18995622, -0.12536384,
         -0.10867414, -0.15461248, -0.20457725, -0.19220188,
         -0.16245604, -0.19893432, -0.17674752, -0.18838726,
         -0.22833037]]], dtype=float32), reward=1), transition(observation=array([[ 1.08195448e+00,  1.96493283e-01,  3.71353537e-01,
         3.16251338e-01,  7.70750791e-02, -9.66076646e-03,
         1.52942330e-01,  2.65443712e-01,  5.15180945e-01,
         1.21372685e-01, -1.13892416e-02,  3.04071028e-02,
         6.67163655e-02, -6.76591173e-02, -9.79248360e-02,
        -7.02993870e-02,  1.38157293e-01,  9.38766170e-04,
         2.33338982e-01, -4.23387391e-03,  1.03158414e-01,
         7.40733370e-02,  1.78132907e-01,  5.69528162e-01,
         6.88170969e-01,  4.98152345e-01,  5.80487363e-02,
        -1.20497584e-01, -8.43570083e-02, -1.78546198e-02,
         1.29261449e-01, -7.36159459e-02,  6.38898015e-02,
         1.00000000e+00]], dtype=float32), activation=array([[[28.688595  , -0.16989274, -0.13538939, -0.15375158,
         -0.2024193 , -0.23582447, -0.18929815, -0.08799139,
         -0.05512734, -0.11209769, -0.17247245, -0.15886837,
         -0.13907169, -0.21019481, -0.17816989, -0.1706233 ,
         -0.20732546]]], dtype=float32), h_activation=array([[[ 1.4214191e+00,  6.5199423e-01,  1.4562321e+00,  2.4672132e+00,
          2.3093736e+00,  2.1094842e+00, -6.5085170e-04, -6.1039027e-05,
          9.9009871e-01,  9.2093830e+00]]], dtype=float32), o_activation=array([[[28.688595  , -0.16989274, -0.13538939, -0.15375158,
         -0.2024193 , -0.23582447, -0.18929815, -0.08799139,
         -0.05512734, -0.11209769, -0.17247245, -0.15886837,
         -0.13907169, -0.21019481, -0.17816989, -0.1706233 ,
         -0.20732546]]], dtype=float32), reward=1), transition(observation=array([[ 0.966997  ,  0.09983984,  0.32187235,  0.18708114, -0.05902346,
         0.03683592,  0.09091131,  0.27089143,  0.60212255,  0.41789895,
        -0.00614371, -0.09070756,  0.00145979,  0.0188209 , -0.04219965,
        -0.01740588,  0.13264637,  0.2844225 ,  0.04692423, -0.03020398,
         0.03404092, -0.00857035,  0.08009657,  0.39123294,  0.71258944,
         0.31782156, -0.05185845, -0.10762538, -0.14049578,  0.03339216,
        -0.068675  , -0.18110977, -0.03196618,  1.        ]],
      dtype=float32), activation=array([[[25.18381   , -0.13222124, -0.0766606 , -0.09472483,
         -0.17457446, -0.22370379, -0.17529194, -0.05963135,
         -0.04261614, -0.12255892, -0.1773372 , -0.14305867,
         -0.12523973, -0.2334854 , -0.20043284, -0.1694109 ,
         -0.18560104]]], dtype=float32), h_activation=array([[[ 0.5441089 ,  0.8116736 ,  1.1805433 ,  1.6341147 ,
          2.959088  ,  2.1343136 ,  0.6115326 , -0.01161912,
          0.40584484, 10.055876  ]]], dtype=float32), o_activation=array([[[25.18381   , -0.13222124, -0.0766606 , -0.09472483,
         -0.17457446, -0.22370379, -0.17529194, -0.05963135,
         -0.04261614, -0.12255892, -0.1773372 , -0.14305867,
         -0.12523973, -0.2334854 , -0.20043284, -0.1694109 ,
         -0.18560104]]], dtype=float32), reward=1), transition(observation=array([[ 0.97423905,  0.12371629,  0.39377356,  0.22123761,  0.05864528,
         0.02970145,  0.0221695 ,  0.25140554,  0.54097265,  0.20274837,
        -0.0755999 , -0.14228122,  0.10831764,  0.03047136,  0.06449408,
         0.04724515, -0.22787279,  0.07346973,  0.0011143 ,  0.15670927,
        -0.05535966, -0.04205523,  0.20059977,  0.3541903 ,  0.7109089 ,
         0.33229437, -0.10435215,  0.10413415,  0.08254433, -0.06226504,
        -0.09265081,  0.00264191,  0.05151759,  1.        ]],
      dtype=float32), activation=array([[[23.749275  , -0.1080242 , -0.06033026, -0.1135187 ,
         -0.19617827, -0.24279344, -0.19453283, -0.05472424,
          0.69997334, -0.07485873, -0.1617516 , -0.14779459,
         -0.13510948, -0.24705774, -0.19396791, -0.15477419,
         -0.173585  ]]], dtype=float32), h_activation=array([[[-1.7930961e-03, -5.4845033e-04,  1.5445903e-01,  8.4623182e-01,
          2.6937349e+00,  2.0702477e+00, -8.4708480e-04, -1.5291803e-03,
         -8.7009342e-03,  1.0246325e+01]]], dtype=float32), o_activation=array([[[23.749275  , -0.1080242 , -0.06033026, -0.1135187 ,
         -0.19617827, -0.24279344, -0.19453283, -0.05472424,
          0.69997334, -0.07485873, -0.1617516 , -0.14779459,
         -0.13510948, -0.24705774, -0.19396791, -0.15477419,
         -0.173585  ]]], dtype=float32), reward=1), transition(observation=array([[0., 0., 0., 0., 0., 0., 0., 0., 0., 0., 0., 0., 0., 0., 0., 0.,
        0., 0., 0., 0., 0., 0., 0., 0., 0., 0., 0., 0., 0., 0., 0., 0.,
        0., 1.]], dtype=float32), activation=array([[[-9.9573858e-02,  5.0180950e+00,  1.1270290e+01,  4.1241717e+00,
         -6.0321290e-02, -1.0183288e-01, -3.8915355e-02,  1.1727187e+01,
          1.9090979e+01,  7.1837902e+00, -4.0781040e-02, -1.9025750e-02,
         -6.5468769e-03, -1.1382580e-01, -5.7632077e-02, -1.0804493e-02,
         -2.8578622e-02]]], dtype=float32), h_activation=array([[[ 2.6588774e-01,  2.6183209e-01,  3.4438896e-01,  9.8028219e-01,
          2.1786740e+00,  1.8775111e+00, -3.0795572e-04,  3.4101495e-01,
          4.0734300e-01,  8.1196918e+00]]], dtype=float32), o_activation=array([[[-9.9573858e-02,  5.0180950e+00,  1.1270290e+01,  4.1241717e+00,
         -6.0321290e-02, -1.0183288e-01, -3.8915355e-02,  1.1727187e+01,
          1.9090979e+01,  7.1837902e+00, -4.0781040e-02, -1.9025750e-02,
         -6.5468769e-03, -1.1382580e-01, -5.7632077e-02, -1.0804493e-02,
         -2.8578622e-02]]], dtype=float32), reward=1), transition(observation=array([[0., 0., 0., 0., 0., 0., 0., 0., 0., 0., 0., 0., 0., 0., 0., 0.,
        0., 0., 0., 0., 0., 0., 0., 0., 0., 0., 0., 0., 0., 0., 0., 0.,
        0., 1.]], dtype=float32), activation=array([[[-9.6829124e-02,  3.4636850e+00,  8.8940239e+00,  3.8779750e+00,
         -3.9587483e-02, -7.1154319e-02, -1.9820068e-02,  9.5838490e+00,
          1.4899239e+01,  5.1401811e+00, -3.6148906e-02, -1.6610039e-02,
         -4.2055971e-03, -8.4816188e-02, -4.2904511e-02, -1.0051345e-02,
         -2.7131097e-02]]], dtype=float32), h_activation=array([[[ 4.5562512e-01,  4.6821988e-01,  5.2437317e-01,  1.1202006e+00,
          1.7510704e+00,  1.7032499e+00, -3.1863808e-04,  5.6534433e-01,
          6.6623688e-01,  6.5106969e+00]]], dtype=float32), o_activation=array([[[-9.6829124e-02,  3.4636850e+00,  8.8940239e+00,  3.8779750e+00,
         -3.9587483e-02, -7.1154319e-02, -1.9820068e-02,  9.5838490e+00,
          1.4899239e+01,  5.1401811e+00, -3.6148906e-02, -1.6610039e-02,
         -4.2055971e-03, -8.4816188e-02, -4.2904511e-02, -1.0051345e-02,
         -2.7131097e-02]]], dtype=float32), reward=1)], success=True), configuration(episode=46, buffer=[transition(observation=array([[1., 0., 0., 0., 0., 0., 0., 0., 0., 0., 0., 0., 0., 0., 0., 0.,
        0., 0., 0., 0., 0., 0., 0., 0., 0., 0., 0., 0., 0., 0., 0., 0.,
        0., 1.]], dtype=float32), activation=array([[[22.06819   , -0.16423194, -0.09829667, -0.0684431 ,
         -0.08563564, -0.08378637, -0.07823429, -0.07916434,
         -0.07612116, -0.08751891, -0.13224255, -0.16178848,
         -0.12346218, -0.08102608, -0.10995874, -0.18023862,
         -0.20943384]]], dtype=float32), h_activation=array([[[ 0.7566331 ,  0.86678445,  0.876579  ,  1.1590619 ,
          0.4522693 ,  0.68814313, -0.00902339,  0.8538044 ,
          0.02913611,  0.7585149 ]]], dtype=float32), o_activation=array([[[22.06819   , -0.16423194, -0.09829667, -0.0684431 ,
         -0.08563564, -0.08378637, -0.07823429, -0.07916434,
         -0.07612116, -0.08751891, -0.13224255, -0.16178848,
         -0.12346218, -0.08102608, -0.10995874, -0.18023862,
         -0.20943384]]], dtype=float32), reward=1), transition(observation=array([[1., 0., 0., 0., 0., 0., 0., 0., 0., 0., 0., 0., 0., 0., 0., 0.,
        0., 0., 0., 0., 0., 0., 0., 0., 0., 0., 0., 0., 0., 0., 0., 0.,
        0., 1.]], dtype=float32), activation=array([[[21.337822  , -0.1491693 , -0.10197385, -0.06717525,
         -0.07688909, -0.09120708, -0.08393563, -0.07479876,
         -0.07536136, -0.09905721, -0.1364056 , -0.15782735,
         -0.11842414, -0.08629068, -0.10938227, -0.1589372 ,
         -0.1784776 ]]], dtype=float32), h_activation=array([[[ 1.3947372 ,  1.4963942 ,  1.4212117 ,  1.9371545 ,
          0.90128696,  1.2210518 , -0.00731216,  1.5029242 ,
          0.27260917,  1.3240087 ]]], dtype=float32), o_activation=array([[[21.337822  , -0.1491693 , -0.10197385, -0.06717525,
         -0.07688909, -0.09120708, -0.08393563, -0.07479876,
         -0.07536136, -0.09905721, -0.1364056 , -0.15782735,
         -0.11842414, -0.08629068, -0.10938227, -0.1589372 ,
         -0.1784776 ]]], dtype=float32), reward=1), transition(observation=array([[1., 0., 0., 0., 0., 0., 0., 0., 0., 0., 0., 0., 0., 0., 0., 0.,
        0., 0., 0., 0., 0., 0., 0., 0., 0., 0., 0., 0., 0., 0., 0., 0.,
        0., 1.]], dtype=float32), activation=array([[[20.68046   , -0.13755868, -0.10401591, -0.06871266,
         -0.07417372, -0.09812391, -0.0886594 , -0.07560153,
         -0.07856067, -0.10717329, -0.13592362, -0.1510574 ,
         -0.11374426, -0.09014434, -0.10846997, -0.14474139,
         -0.15768147]]], dtype=float32), h_activation=array([[[ 1.9113798 ,  1.9336143 ,  1.733639  ,  2.4304285 ,
          1.3138043 ,  1.6161711 , -0.00559584,  1.9876068 ,
          0.6261538 ,  1.7347419 ]]], dtype=float32), o_activation=array([[[20.68046   , -0.13755868, -0.10401591, -0.06871266,
         -0.07417372, -0.09812391, -0.0886594 , -0.07560153,
         -0.07856067, -0.10717329, -0.13592362, -0.1510574 ,
         -0.11374426, -0.09014434, -0.10846997, -0.14474139,
         -0.15768147]]], dtype=float32), reward=1), transition(observation=array([[ 1.0441816 ,  0.70585173,  0.09597581,  0.10385895, -0.06371396,
         0.1372821 ,  0.10683802, -0.03918942,  0.129872  , -0.02981016,
         0.04994196,  0.02621573, -0.1449776 , -0.0515556 ,  0.12788595,
         0.21953918,  0.5660608 ,  0.42110702,  0.08352032, -0.0926021 ,
         0.09489369, -0.05620334,  0.07912762,  0.00802316,  0.04296079,
         0.05213919,  0.09398112, -0.12351244,  0.15640843, -0.01366948,
         0.05050652,  0.32979   ,  0.67948055,  1.        ]],
      dtype=float32), activation=array([[[30.448631  , -0.24905674, -0.18846473, -0.12725028,
         -0.131676  , -0.14787513, -0.13449065, -0.13326107,
         -0.15928115, -0.16690233, -0.15369226, -0.15330729,
         -0.13696161, -0.13054816, -0.15620421, -0.22841258,
         -0.26437956]]], dtype=float32), h_activation=array([[[2.9521613, 4.39152  , 4.2966356, 2.8829737, 2.721254 ,
         1.5693911, 1.384975 , 4.508463 , 1.9036928, 4.6367555]]],
      dtype=float32), o_activation=array([[[30.448631  , -0.24905674, -0.18846473, -0.12725028,
         -0.131676  , -0.14787513, -0.13449065, -0.13326107,
         -0.15928115, -0.16690233, -0.15369226, -0.15330729,
         -0.13696161, -0.13054816, -0.15620421, -0.22841258,
         -0.26437956]]], dtype=float32), reward=1), transition(observation=array([[ 0.95572054,  0.6579471 ,  0.3207969 , -0.03260086, -0.05041697,
         0.28768465, -0.24295606, -0.10276267, -0.05642177,  0.02606265,
        -0.11504358,  0.11153126,  0.08749664,  0.14927031, -0.03322304,
         0.16876948,  0.606997  ,  0.5253809 ,  0.31263587, -0.09250186,
         0.00880345,  0.13377337,  0.18467312,  0.00379396,  0.18056473,
         0.05377026, -0.29480508, -0.08374663,  0.10705377,  0.14518178,
         0.16113819,  0.27483812,  0.74688876,  1.        ]],
      dtype=float32), activation=array([[[25.58039   , -0.16292678, -0.15349633, -0.12999061,
         -0.12095115, -0.13445023, -0.13717422, -0.15470739,
         -0.16921254, -0.18190727, -0.16208096, -0.15416956,
         -0.1471169 , -0.1687976 , -0.15986712, -0.17346983,
         -0.16965446]]], dtype=float32), h_activation=array([[[5.3465323, 6.345028 , 5.887533 , 1.9363284, 3.7775104,
         2.2982   , 3.0821042, 6.8711863, 2.3079126, 7.184624 ]]],
      dtype=float32), o_activation=array([[[25.58039   , -0.16292678, -0.15349633, -0.12999061,
         -0.12095115, -0.13445023, -0.13717422, -0.15470739,
         -0.16921254, -0.18190727, -0.16208096, -0.15416956,
         -0.1471169 , -0.1687976 , -0.15986712, -0.17346983,
         -0.16965446]]], dtype=float32), reward=1), transition(observation=array([[ 0.84876645,  0.64818126,  0.2295179 ,  0.10208047, -0.02864569,
         0.02164577, -0.10706607, -0.14855078, -0.17174584,  0.04087678,
         0.11618805,  0.00492306, -0.07058183, -0.03746856, -0.00682761,
         0.1122143 ,  0.6607275 ,  0.502701  , -0.00762836,  0.14516963,
         0.11757132, -0.05383129,  0.20779997,  0.13548507, -0.01298036,
         0.09608998,  0.1031398 , -0.1172279 ,  0.00101218, -0.04131493,
         0.16682857,  0.34098092,  0.6685179 ,  1.        ]],
      dtype=float32), activation=array([[[21.177319  , -0.06299458, -0.10234046, -0.12523255,
         -0.10379748, -0.12093307, -0.17632283, -0.23230532,
         -0.20113727, -0.19902584, -0.16870484, -0.11719652,
         -0.07350562, -0.1330532 , -0.1424908 , -0.13123497,
         -0.08649142]]], dtype=float32), h_activation=array([[[6.736152 , 7.4941616, 7.1705246, 2.160342 , 5.2356443,
         1.402377 , 5.4127765, 8.2603655, 3.5778217, 8.316803 ]]],
      dtype=float32), o_activation=array([[[21.177319  , -0.06299458, -0.10234046, -0.12523255,
         -0.10379748, -0.12093307, -0.17632283, -0.23230532,
         -0.20113727, -0.19902584, -0.16870484, -0.11719652,
         -0.07350562, -0.1330532 , -0.1424908 , -0.13123497,
         -0.08649142]]], dtype=float32), reward=1), transition(observation=array([[ 1.020286  ,  0.7367371 ,  0.35373366,  0.17487144,  0.14431866,
         0.09671009, -0.11967473,  0.04915478, -0.24969266, -0.0023674 ,
         0.00933798,  0.04217149, -0.01102684, -0.00586822,  0.09884822,
         0.22524703,  0.30357644,  0.53121305,  0.05428907, -0.01171181,
        -0.09632246,  0.10083847, -0.00396424,  0.022005  ,  0.07597703,
         0.00481594,  0.07062451,  0.0797449 ,  0.04834483,  0.09303265,
         0.13882932,  0.48018923,  0.84307355,  1.        ]],
      dtype=float32), activation=array([[[28.718224  , -0.03480703, -0.1040444 , -0.14828251,
         -0.1439253 , -0.19131915, -0.28133783, -0.35006088,
         -0.283165  , -0.21809247, -0.16281597, -0.13295788,
         -0.09921024, -0.16962177, -0.17570573, -0.1405098 ,
         -0.06025945]]], dtype=float32), h_activation=array([[[7.246927  , 7.477993  , 7.527429  , 2.199638  , 5.6513996 ,
         0.24228248, 6.100058  , 9.964027  , 3.9918442 , 8.962568  ]]],
      dtype=float32), o_activation=array([[[28.718224  , -0.03480703, -0.1040444 , -0.14828251,
         -0.1439253 , -0.19131915, -0.28133783, -0.35006088,
         -0.283165  , -0.21809247, -0.16281597, -0.13295788,
         -0.09921024, -0.16962177, -0.17570573, -0.1405098 ,
         -0.06025945]]], dtype=float32), reward=1), transition(observation=array([[ 0.96353364,  0.7383501 ,  0.32376936,  0.19474241, -0.09785452,
         0.08598552, -0.08171606,  0.01233117,  0.01314397, -0.05932922,
         0.1646698 ,  0.06027765,  0.24636994, -0.22216104,  0.07714248,
         0.16827437,  0.4506784 ,  0.5663064 ,  0.08016708,  0.0843788 ,
         0.1804593 , -0.08517959, -0.08548115,  0.13667105,  0.11756735,
         0.10330188,  0.08814041, -0.07558767, -0.01774329, -0.02296491,
        -0.06728492,  0.45175388,  0.7475818 ,  1.        ]],
      dtype=float32), activation=array([[[ 2.9225334e+01, -1.1302766e-02, -5.7275303e-02, -1.0164211e-01,
         -1.2369624e-01, -1.8284132e-01, -2.9248834e-01, -4.0008998e-01,
         -3.5194498e-01, -2.7163675e-01, -1.8121786e-01, -1.4744298e-01,
         -1.1911224e-01, -1.7159355e-01, -1.5784924e-01, -1.2748051e-01,
         -5.1116705e-02]]], dtype=float32), h_activation=array([[[ 7.451016  ,  7.10511   ,  7.587974  ,  2.1065626 ,
          6.0642753 ,  0.52514696,  7.3747354 , 10.085404  ,
          5.276988  , 10.275446  ]]], dtype=float32), o_activation=array([[[ 2.9225334e+01, -1.1302766e-02, -5.7275303e-02, -1.0164211e-01,
         -1.2369624e-01, -1.8284132e-01, -2.9248834e-01, -4.0008998e-01,
         -3.5194498e-01, -2.7163675e-01, -1.8121786e-01, -1.4744298e-01,
         -1.1911224e-01, -1.7159355e-01, -1.5784924e-01, -1.2748051e-01,
         -5.1116705e-02]]], dtype=float32), reward=1), transition(observation=array([[0., 0., 0., 0., 0., 0., 0., 0., 0., 0., 0., 0., 0., 0., 0., 0.,
        0., 0., 0., 0., 0., 0., 0., 0., 0., 0., 0., 0., 0., 0., 0., 0.,
        0., 1.]], dtype=float32), activation=array([[[-7.6796956e-02,  2.5926464e+01,  1.6949535e+01,  7.0721560e+00,
          1.3953342e+00, -7.6282822e-02, -1.9144681e-01, -2.8176117e-01,
         -1.8993343e-01, -1.1995217e-01, -2.9635042e-02,  2.2300878e+00,
          4.6078014e+00, -4.2725585e-02, -1.4528170e-02,  9.4334278e+00,
          2.1723755e+01]]], dtype=float32), h_activation=array([[[5.1571164, 5.287273 , 5.917804 , 1.2370279, 4.7402625,
         0.0749988, 6.9555907, 7.151087 , 4.6892447, 7.358226 ]]],
      dtype=float32), o_activation=array([[[-7.6796956e-02,  2.5926464e+01,  1.6949535e+01,  7.0721560e+00,
          1.3953342e+00, -7.6282822e-02, -1.9144681e-01, -2.8176117e-01,
         -1.8993343e-01, -1.1995217e-01, -2.9635042e-02,  2.2300878e+00,
          4.6078014e+00, -4.2725585e-02, -1.4528170e-02,  9.4334278e+00,
          2.1723755e+01]]], dtype=float32), reward=1), transition(observation=array([[0., 0., 0., 0., 0., 0., 0., 0., 0., 0., 0., 0., 0., 0., 0., 0.,
        0., 0., 0., 0., 0., 0., 0., 0., 0., 0., 0., 0., 0., 0., 0., 0.,
        0., 1.]], dtype=float32), activation=array([[[-6.5049477e-02,  1.9136421e+01,  1.3086826e+01,  5.7037945e+00,
          5.2328682e-01, -6.3485578e-02, -1.6398118e-01, -2.3525235e-01,
         -1.5016744e-01, -7.3017269e-02, -1.2351527e-02,  1.0388484e+00,
          3.1792116e+00, -2.6195340e-02, -1.2050458e-02,  6.6093402e+00,
          1.5893917e+01]]], dtype=float32), h_activation=array([[[ 3.4111640e+00,  3.9951258e+00,  4.9445548e+00,  9.5078003e-01,
          3.5101564e+00, -1.9908156e-03,  6.0281682e+00,  5.0065250e+00,
          3.7622914e+00,  5.3172545e+00]]], dtype=float32), o_activation=array([[[-6.5049477e-02,  1.9136421e+01,  1.3086826e+01,  5.7037945e+00,
          5.2328682e-01, -6.3485578e-02, -1.6398118e-01, -2.3525235e-01,
         -1.5016744e-01, -7.3017269e-02, -1.2351527e-02,  1.0388484e+00,
          3.1792116e+00, -2.6195340e-02, -1.2050458e-02,  6.6093402e+00,
          1.5893917e+01]]], dtype=float32), reward=1)], success=True), configuration(episode=47, buffer=[transition(observation=array([[1., 0., 0., 0., 0., 0., 0., 0., 0., 0., 0., 0., 0., 0., 0., 0.,
        0., 0., 0., 0., 0., 0., 0., 0., 0., 0., 0., 0., 0., 0., 0., 0.,
        0., 1.]], dtype=float32), activation=array([[[22.06819   , -0.16423194, -0.09829667, -0.0684431 ,
         -0.08563564, -0.08378637, -0.07823429, -0.07916434,
         -0.07612116, -0.08751891, -0.13224255, -0.16178848,
         -0.12346218, -0.08102608, -0.10995874, -0.18023862,
         -0.20943384]]], dtype=float32), h_activation=array([[[ 0.7566331 ,  0.86678445,  0.876579  ,  1.1590619 ,
          0.4522693 ,  0.68814313, -0.00902339,  0.8538044 ,
          0.02913611,  0.7585149 ]]], dtype=float32), o_activation=array([[[22.06819   , -0.16423194, -0.09829667, -0.0684431 ,
         -0.08563564, -0.08378637, -0.07823429, -0.07916434,
         -0.07612116, -0.08751891, -0.13224255, -0.16178848,
         -0.12346218, -0.08102608, -0.10995874, -0.18023862,
         -0.20943384]]], dtype=float32), reward=1), transition(observation=array([[1., 0., 0., 0., 0., 0., 0., 0., 0., 0., 0., 0., 0., 0., 0., 0.,
        0., 0., 0., 0., 0., 0., 0., 0., 0., 0., 0., 0., 0., 0., 0., 0.,
        0., 1.]], dtype=float32), activation=array([[[21.337822  , -0.1491693 , -0.10197385, -0.06717525,
         -0.07688909, -0.09120708, -0.08393563, -0.07479876,
         -0.07536136, -0.09905721, -0.1364056 , -0.15782735,
         -0.11842414, -0.08629068, -0.10938227, -0.1589372 ,
         -0.1784776 ]]], dtype=float32), h_activation=array([[[ 1.3947372 ,  1.4963942 ,  1.4212117 ,  1.9371545 ,
          0.90128696,  1.2210518 , -0.00731216,  1.5029242 ,
          0.27260917,  1.3240087 ]]], dtype=float32), o_activation=array([[[21.337822  , -0.1491693 , -0.10197385, -0.06717525,
         -0.07688909, -0.09120708, -0.08393563, -0.07479876,
         -0.07536136, -0.09905721, -0.1364056 , -0.15782735,
         -0.11842414, -0.08629068, -0.10938227, -0.1589372 ,
         -0.1784776 ]]], dtype=float32), reward=1), transition(observation=array([[1., 0., 0., 0., 0., 0., 0., 0., 0., 0., 0., 0., 0., 0., 0., 0.,
        0., 0., 0., 0., 0., 0., 0., 0., 0., 0., 0., 0., 0., 0., 0., 0.,
        0., 1.]], dtype=float32), activation=array([[[20.68046   , -0.13755868, -0.10401591, -0.06871266,
         -0.07417372, -0.09812391, -0.0886594 , -0.07560153,
         -0.07856067, -0.10717329, -0.13592362, -0.1510574 ,
         -0.11374426, -0.09014434, -0.10846997, -0.14474139,
         -0.15768147]]], dtype=float32), h_activation=array([[[ 1.9113798 ,  1.9336143 ,  1.733639  ,  2.4304285 ,
          1.3138043 ,  1.6161711 , -0.00559584,  1.9876068 ,
          0.6261538 ,  1.7347419 ]]], dtype=float32), o_activation=array([[[20.68046   , -0.13755868, -0.10401591, -0.06871266,
         -0.07417372, -0.09812391, -0.0886594 , -0.07560153,
         -0.07856067, -0.10717329, -0.13592362, -0.1510574 ,
         -0.11374426, -0.09014434, -0.10846997, -0.14474139,
         -0.15768147]]], dtype=float32), reward=1), transition(observation=array([[ 0.9166825 ,  0.17474751,  0.6039604 ,  0.34289673, -0.02450539,
        -0.19352442,  0.05613673, -0.03541316, -0.06504352,  0.09532479,
         0.10911203,  0.1987679 ,  0.3271398 ,  0.2025886 ,  0.17748661,
         0.03980063, -0.15966983,  0.43859604,  0.69155234,  0.5565598 ,
         0.13042565,  0.06467236,  0.00733206, -0.06240135, -0.08139195,
        -0.00335786,  0.07486401, -0.0049823 ,  0.1708295 ,  0.02851373,
         0.12232929, -0.00368797,  0.1085645 ,  1.        ]],
      dtype=float32), activation=array([[[24.893467  , -0.19009387, -0.17140381, -0.12600549,
         -0.10262623, -0.11018632, -0.10072044, -0.09486535,
         -0.11059848, -0.14384803, -0.17590828, -0.19551526,
         -0.17409495, -0.14959243, -0.14418666, -0.15693189,
         -0.1732285 ]]], dtype=float32), h_activation=array([[[ 3.6581609e+00, -1.5354740e-03,  9.3031597e-01,  2.4201417e+00,
          2.8962491e+00,  1.4673169e+00,  1.0984224e-01,  3.8605623e+00,
          1.4189194e+00,  3.3818278e+00]]], dtype=float32), o_activation=array([[[24.893467  , -0.19009387, -0.17140381, -0.12600549,
         -0.10262623, -0.11018632, -0.10072044, -0.09486535,
         -0.11059848, -0.14384803, -0.17590828, -0.19551526,
         -0.17409495, -0.14959243, -0.14418666, -0.15693189,
         -0.1732285 ]]], dtype=float32), reward=1), transition(observation=array([[ 1.0727853 ,  0.38788566,  0.52593523,  0.20090148,  0.10718402,
         0.05764246, -0.03456621,  0.01218205, -0.08058716,  0.08003918,
         0.06440002,  0.26141042,  0.43594393,  0.15997198,  0.07123874,
         0.06715497,  0.01969388,  0.33281645,  0.6802939 ,  0.08397709,
         0.01086922,  0.0446052 , -0.10792752,  0.1280028 ,  0.08443946,
         0.03832152,  0.06966616,  0.16291803,  0.22382474,  0.13858594,
         0.09790517,  0.07172444, -0.05505852,  1.        ]],
      dtype=float32), activation=array([[[32.722294  , -0.2106705 , -0.13965419, -0.11931846,
         -0.17823744, -0.21147735, -0.17539705, -0.17465812,
         -0.19509554, -0.20711854, -0.19069576, -0.1919504 ,
         -0.1850946 , -0.16927323, -0.14874473, -0.19739601,
         -0.24193662]]], dtype=float32), h_activation=array([[[5.8378215 , 0.08002347, 1.0931344 , 1.981019  , 3.6108043 ,
         1.8305352 , 0.49602312, 5.452203  , 2.4095476 , 5.3325057 ]]],
      dtype=float32), o_activation=array([[[32.722294  , -0.2106705 , -0.13965419, -0.11931846,
         -0.17823744, -0.21147735, -0.17539705, -0.17465812,
         -0.19509554, -0.20711854, -0.19069576, -0.1919504 ,
         -0.1850946 , -0.16927323, -0.14874473, -0.19739601,
         -0.24193662]]], dtype=float32), reward=1), transition(observation=array([[ 0.93678385,  0.28592867,  0.5492196 ,  0.33888867,  0.1944497 ,
         0.08217907,  0.00748936, -0.0061052 ,  0.03670298,  0.1997612 ,
         0.00439979,  0.2921359 ,  0.39014784,  0.14112882, -0.06104303,
         0.2113224 , -0.04553216,  0.33714107,  0.6424092 ,  0.48337182,
         0.06316366, -0.04350651, -0.04485581,  0.0499035 , -0.05126678,
        -0.04055464, -0.09034675,  0.00939376,  0.12562141,  0.19363621,
        -0.05878662,  0.09681634,  0.03751893,  1.        ]],
      dtype=float32), activation=array([[[29.813507  , -0.153638  , -0.09259015, -0.10736699,
         -0.18544246, -0.22363846, -0.19808866, -0.22709277,
         -0.23436925, -0.23528737, -0.18715669, -0.14611149,
         -0.13241236, -0.15445773, -0.13986866, -0.17655015,
         -0.20400864]]], dtype=float32), h_activation=array([[[ 7.0001059e+00, -1.7457741e-03,  6.9106162e-02,  1.6996310e+00,
          3.4517517e+00,  2.0870183e+00,  1.8649158e+00,  6.1036348e+00,
          3.0088010e+00,  6.6956239e+00]]], dtype=float32), o_activation=array([[[29.813507  , -0.153638  , -0.09259015, -0.10736699,
         -0.18544246, -0.22363846, -0.19808866, -0.22709277,
         -0.23436925, -0.23528737, -0.18715669, -0.14611149,
         -0.13241236, -0.15445773, -0.13986866, -0.17655015,
         -0.20400864]]], dtype=float32), reward=1), transition(observation=array([[ 0.85837454,  0.26411974,  0.4463701 ,  0.4140085 ,  0.03590935,
        -0.04108241,  0.14919613,  0.0291809 ,  0.02423991,  0.13409387,
         0.03503083,  0.16248283,  0.20655136,  0.17091486,  0.09016252,
        -0.03638931,  0.05563566,  0.447342  ,  0.6960329 ,  0.45036197,
         0.253186  ,  0.08738359,  0.06470599, -0.15931083, -0.0791008 ,
        -0.13772748, -0.01620902,  0.11842864,  0.15955554,  0.10162554,
         0.13934691, -0.01234214, -0.05001923,  1.        ]],
      dtype=float32), activation=array([[[26.410397  , -0.11196443, -0.04208326, -0.06649432,
         -0.15086591, -0.21183327, -0.24091709, -0.288468  ,
         -0.24366754, -0.21463381, -0.149319  , -0.08788086,
         -0.08246703, -0.15102318, -0.13564567, -0.1517556 ,
         -0.17530885]]], dtype=float32), h_activation=array([[[ 6.9435873 , -0.0091515 ,  0.48570794,  1.1748953 ,
          3.8597248 ,  0.73504305,  2.8549354 ,  6.108079  ,
          3.4273725 ,  7.002421  ]]], dtype=float32), o_activation=array([[[26.410397  , -0.11196443, -0.04208326, -0.06649432,
         -0.15086591, -0.21183327, -0.24091709, -0.288468  ,
         -0.24366754, -0.21463381, -0.149319  , -0.08788086,
         -0.08246703, -0.15102318, -0.13564567, -0.1517556 ,
         -0.17530885]]], dtype=float32), reward=1), transition(observation=array([[ 1.1228125 ,  0.2887518 ,  0.48500803,  0.20917162, -0.0822519 ,
         0.05870471, -0.01523668, -0.05461862, -0.05901098, -0.02012676,
         0.01925108,  0.24816826,  0.37157127,  0.16970123,  0.19018885,
         0.07302392, -0.13187467,  0.6234158 ,  0.75002897,  0.5846885 ,
         0.2287199 ,  0.19982924,  0.15283865, -0.04849538, -0.09642382,
        -0.06923959, -0.05556821,  0.18004724,  0.23955452,  0.00941839,
        -0.0124692 , -0.14054878,  0.07697137,  1.        ]],
      dtype=float32), activation=array([[[33.45284   , -0.11533307, -0.03746966, -0.06646739,
         -0.16777422, -0.23688258, -0.27912298, -0.33169636,
         -0.27837828, -0.22569288, -0.16614136, -0.1347588 ,
         -0.1368337 , -0.20135196, -0.1835304 , -0.1967888 ,
         -0.19815758]]], dtype=float32), h_activation=array([[[ 7.12781   , -0.00804417,  0.26353848,  0.37021124,
          4.3776445 ,  1.1423666 ,  2.822598  ,  7.2093315 ,
          3.9438648 ,  7.2182612 ]]], dtype=float32), o_activation=array([[[33.45284   , -0.11533307, -0.03746966, -0.06646739,
         -0.16777422, -0.23688258, -0.27912298, -0.33169636,
         -0.27837828, -0.22569288, -0.16614136, -0.1347588 ,
         -0.1368337 , -0.20135196, -0.1835304 , -0.1967888 ,
         -0.19815758]]], dtype=float32), reward=1), transition(observation=array([[0., 0., 0., 0., 0., 0., 0., 0., 0., 0., 0., 0., 0., 0., 0., 0.,
        0., 0., 0., 0., 0., 0., 0., 0., 0., 0., 0., 0., 0., 0., 0., 0.,
        0., 1.]], dtype=float32), activation=array([[[-5.9697602e-02,  1.0819388e+01,  1.7427792e+01,  1.0195694e+01,
         -2.2396458e-02, -9.2049293e-02, -1.2796281e-01, -2.0818071e-01,
         -1.5007196e-01, -9.9370286e-02, -4.8381281e-03,  6.8565078e+00,
          7.0884647e+00,  3.8926983e-01,  1.5246817e+00, -8.1664562e-04,
          5.2188826e-01]]], dtype=float32), h_activation=array([[[ 5.1500168e+00, -2.1636128e-04,  2.9896167e-01,  1.9934654e-02,
          3.3853254e+00,  5.6392562e-01,  3.5194449e+00,  5.2791138e+00,
          3.6653090e+00,  5.3346891e+00]]], dtype=float32), o_activation=array([[[-5.9697602e-02,  1.0819388e+01,  1.7427792e+01,  1.0195694e+01,
         -2.2396458e-02, -9.2049293e-02, -1.2796281e-01, -2.0818071e-01,
         -1.5007196e-01, -9.9370286e-02, -4.8381281e-03,  6.8565078e+00,
          7.0884647e+00,  3.8926983e-01,  1.5246817e+00, -8.1664562e-04,
          5.2188826e-01]]], dtype=float32), reward=1), transition(observation=array([[0., 0., 0., 0., 0., 0., 0., 0., 0., 0., 0., 0., 0., 0., 0., 0.,
        0., 0., 0., 0., 0., 0., 0., 0., 0., 0., 0., 0., 0., 0., 0., 0.,
        0., 1.]], dtype=float32), activation=array([[[-5.26149087e-02,  8.11080456e+00,  1.39950562e+01,
          8.59698391e+00, -1.63225830e-02, -7.19664544e-02,
         -1.18812107e-01, -1.86642095e-01, -1.24113135e-01,
         -6.27566949e-02,  3.78589153e-01,  4.77132177e+00,
          5.23062849e+00,  5.04546642e-01,  9.12930846e-01,
         -3.61189595e-03,  9.18588638e-02]]], dtype=float32), h_activation=array([[[3.5867553 , 0.04655153, 0.61447656, 0.07315046, 2.4462066 ,
         0.1853325 , 3.4963508 , 3.8186703 , 3.01997   , 3.9967272 ]]],
      dtype=float32), o_activation=array([[[-5.26149087e-02,  8.11080456e+00,  1.39950562e+01,
          8.59698391e+00, -1.63225830e-02, -7.19664544e-02,
         -1.18812107e-01, -1.86642095e-01, -1.24113135e-01,
         -6.27566949e-02,  3.78589153e-01,  4.77132177e+00,
          5.23062849e+00,  5.04546642e-01,  9.12930846e-01,
         -3.61189595e-03,  9.18588638e-02]]], dtype=float32), reward=1)], success=True), configuration(episode=48, buffer=[transition(observation=array([[1., 0., 0., 0., 0., 0., 0., 0., 0., 0., 0., 0., 0., 0., 0., 0.,
        0., 0., 0., 0., 0., 0., 0., 0., 0., 0., 0., 0., 0., 0., 0., 0.,
        0., 1.]], dtype=float32), activation=array([[[22.06819   , -0.16423194, -0.09829667, -0.0684431 ,
         -0.08563564, -0.08378637, -0.07823429, -0.07916434,
         -0.07612116, -0.08751891, -0.13224255, -0.16178848,
         -0.12346218, -0.08102608, -0.10995874, -0.18023862,
         -0.20943384]]], dtype=float32), h_activation=array([[[ 0.7566331 ,  0.86678445,  0.876579  ,  1.1590619 ,
          0.4522693 ,  0.68814313, -0.00902339,  0.8538044 ,
          0.02913611,  0.7585149 ]]], dtype=float32), o_activation=array([[[22.06819   , -0.16423194, -0.09829667, -0.0684431 ,
         -0.08563564, -0.08378637, -0.07823429, -0.07916434,
         -0.07612116, -0.08751891, -0.13224255, -0.16178848,
         -0.12346218, -0.08102608, -0.10995874, -0.18023862,
         -0.20943384]]], dtype=float32), reward=1), transition(observation=array([[1., 0., 0., 0., 0., 0., 0., 0., 0., 0., 0., 0., 0., 0., 0., 0.,
        0., 0., 0., 0., 0., 0., 0., 0., 0., 0., 0., 0., 0., 0., 0., 0.,
        0., 1.]], dtype=float32), activation=array([[[21.337822  , -0.1491693 , -0.10197385, -0.06717525,
         -0.07688909, -0.09120708, -0.08393563, -0.07479876,
         -0.07536136, -0.09905721, -0.1364056 , -0.15782735,
         -0.11842414, -0.08629068, -0.10938227, -0.1589372 ,
         -0.1784776 ]]], dtype=float32), h_activation=array([[[ 1.3947372 ,  1.4963942 ,  1.4212117 ,  1.9371545 ,
          0.90128696,  1.2210518 , -0.00731216,  1.5029242 ,
          0.27260917,  1.3240087 ]]], dtype=float32), o_activation=array([[[21.337822  , -0.1491693 , -0.10197385, -0.06717525,
         -0.07688909, -0.09120708, -0.08393563, -0.07479876,
         -0.07536136, -0.09905721, -0.1364056 , -0.15782735,
         -0.11842414, -0.08629068, -0.10938227, -0.1589372 ,
         -0.1784776 ]]], dtype=float32), reward=1), transition(observation=array([[1., 0., 0., 0., 0., 0., 0., 0., 0., 0., 0., 0., 0., 0., 0., 0.,
        0., 0., 0., 0., 0., 0., 0., 0., 0., 0., 0., 0., 0., 0., 0., 0.,
        0., 1.]], dtype=float32), activation=array([[[20.68046   , -0.13755868, -0.10401591, -0.06871266,
         -0.07417372, -0.09812391, -0.0886594 , -0.07560153,
         -0.07856067, -0.10717329, -0.13592362, -0.1510574 ,
         -0.11374426, -0.09014434, -0.10846997, -0.14474139,
         -0.15768147]]], dtype=float32), h_activation=array([[[ 1.9113798 ,  1.9336143 ,  1.733639  ,  2.4304285 ,
          1.3138043 ,  1.6161711 , -0.00559584,  1.9876068 ,
          0.6261538 ,  1.7347419 ]]], dtype=float32), o_activation=array([[[20.68046   , -0.13755868, -0.10401591, -0.06871266,
         -0.07417372, -0.09812391, -0.0886594 , -0.07560153,
         -0.07856067, -0.10717329, -0.13592362, -0.1510574 ,
         -0.11374426, -0.09014434, -0.10846997, -0.14474139,
         -0.15768147]]], dtype=float32), reward=1), transition(observation=array([[ 8.8738686e-01,  3.4992885e-02,  6.8492636e-02, -7.5418055e-02,
         5.0253831e-02, -7.9352900e-02, -4.8404321e-02, -1.0516220e-02,
         2.8345713e-01,  3.8155460e-01,  5.9472352e-01,  4.1644841e-01,
         6.1337594e-02,  1.3289434e-01,  2.0471917e-01,  6.5365218e-02,
         1.7397055e-01, -1.1263634e-01,  4.5452178e-02,  1.7173778e-02,
         2.0381938e-04,  5.4890960e-02, -5.6921918e-02,  1.5428257e-01,
         2.8648103e-02,  2.0178486e-01,  5.7506329e-01,  2.8890222e-01,
         6.7668721e-02,  2.8193966e-01,  4.2769992e-01,  3.9505059e-01,
         1.2027668e-01,  1.0000000e+00]], dtype=float32), activation=array([[[27.209099  , -0.14518966, -0.12154488, -0.08107574,
         -0.1003262 , -0.10473896, -0.10156608, -0.10865948,
         -0.14935888, -0.2107971 , -0.23938125, -0.23234472,
         -0.1813812 , -0.14560416, -0.15206906, -0.16865465,
         -0.16794372]]], dtype=float32), h_activation=array([[[2.868627  , 3.5289333 , 0.7123747 , 3.7919245 , 4.561243  ,
         3.4568837 , 0.10766858, 1.1992711 , 2.6729565 , 2.6733727 ]]],
      dtype=float32), o_activation=array([[[27.209099  , -0.14518966, -0.12154488, -0.08107574,
         -0.1003262 , -0.10473896, -0.10156608, -0.10865948,
         -0.14935888, -0.2107971 , -0.23938125, -0.23234472,
         -0.1813812 , -0.14560416, -0.15206906, -0.16865465,
         -0.16794372]]], dtype=float32), reward=1), transition(observation=array([[ 0.96718484, -0.10281259,  0.04646006,  0.06109561,  0.11331492,
        -0.00138622,  0.01622366,  0.14948496,  0.01255441,  0.2597571 ,
         0.6396803 ,  0.31432378, -0.0663567 ,  0.06657025,  0.07965524,
         0.14928794,  0.11342344, -0.14349017,  0.03259049,  0.25191596,
         0.05434772,  0.00175448, -0.04030402,  0.09726455,  0.05657465,
         0.18143949,  0.40759054,  0.23180999,  0.11271838,  0.08145617,
         0.33576474,  0.17975616, -0.04089208,  1.        ]],
      dtype=float32), activation=array([[[25.301785  , -0.14039902, -0.15334095, -0.14507712,
         -0.16849907, -0.19424936, -0.15724751, -0.10573988,
         -0.10646158, -0.11289743, -0.14191389, -0.17772013,
         -0.16530432, -0.14131534, -0.1357448 , -0.15773532,
         -0.16057172]]], dtype=float32), h_activation=array([[[ 3.2492108e+00,  3.8502975e+00, -7.9737481e-04,  5.7318420e+00,
          6.1123457e+00,  3.3566089e+00,  3.8071054e-01,  9.9556291e-01,
          5.0611529e+00,  2.2870560e+00]]], dtype=float32), o_activation=array([[[25.301785  , -0.14039902, -0.15334095, -0.14507712,
         -0.16849907, -0.19424936, -0.15724751, -0.10573988,
         -0.10646158, -0.11289743, -0.14191389, -0.17772013,
         -0.16530432, -0.14131534, -0.1357448 , -0.15773532,
         -0.16057172]]], dtype=float32), reward=1), transition(observation=array([[ 1.0187941e+00,  5.0626483e-02, -8.1852384e-02, -7.2018653e-02,
        -1.4514239e-01,  7.1667845e-04, -1.9331057e-01, -1.1199906e-01,
         2.2660738e-01,  3.1811145e-01,  6.6215354e-01,  3.2029408e-01,
         1.5054077e-01,  1.0970113e-01,  1.8115440e-01,  1.0832118e-01,
        -6.0148910e-02, -1.9849283e-03,  1.1673599e-01,  3.4375153e-02,
        -1.8311581e-02, -6.4512342e-03,  2.2908495e-01,  7.1046688e-02,
         3.8800359e-02,  2.5882056e-01,  6.5599555e-01,  2.7798471e-01,
         4.9868111e-02,  2.3361093e-01,  3.7537643e-01,  3.1480467e-01,
         2.4316283e-01,  1.0000000e+00]], dtype=float32), activation=array([[[23.498735  , -0.14951214, -0.15338938, -0.1237928 ,
         -0.15601304, -0.19728799, -0.14439178, -0.09916183,
         -0.13183281, -0.10358373, -0.09209501, -0.16600837,
         -0.21049815, -0.18035366, -0.14633192, -0.15416774,
         -0.15250736]]], dtype=float32), h_activation=array([[[ 3.7755594 ,  4.401391  , -0.01717331,  5.4012303 ,
          8.326476  ,  5.0645604 ,  0.9994469 ,  0.42229965,
          6.4045444 ,  2.6077049 ]]], dtype=float32), o_activation=array([[[23.498735  , -0.14951214, -0.15338938, -0.1237928 ,
         -0.15601304, -0.19728799, -0.14439178, -0.09916183,
         -0.13183281, -0.10358373, -0.09209501, -0.16600837,
         -0.21049815, -0.18035366, -0.14633192, -0.15416774,
         -0.15250736]]], dtype=float32), reward=1), transition(observation=array([[ 1.04554677e+00,  5.26153191e-04,  7.48208612e-02,
        -1.50102645e-01,  3.25909667e-02,  2.27303188e-02,
         4.90333214e-02,  1.77572832e-01,  9.35234781e-03,
         2.71836787e-01,  5.37726820e-01,  3.42779338e-01,
         2.47092679e-01,  1.80998594e-02,  1.92995012e-01,
        -2.06832662e-02,  8.07565898e-02,  4.38593440e-02,
         8.99333432e-02,  2.80366749e-01, -1.96459442e-01,
        -5.71795797e-04,  1.71022773e-01,  5.38642593e-02,
         1.62358955e-02,  2.85686076e-01,  3.29133660e-01,
         2.12394550e-01,  1.76752910e-01,  1.15411863e-01,
         3.24455172e-01,  1.55425057e-01, -1.21465325e-01,
         1.00000000e+00]], dtype=float32), activation=array([[[25.771366  , -0.15476233, -0.19056122, -0.19705863,
         -0.24101938, -0.2902115 , -0.21510214, -0.13644287,
         -0.12748127, -0.05291369, -0.04855679, -0.1373639 ,
         -0.19161993, -0.16641162, -0.13440217, -0.1551295 ,
         -0.15842861]]], dtype=float32), h_activation=array([[[ 3.9792850e+00,  4.1508269e+00, -3.9039606e-03,  5.2364225e+00,
          8.9694033e+00,  5.2389884e+00,  7.9854327e-01,  3.6793411e-02,
          8.1432638e+00,  2.5739813e+00]]], dtype=float32), o_activation=array([[[25.771366  , -0.15476233, -0.19056122, -0.19705863,
         -0.24101938, -0.2902115 , -0.21510214, -0.13644287,
         -0.12748127, -0.05291369, -0.04855679, -0.1373639 ,
         -0.19161993, -0.16641162, -0.13440217, -0.1551295 ,
         -0.15842861]]], dtype=float32), reward=1), transition(observation=array([[ 0.97023076, -0.10132425, -0.1469651 , -0.03217234, -0.08753574,
        -0.06225477, -0.06126781,  0.12628981,  0.22450349,  0.41173574,
         0.759054  ,  0.45627195,  0.06808382,  0.27521852,  0.1908437 ,
         0.15181766,  0.10816216,  0.12708165,  0.08739553, -0.00125966,
        -0.06622342,  0.10711941, -0.05036191,  0.02542094,  0.05343886,
         0.18567652,  0.3903711 ,  0.27419662,  0.1121903 ,  0.21256228,
         0.5179151 ,  0.22986262,  0.11989611,  1.        ]],
      dtype=float32), activation=array([[[23.87887   , -0.13594463, -0.17693727, -0.19876136,
         -0.26057225, -0.2814668 , -0.18296279, -0.12615621,
         -0.15256463, -0.08347645, -0.05699502, -0.13179632,
         -0.20079003, -0.18402137, -0.15516067, -0.17190565,
         -0.15798874]]], dtype=float32), h_activation=array([[[ 3.9687448e+00,  3.9984708e+00, -1.0072742e-02,  5.9915977e+00,
          1.0831713e+01,  6.2409081e+00,  1.7217867e+00, -1.1622853e-02,
          9.3720436e+00,  1.8312696e+00]]], dtype=float32), o_activation=array([[[23.87887   , -0.13594463, -0.17693727, -0.19876136,
         -0.26057225, -0.2814668 , -0.18296279, -0.12615621,
         -0.15256463, -0.08347645, -0.05699502, -0.13179632,
         -0.20079003, -0.18402137, -0.15516067, -0.17190565,
         -0.15798874]]], dtype=float32), reward=1), transition(observation=array([[0., 0., 0., 0., 0., 0., 0., 0., 0., 0., 0., 0., 0., 0., 0., 0.,
        0., 0., 0., 0., 0., 0., 0., 0., 0., 0., 0., 0., 0., 0., 0., 0.,
        0., 1.]], dtype=float32), activation=array([[[-1.42029583e-01, -1.55677525e-02, -7.49808103e-02,
         -1.11189239e-01, -1.60924673e-01, -2.19644442e-01,
         -8.46322030e-02,  1.00139928e+00,  1.88095117e+00,
          1.59233017e+01,  2.29062290e+01,  1.27357750e+01,
          1.13919091e+00,  1.99169779e+00,  5.15754747e+00,
          3.08884907e+00,  1.93181038e+00]]], dtype=float32), h_activation=array([[[ 2.8646495e+00,  2.3544822e+00, -2.7634555e-03,  4.3401413e+00,
          8.0162601e+00,  4.3984666e+00,  2.5899432e+00, -9.8515686e-04,
          7.9144320e+00,  1.5735335e+00]]], dtype=float32), o_activation=array([[[-1.42029583e-01, -1.55677525e-02, -7.49808103e-02,
         -1.11189239e-01, -1.60924673e-01, -2.19644442e-01,
         -8.46322030e-02,  1.00139928e+00,  1.88095117e+00,
          1.59233017e+01,  2.29062290e+01,  1.27357750e+01,
          1.13919091e+00,  1.99169779e+00,  5.15754747e+00,
          3.08884907e+00,  1.93181038e+00]]], dtype=float32), reward=1), transition(observation=array([[0., 0., 0., 0., 0., 0., 0., 0., 0., 0., 0., 0., 0., 0., 0., 0.,
        0., 0., 0., 0., 0., 0., 0., 0., 0., 0., 0., 0., 0., 0., 0., 0.,
        0., 1.]], dtype=float32), activation=array([[[-1.1515632e-01, -1.3959073e-02, -3.7718806e-02, -6.5714173e-02,
         -1.2433833e-01, -1.7259993e-01, -8.3174035e-02, -1.9692838e-02,
         -1.2144160e-03,  1.1810766e+01,  1.7429604e+01,  9.8654823e+00,
          1.0711718e+00,  1.0220089e+00,  3.4352593e+00,  2.1375785e+00,
          6.8727207e-01]]], dtype=float32), h_activation=array([[[ 1.9424844e+00,  1.3311405e+00,  1.1204755e-01,  3.3747587e+00,
          5.7674165e+00,  3.0560780e+00,  2.7344670e+00, -1.1782413e-03,
          6.3489437e+00,  1.3890440e+00]]], dtype=float32), o_activation=array([[[-1.1515632e-01, -1.3959073e-02, -3.7718806e-02, -6.5714173e-02,
         -1.2433833e-01, -1.7259993e-01, -8.3174035e-02, -1.9692838e-02,
         -1.2144160e-03,  1.1810766e+01,  1.7429604e+01,  9.8654823e+00,
          1.0711718e+00,  1.0220089e+00,  3.4352593e+00,  2.1375785e+00,
          6.8727207e-01]]], dtype=float32), reward=1)], success=True), configuration(episode=49, buffer=[transition(observation=array([[1., 0., 0., 0., 0., 0., 0., 0., 0., 0., 0., 0., 0., 0., 0., 0.,
        0., 0., 0., 0., 0., 0., 0., 0., 0., 0., 0., 0., 0., 0., 0., 0.,
        0., 1.]], dtype=float32), activation=array([[[22.06819   , -0.16423194, -0.09829667, -0.0684431 ,
         -0.08563564, -0.08378637, -0.07823429, -0.07916434,
         -0.07612116, -0.08751891, -0.13224255, -0.16178848,
         -0.12346218, -0.08102608, -0.10995874, -0.18023862,
         -0.20943384]]], dtype=float32), h_activation=array([[[ 0.7566331 ,  0.86678445,  0.876579  ,  1.1590619 ,
          0.4522693 ,  0.68814313, -0.00902339,  0.8538044 ,
          0.02913611,  0.7585149 ]]], dtype=float32), o_activation=array([[[22.06819   , -0.16423194, -0.09829667, -0.0684431 ,
         -0.08563564, -0.08378637, -0.07823429, -0.07916434,
         -0.07612116, -0.08751891, -0.13224255, -0.16178848,
         -0.12346218, -0.08102608, -0.10995874, -0.18023862,
         -0.20943384]]], dtype=float32), reward=1), transition(observation=array([[1., 0., 0., 0., 0., 0., 0., 0., 0., 0., 0., 0., 0., 0., 0., 0.,
        0., 0., 0., 0., 0., 0., 0., 0., 0., 0., 0., 0., 0., 0., 0., 0.,
        0., 1.]], dtype=float32), activation=array([[[21.337822  , -0.1491693 , -0.10197385, -0.06717525,
         -0.07688909, -0.09120708, -0.08393563, -0.07479876,
         -0.07536136, -0.09905721, -0.1364056 , -0.15782735,
         -0.11842414, -0.08629068, -0.10938227, -0.1589372 ,
         -0.1784776 ]]], dtype=float32), h_activation=array([[[ 1.3947372 ,  1.4963942 ,  1.4212117 ,  1.9371545 ,
          0.90128696,  1.2210518 , -0.00731216,  1.5029242 ,
          0.27260917,  1.3240087 ]]], dtype=float32), o_activation=array([[[21.337822  , -0.1491693 , -0.10197385, -0.06717525,
         -0.07688909, -0.09120708, -0.08393563, -0.07479876,
         -0.07536136, -0.09905721, -0.1364056 , -0.15782735,
         -0.11842414, -0.08629068, -0.10938227, -0.1589372 ,
         -0.1784776 ]]], dtype=float32), reward=1), transition(observation=array([[1., 0., 0., 0., 0., 0., 0., 0., 0., 0., 0., 0., 0., 0., 0., 0.,
        0., 0., 0., 0., 0., 0., 0., 0., 0., 0., 0., 0., 0., 0., 0., 0.,
        0., 1.]], dtype=float32), activation=array([[[20.68046   , -0.13755868, -0.10401591, -0.06871266,
         -0.07417372, -0.09812391, -0.0886594 , -0.07560153,
         -0.07856067, -0.10717329, -0.13592362, -0.1510574 ,
         -0.11374426, -0.09014434, -0.10846997, -0.14474139,
         -0.15768147]]], dtype=float32), h_activation=array([[[ 1.9113798 ,  1.9336143 ,  1.733639  ,  2.4304285 ,
          1.3138043 ,  1.6161711 , -0.00559584,  1.9876068 ,
          0.6261538 ,  1.7347419 ]]], dtype=float32), o_activation=array([[[20.68046   , -0.13755868, -0.10401591, -0.06871266,
         -0.07417372, -0.09812391, -0.0886594 , -0.07560153,
         -0.07856067, -0.10717329, -0.13592362, -0.1510574 ,
         -0.11374426, -0.09014434, -0.10846997, -0.14474139,
         -0.15768147]]], dtype=float32), reward=1), transition(observation=array([[ 0.9717007 ,  0.23602493,  0.25661978,  0.4702732 ,  0.16196573,
        -0.14202535,  0.05808464, -0.04196812,  0.14961894,  0.07873069,
         0.06261259, -0.11839496, -0.07481354,  0.17852254,  0.19216624,
         0.5540208 ,  0.34763387,  0.18237942,  0.43248612,  0.7343535 ,
         0.27592927,  0.06279403,  0.05698783,  0.0386847 ,  0.14200793,
         0.09544715, -0.11921717, -0.02535773, -0.03395454,  0.02345728,
         0.22089243,  0.22167727,  0.0125536 ,  1.        ]],
      dtype=float32), activation=array([[[28.502693  , -0.2322176 , -0.18958162, -0.1419696 ,
         -0.13554297, -0.1369695 , -0.12099393, -0.12100057,
         -0.14787062, -0.16777188, -0.15831138, -0.15680878,
         -0.14782439, -0.15624706, -0.17763229, -0.22927716,
         -0.24780825]]], dtype=float32), h_activation=array([[[2.913981 , 2.1847625, 2.5199356, 4.5526285, 2.5078049,
         1.9036578, 2.5119996, 4.7382975, 0.1110478, 2.664701 ]]],
      dtype=float32), o_activation=array([[[28.502693  , -0.2322176 , -0.18958162, -0.1419696 ,
         -0.13554297, -0.1369695 , -0.12099393, -0.12100057,
         -0.14787062, -0.16777188, -0.15831138, -0.15680878,
         -0.14782439, -0.15624706, -0.17763229, -0.22927716,
         -0.24780825]]], dtype=float32), reward=1), transition(observation=array([[ 1.0226479 ,  0.17288217,  0.17063405,  0.619811  ,  0.13211805,
         0.21999444, -0.0382527 ,  0.05091472,  0.1100489 ,  0.17662665,
        -0.05426697, -0.07165541,  0.04851446,  0.19661297,  0.19714859,
         0.41504055,  0.16839568,  0.15805104,  0.23443314,  0.61567783,
         0.3438315 ,  0.03294108,  0.06454546,  0.08400767,  0.04626096,
        -0.14382677,  0.038069  , -0.07873468, -0.253646  ,  0.09076602,
         0.08608356,  0.2216126 , -0.01328747,  1.        ]],
      dtype=float32), activation=array([[[32.69155   , -0.19078173, -0.15291864, -0.11066388,
         -0.14193508, -0.21757646, -0.2346967 , -0.209623  ,
         -0.20006414, -0.1986638 , -0.1647846 , -0.16894424,
         -0.16044198, -0.15988767, -0.14461611, -0.1553964 ,
         -0.17676736]]], dtype=float32), h_activation=array([[[ 3.4499474 ,  2.2452319 ,  2.2998998 ,  5.238383  ,
          2.3364577 ,  1.7805277 ,  3.6860166 ,  6.1983795 ,
         -0.00721355,  2.9101505 ]]], dtype=float32), o_activation=array([[[32.69155   , -0.19078173, -0.15291864, -0.11066388,
         -0.14193508, -0.21757646, -0.2346967 , -0.209623  ,
         -0.20006414, -0.1986638 , -0.1647846 , -0.16894424,
         -0.16044198, -0.15988767, -0.14461611, -0.1553964 ,
         -0.17676736]]], dtype=float32), reward=1), transition(observation=array([[ 0.95602304,  0.04094989,  0.29815108,  0.2035316 ,  0.24482206,
        -0.0511904 , -0.01271624, -0.08312017,  0.04495858,  0.10717653,
         0.00768531, -0.06498463, -0.01243657,  0.01452272,  0.3044984 ,
         0.35546586,  0.40881646,  0.1335359 ,  0.34975526,  0.6210509 ,
         0.36252323,  0.07355232, -0.12599684,  0.11003733,  0.06762218,
         0.09413234,  0.13815929,  0.03974212,  0.06349999, -0.22557838,
         0.11092535, -0.00763429,  0.05380046,  1.        ]],
      dtype=float32), activation=array([[[29.652016  , -0.16291599, -0.1075175 , -0.04938863,
         -0.0874514 , -0.18842745, -0.24543609, -0.24094741,
         -0.21924774, -0.20714791, -0.14886156, -0.14617327,
         -0.13831672, -0.14665733, -0.11999913, -0.12288809,
         -0.1522833 ]]], dtype=float32), h_activation=array([[[ 3.7209795e+00,  3.0374572e+00,  2.5200322e+00,  6.2594905e+00,
          2.8692815e+00,  2.2066598e+00,  4.9464817e+00,  7.5256815e+00,
         -9.1139693e-04,  3.1672823e+00]]], dtype=float32), o_activation=array([[[29.652016  , -0.16291599, -0.1075175 , -0.04938863,
         -0.0874514 , -0.18842745, -0.24543609, -0.24094741,
         -0.21924774, -0.20714791, -0.14886156, -0.14617327,
         -0.13831672, -0.14665733, -0.11999913, -0.12288809,
         -0.1522833 ]]], dtype=float32), reward=1), transition(observation=array([[ 0.9305951 ,  0.00503671,  0.1467545 ,  0.26410443,  0.19986472,
         0.13032089,  0.06634094,  0.08421952, -0.08258612,  0.10292406,
         0.03584193,  0.09882717, -0.00605168, -0.01473111,  0.32311204,
         0.3491534 ,  0.3648169 ,  0.15882607,  0.3259028 ,  0.7020832 ,
         0.39767244,  0.18391328,  0.08515152,  0.15759996, -0.01484437,
        -0.09110437,  0.13353328,  0.05882524, -0.05806263, -0.18493226,
         0.12221517,  0.09291779,  0.08047719,  1.        ]],
      dtype=float32), activation=array([[[31.081345  , -0.13318114, -0.08929049, -0.03796268,
         -0.08798736, -0.2200101 , -0.30184788, -0.2888277 ,
         -0.23823291, -0.2154373 , -0.15210658, -0.15301912,
         -0.14791784, -0.14977396, -0.09947577, -0.07849753,
         -0.1095795 ]]], dtype=float32), h_activation=array([[[3.5132744 , 3.4539297 , 2.7776926 , 7.443996  , 2.7697356 ,
         2.3615458 , 5.1996636 , 8.205756  , 0.97894657, 2.592496  ]]],
      dtype=float32), o_activation=array([[[31.081345  , -0.13318114, -0.08929049, -0.03796268,
         -0.08798736, -0.2200101 , -0.30184788, -0.2888277 ,
         -0.23823291, -0.2154373 , -0.15210658, -0.15301912,
         -0.14791784, -0.14977396, -0.09947577, -0.07849753,
         -0.1095795 ]]], dtype=float32), reward=1), transition(observation=array([[ 1.0355809 ,  0.16923384,  0.10854127,  0.21892709,  0.43449324,
         0.17286256, -0.10347522, -0.07224454,  0.16933315, -0.00275957,
         0.16402373, -0.04407934,  0.01618234,  0.05177819,  0.24607867,
         0.44363183,  0.2604416 ,  0.07752351,  0.38403496,  0.7242817 ,
         0.4466111 , -0.16634329, -0.02880156, -0.0910114 ,  0.17592666,
        -0.02283766,  0.00885535, -0.01770993,  0.06073944, -0.01267415,
         0.07314906,  0.08038766, -0.05033651,  1.        ]],
      dtype=float32), activation=array([[[33.06177   , -0.1584638 , -0.12197471, -0.062788  ,
         -0.10158534, -0.22173241, -0.2978267 , -0.30156508,
         -0.27505788, -0.25306332, -0.1567642 , -0.15606079,
         -0.17469724, -0.17596431, -0.10406852, -0.07657278,
         -0.11871223]]], dtype=float32), h_activation=array([[[3.997572  , 4.917145  , 2.514941  , 8.122189  , 2.6754496 ,
         2.7374017 , 5.378636  , 8.781962  , 0.47825763, 2.688069  ]]],
      dtype=float32), o_activation=array([[[33.06177   , -0.1584638 , -0.12197471, -0.062788  ,
         -0.10158534, -0.22173241, -0.2978267 , -0.30156508,
         -0.27505788, -0.25306332, -0.1567642 , -0.15606079,
         -0.17469724, -0.17596431, -0.10406852, -0.07657278,
         -0.11871223]]], dtype=float32), reward=1), transition(observation=array([[0., 0., 0., 0., 0., 0., 0., 0., 0., 0., 0., 0., 0., 0., 0., 0.,
        0., 0., 0., 0., 0., 0., 0., 0., 0., 0., 0., 0., 0., 0., 0., 0.,
        0., 1.]], dtype=float32), activation=array([[[-5.0439887e-02,  5.2836905e+00,  5.5873036e+00,  1.2838035e+01,
          1.3022170e+01, -3.3875149e-02, -1.5733691e-01, -1.6908476e-01,
         -1.0876678e-01, -7.9723641e-02, -1.3093471e-04, -4.6829940e-03,
         -1.1596860e-02,  1.6947889e-01,  8.1833010e+00,  1.6197367e+01,
          1.3748362e+01]]], dtype=float32), h_activation=array([[[2.9026124, 3.759546 , 2.301922 , 6.5144076, 2.0537734,
         2.0422566, 4.7004194, 6.3988514, 1.0425184, 2.223258 ]]],
      dtype=float32), o_activation=array([[[-5.0439887e-02,  5.2836905e+00,  5.5873036e+00,  1.2838035e+01,
          1.3022170e+01, -3.3875149e-02, -1.5733691e-01, -1.6908476e-01,
         -1.0876678e-01, -7.9723641e-02, -1.3093471e-04, -4.6829940e-03,
         -1.1596860e-02,  1.6947889e-01,  8.1833010e+00,  1.6197367e+01,
          1.3748362e+01]]], dtype=float32), reward=1), transition(observation=array([[0., 0., 0., 0., 0., 0., 0., 0., 0., 0., 0., 0., 0., 0., 0., 0.,
        0., 0., 0., 0., 0., 0., 0., 0., 0., 0., 0., 0., 0., 0., 0., 0.,
        0., 1.]], dtype=float32), activation=array([[[-5.5450216e-02,  3.4905725e+00,  4.3988833e+00,  1.0666458e+01,
          1.0166572e+01, -2.6548419e-02, -1.1979285e-01, -1.2338441e-01,
         -7.6781034e-02, -5.2596577e-02,  2.8555489e-01, -6.4850519e-03,
         -1.1495309e-02, -3.6118745e-03,  5.4813786e+00,  1.2147402e+01,
          1.0387421e+01]]], dtype=float32), h_activation=array([[[2.092043 , 2.9474936, 2.2590349, 5.421743 , 1.4920013,
         1.5627794, 3.8569045, 4.669841 , 1.1744007, 1.9210906]]],
      dtype=float32), o_activation=array([[[-5.5450216e-02,  3.4905725e+00,  4.3988833e+00,  1.0666458e+01,
          1.0166572e+01, -2.6548419e-02, -1.1979285e-01, -1.2338441e-01,
         -7.6781034e-02, -5.2596577e-02,  2.8555489e-01, -6.4850519e-03,
         -1.1495309e-02, -3.6118745e-03,  5.4813786e+00,  1.2147402e+01,
          1.0387421e+01]]], dtype=float32), reward=1)], success=True)]"
